148 0 -6.10308 -8.24251 1.53451 -5.02094 -9.28125 -7.18522 -7.20377 -1 -1 -1 -1 1 -1 5 6 
21 0 -7.35531 -6.45253 -0.092345 -6.27809 -7.49637 -8.43253 -5.40869 -1 -1 -1 -1 1 -1 5 6 
42 0 -7.05229 -9.14333 -0.0685787 -5.58651 -8.82479 -8.51808 -9.46188 -1 -1 -1 -1 1 -1 5 6 
104 0 -8.20067 -9.6275 -0.0464703 -6.73687 -9.29995 -9.66447 -9.95505 -1 -1 -1 -1 1 -1 5 6 
204 0 -8.04674 -8.73323 0.0898347 -6.59919 -8.34005 -9.4943 -9.1264 -1 -1 -1 -1 1 -1 5 6 
143 0 -9.66706 -7.72363 0.0057508 -9.50142 -6.2328 -9.8327 -9.21446 -1 -1 -1 -1 1 -1 5 6 
65 0 -8.80162 -6.79588 1.50376 -9.05877 -8.27367 -8.54447 -5.31808 -1 -1 -1 -1 1 -1 5 6 
108 1 -9.08093 -2.96936 1.57308 -8.73617 -4.4292 -9.42569 -1.50951 -1 -1 -1 0 2 5 6 7 
24 1 -9.53982 -3.61878 1.49928 -9.688 -5.11144 -9.39163 -2.12611 -1 -1 -1 0 2 5 6 7 
103 1 -6.61872 -2.93352 -0.00949416 -6.70578 -4.43099 -6.53166 -1.43605 -1 -1 -1 0 2 5 6 7 
125 1 -7.05383 -5.49642 -0.0866852 -8.48695 -5.05353 -5.6207 -5.93931 -1 -1 -1 0 2 5 6 7 
109 1 -7.69711 -2.37965 1.54238 -7.56572 -0.885417 -7.82849 -3.87389 -1 -1 -1 0 2 5 6 7 
69 1 -9.40992 -5.63201 1.65286 -9.42825 -7.13189 -9.39159 -4.13212 -1 -1 -1 0 2 5 6 7 
89 1 -8.9855 -2.51786 1.5963 -8.58585 -3.96364 -9.38515 -1.07208 -1 -1 -1 0 2 5 6 7 
28 1 -7.8402 -4.8018 1.47188 -6.35249 -4.61017 -9.3279 -4.99343 -1 -1 -1 0 2 5 6 7 
27 1 -9.73027 -2.22553 1.51453 -9.72956 -3.72553 -9.73097 -0.725535 -1 -1 -1 0 2 5 6 7 
71 1 -6.91432 -5.97947 1.61523 -5.53427 -6.56724 -8.29436 -5.39169 -1 -1 -1 0 2 5 6 7 
50 2 -8.60466 -0.308818 1.49607 -8.79737 -1.79639 -8.41195 1.17875 -1 -1 -1 1 3 6 7 8 
53 2 -7.92783 0.602442 1.64356 -8.22379 2.07296 -7.63188 -0.868071 -1 -1 -1 1 3 6 7 8 
49 2 -7.20934 -1.84429 1.53819 -6.76343 -3.27648 -7.65525 -0.4121 -1 -1 -1 1 3 6 7 8 
22 2 -6.6977 -0.270624 1.51221 -7.03981 -1.73109 -6.35558 1.18984 -1 -1 -1 1 3 6 7 8 
151 2 -9.0085 0.582627 1.51143 -8.98858 2.08249 -9.02842 -0.917241 -1 -1 -1 1 3 6 7 8 
124 2 -8.57731 -0.955621 -0.0693766 -8.32496 0.523 -8.82966 -2.43424 -1 -1 -1 1 3 6 7 8 
46 2 -8.03849 -1.472 1.51621 -8.1917 -2.96416 -7.88528 0.0201534 -1 -1 -1 1 3 6 7 8 
38 2 -9.80131 0.860598 1.66868 -9.82891 2.36034 -9.77371 -0.639148 -1 -1 -1 1 3 6 7 8 
130 2 -7.81988 1.05223 1.60474 -7.58398 -0.429109 -8.05578 2.53356 -1 -1 -1 1 3 6 7 8 
111 2 -7.53891 0.549748 1.54961 -7.19398 -0.910056 -7.88383 2.00955 -1 -1 -1 1 3 6 7 8 
167 2 -8.40319 1.93549 -0.00214141 -8.81357 3.37826 -7.9928 0.49272 -1 -1 -1 1 3 6 7 8 
35 3 -9.34033 5.53297 1.57487 -9.39738 7.03189 -9.28328 4.03406 -1 -1 -1 2 4 7 8 9 
51 3 -8.85303 2.88115 1.51942 -8.9671 1.38549 -8.73895 4.3768 -1 -1 -1 2 4 7 8 9 
29 3 -9.2317 2.20227 1.57246 -9.43107 0.715579 -9.03232 3.68896 -1 -1 -1 2 4 7 8 9 
127 3 -9.82984 3.5143 1.60202 -9.88508 2.01532 -9.7746 5.01328 -1 -1 -1 2 4 7 8 9 
30 3 -7.75025 4.23881 1.53668 -7.16349 2.85834 -8.33702 5.61928 -1 -1 -1 2 4 7 8 9 
149 3 -8.11931 5.65428 1.54739 -8.5909 7.07822 -7.64772 4.23034 -1 -1 -1 2 4 7 8 9 
26 3 -9.39261 3.25154 1.57237 -9.71847 1.78736 -9.06675 4.71572 -1 -1 -1 2 4 7 8 9 
45 3 -7.20963 2.04638 1.63561 -7.72762 3.4541 -6.69163 0.638657 -1 -1 -1 2 4 7 8 9 
75 3 -8.49666 5.66275 1.66739 -8.61891 7.15776 -8.3744 4.16774 -1 -1 -1 2 4 7 8 9 
58 3 -7.23484 5.19368 -0.0321181 -6.87453 3.7376 -7.59516 6.64976 -1 -1 -1 2 4 7 8 9 
113 3 -7.13704 2.10815 1.61256 -7.60863 3.53208 -6.66544 0.684209 -1 -1 -1 2 4 7 8 9 
98 3 -6.77257 5.97652 0.0357864 -7.44322 7.31825 -6.10192 4.6348 -1 -1 -1 2 4 7 8 9 
93 4 -8.99264 6.66776 1.57299 -8.68357 8.13558 -9.30172 5.19995 -1 -1 -1 3 -1 8 9 -1 
110 4 -6.70813 8.05192 1.47668 -5.35876 7.39679 -8.05749 8.70706 -1 -1 -1 3 -1 8 9 -1 
94 4 -7.55138 8.99042 1.49327 -9.04825 9.08738 -6.05452 8.89345 -1 -1 -1 3 -1 8 9 -1 
52 4 -8.44093 9.49749 1.65249 -9.90397 9.8284 -6.97788 9.16658 -1 -1 -1 3 -1 8 9 -1 
56 4 -6.32237 9.42753 1.5693 -7.71952 9.97338 -4.92521 8.88168 -1 -1 -1 3 -1 8 9 -1 
174 4 -7.60363 9.46023 -0.0158582 -9.09038 9.65917 -6.11688 9.26129 -1 -1 -1 3 -1 8 9 -1 
57 4 -9.83908 6.85144 1.5693 -9.82666 8.35138 -9.85149 5.35149 -1 -1 -1 3 -1 8 9 -1 
36 4 -8.82249 8.76016 1.51514 -9.92656 9.77556 -7.71842 7.74476 -1 -1 -1 3 -1 8 9 -1 
54 4 -8.14663 6.6289 1.57851 -8.35159 8.11483 -7.94166 5.14297 -1 -1 -1 3 -1 8 9 -1 
197 4 -6.77735 6.41297 -0.0313854 -7.31704 7.81251 -6.23766 5.01342 -1 -1 -1 3 -1 8 9 -1 
33 4 -7.57935 6.25962 1.57137 -7.78581 7.74534 -7.37289 4.77389 -1 -1 -1 3 -1 8 9 -1 
82 5 -4.9693 -8.07075 -0.0667708 -3.4942 -8.34292 -6.4444 -7.79858 -1 0 1 -1 6 -1 10 11 
25 5 -4.82883 -8.445 1.51782 -6.26313 -8.00594 -3.39452 -8.88406 -1 0 1 -1 6 -1 10 11 
126 5 -3.0249 -7.29541 -0.0866852 -1.90279 -8.29083 -4.14702 -6.29999 -1 0 1 -1 6 -1 10 11 
62 5 -4.5125 -8.02367 -0.0838541 -3.07059 -8.43706 -5.95441 -7.61028 -1 0 1 -1 6 -1 10 11 
243 5 -4.94023 -7.24055 -0.00534277 -6.17667 -6.39131 -3.70379 -8.0898 -1 0 1 -1 6 -1 10 11 
106 5 -3.75049 -9.79706 1.52942 -2.25217 -9.8681 -5.24881 -9.72601 -1 0 1 -1 6 -1 10 11 
163 5 -3.90892 -8.39184 0.000652872 -2.43361 -8.66287 -5.38423 -8.1208 -1 0 1 -1 6 -1 10 11 
44 5 -2.40794 -7.29739 1.57057 -1.2676 -8.27188 -3.54827 -6.3229 -1 0 1 -1 6 -1 10 11 
43 5 -3.14021 -9.37107 1.57954 -4.63762 -9.28284 -1.64281 -9.45929 -1 0 1 -1 6 -1 10 11 
41 5 -3.5174 -7.83206 -0.0685787 -2.15525 -8.4602 -4.87955 -7.20393 -1 0 1 -1 6 -1 10 11 
23 5 -3.42531 -6.83543 1.50767 -4.61556 -5.92257 -2.23506 -7.74828 -1 0 1 -1 6 -1 10 11 
227 5 -3.19144 -7.72278 0.08476 -4.52689 -7.03972 -1.85599 -8.40584 -1 0 1 -1 6 -1 10 11 
102 5 -2.12712 -9.27037 -0.0897456 -3.57885 -8.8929 -0.675388 -9.64783 -1 0 1 -1 6 -1 10 11 
146 5 -3.1089 -6.38456 -0.0290627 -4.12542 -5.28152 -2.09238 -7.4876 -1 0 1 -1 6 -1 10 11 
101 5 -5.5976 -7.22237 0.0132319 -4.24125 -7.86291 -6.95396 -6.58182 -1 0 1 -1 6 -1 10 11 
63 5 -2.18822 -8.81451 -0.0838541 -0.709632 -9.06703 -3.66682 -8.56199 -1 0 1 -1 6 -1 10 11 
188 6 -2.89941 -3.48695 0.0938717 -3.46757 -2.09872 -2.33125 -4.87519 0 1 2 5 7 10 11 12 
122 6 -4.92617 -5.514 0.0960758 -5.3023 -4.06192 -4.55004 -6.96608 0 1 2 5 7 10 11 12 
91 6 -3.83555 -2.44548 1.57205 -4.65407 -1.18849 -3.01703 -3.70247 0 1 2 5 7 10 11 12 
32 6 -4.34889 -2.35095 1.53486 -3.68459 -3.69582 -5.0132 -1.00607 0 1 2 5 7 10 11 12 
107 6 -4.29537 -3.84281 1.55838 -3.90915 -5.29224 -4.68158 -2.39339 0 1 2 5 7 10 11 12 
153 6 -4.7724 -3.01852 0.0944598 -4.56729 -4.50443 -4.97751 -1.53261 0 1 2 5 7 10 11 12 
84 6 -5.78549 -2.8273 -0.0484298 -6.21398 -1.3898 -5.357 -4.26479 0 1 2 5 7 10 11 12 
121 6 -5.10717 -5.72324 0.00172069 -4.93097 -7.21286 -5.28338 -4.23363 0 1 2 5 7 10 11 12 
187 6 -2.68288 -3.65056 -0.0401799 -3.36368 -2.31395 -2.00209 -4.98716 0 1 2 5 7 10 11 12 
207 6 -2.42716 -3.27378 0.0828931 -3.2001 -1.98826 -1.65422 -4.5593 0 1 2 5 7 10 11 12 
66 6 -5.8153 -3.49776 1.61439 -5.49002 -4.96207 -6.14058 -2.03346 0 1 2 5 7 10 11 12 
70 6 -2.6284 -5.58657 1.57811 -1.50606 -6.58173 -3.75075 -4.59142 0 1 2 5 7 10 11 12 
247 6 -2.62449 -5.09078 0.0105635 -3.60901 -3.95909 -1.63998 -6.22248 0 1 2 5 7 10 11 12 
183 6 -5.5344 -2.44825 0.0928546 -5.8099 -0.97377 -5.25891 -3.92274 0 1 2 5 7 10 11 12 
61 6 -5.82415 -5.18684 -0.0551714 -6.44592 -3.82178 -5.20238 -6.55191 0 1 2 5 7 10 11 12 
55 7 -4.66865 0.739431 1.65656 -5.61855 1.90033 -3.71874 -0.421464 1 2 3 6 8 11 12 13 
74 7 -3.42118 0.38537 1.64626 -4.5338 1.3914 -2.30857 -0.620658 1 2 3 6 8 11 12 13 
34 7 -4.11619 0.491662 1.53506 -3.22418 -0.714291 -5.00819 1.69762 1 2 3 6 8 11 12 13 
169 7 -4.31185 0.0700194 1.58895 -3.19312 -0.929201 -5.43058 1.06924 1 2 3 6 8 11 12 13 
131 7 -2.7278 -0.931806 1.51604 -1.64399 -1.9688 -3.81161 0.105188 1 2 3 6 8 11 12 13 
145 7 -4.4382 -0.676067 0.00575202 -5.57021 0.308086 -3.30619 -1.66022 1 2 3 6 8 11 12 13 
37 7 -3.22185 -1.3797 1.66868 -2.21933 -2.49548 -4.22437 -0.263928 1 2 3 6 8 11 12 13 
85 7 -3.15198 1.78187 1.60699 -2.60658 0.384538 -3.69739 3.1792 1 2 3 6 8 11 12 13 
112 7 -2.69175 -1.32265 1.63237 -3.90833 -0.445196 -1.47516 -2.2001 1 2 3 6 8 11 12 13 
67 7 -2.69932 -0.185917 1.63243 -1.61744 -1.22492 -3.78121 0.853087 1 2 3 6 8 11 12 13 
141 7 -5.59664 -1.25631 -0.0153654 -6.13727 0.142877 -5.05601 -2.65549 1 2 3 6 8 11 12 13 
123 7 -4.55813 -1.50696 -0.0113081 -5.1213 -0.116692 -3.99497 -2.89723 1 2 3 6 8 11 12 13 
133 7 -2.44291 0.197476 1.59233 -3.52769 1.23346 -1.35814 -0.83851 1 2 3 6 8 11 12 13 
205 7 -2.11152 0.572897 -0.0835163 -2.88342 1.85904 -1.33962 -0.713248 1 2 3 6 8 11 12 13 
48 7 -5.14851 -1.99557 1.65033 -4.90026 -3.47488 -5.39675 -0.51625 1 2 3 6 8 11 12 13 
95 8 -3.98418 4.64431 1.49327 -4.97195 5.77317 -2.99641 3.51546 2 3 4 7 9 12 13 14 
88 8 -4.70288 3.87431 1.52721 -3.31605 3.30276 -6.08972 4.44587 2 3 4 7 9 12 13 14 
138 8 -3.99907 4.4957 -0.00256941 -4.90582 5.6906 -3.09232 3.30079 2 3 4 7 9 12 13 14 
86 8 -2.83876 2.65644 1.65076 -2.00658 1.40846 -3.67095 3.90443 2 3 4 7 9 12 13 14 
210 8 -4.07304 5.20376 0.0886768 -5.02391 6.36387 -3.12218 4.04366 2 3 4 7 9 12 13 14 
72 8 -5.14079 5.22742 1.58781 -6.07743 6.39905 -4.20415 4.0558 2 3 4 7 9 12 13 14 
128 8 -5.00331 4.04533 1.5358 -3.59631 3.52537 -6.41031 4.56528 2 3 4 7 9 12 13 14 
196 8 -2.4351 2.62462 -0.0214127 -3.01649 4.00736 -1.8537 1.24188 2 3 4 7 9 12 13 14 
170 8 -3.88236 5.64601 1.62101 -5.00877 6.63657 -2.75595 4.65545 2 3 4 7 9 12 13 14 
31 8 -5.48901 4.1426 1.64665 -6.87273 4.72169 -4.1053 3.56352 2 3 4 7 9 12 13 14 
168 8 -4.29554 2.60059 -0.00214141 -5.30603 3.70915 -3.28506 1.49202 2 3 4 7 9 12 13 14 
92 8 -5.25467 2.39045 1.59747 -4.3195 1.21766 -6.18985 3.56325 2 3 4 7 9 12 13 14 
97 8 -2.25751 5.63046 0.0814642 -3.66396 6.15191 -0.851062 5.10902 2 3 4 7 9 12 13 14 
177 8 -2.32153 4.13665 0.0410186 -3.21375 5.34244 -1.42931 2.93085 2 3 4 7 9 12 13 14 
178 9 -2.37604 9.81593 0.0681749 -3.87061 9.68835 -0.881477 9.9435 3 4 -1 8 -1 13 14 -1 
117 9 -3.73645 8.36166 -0.0258068 -5.08392 9.0207 -2.38898 7.70263 3 4 -1 8 -1 13 14 -1 
173 9 -3.4542 8.6237 0.0946512 -4.89186 9.05167 -2.01655 8.19574 3 4 -1 8 -1 13 14 -1 
87 9 -4.17132 7.34682 1.62448 -2.72137 6.96257 -5.62127 7.73107 3 4 -1 8 -1 13 14 -1 
157 9 -3.92508 9.49769 0.0924511 -5.38446 9.8444 -2.4657 9.15097 3 4 -1 8 -1 13 14 -1 
136 9 -3.54842 9.04067 -0.00985311 -4.99491 9.43773 -2.10192 8.64361 3 4 -1 8 -1 13 14 -1 
134 9 -4.97164 9.34607 -0.033627 -6.32348 9.99609 -3.6198 8.69605 3 4 -1 8 -1 13 14 -1 
96 9 -5.07589 9.13045 -0.0364301 -6.4297 9.77636 -3.72208 8.48454 3 4 -1 8 -1 13 14 -1 
175 9 -4.76165 6.78504 0.0185602 -5.96999 7.6738 -3.55331 5.89627 3 4 -1 8 -1 13 14 -1 
78 9 -5.14771 6.67403 0.0219834 -6.23088 7.71169 -4.06453 5.63638 3 4 -1 8 -1 13 14 -1 
172 9 -5.22513 6.4071 0.080962 -6.20523 7.54261 -4.24503 5.27158 3 4 -1 8 -1 13 14 -1 
209 9 -2.68444 7.31236 0.0886768 -1.2656 6.82565 -4.10328 7.79908 3 4 -1 8 -1 13 14 -1 
215 9 -5.73236 8.91132 -0.0463609 -7.19685 9.23579 -4.26788 8.58686 3 4 -1 8 -1 13 14 -1 
76 9 -5.2624 8.43839 1.66739 -6.69616 8.87924 -3.82865 7.99755 3 4 -1 8 -1 13 14 -1 
116 9 -5.42713 6.16319 0.0688266 -6.57124 7.13324 -4.28301 5.19314 3 4 -1 8 -1 13 14 -1 
105 9 -4.58225 6.05658 -0.0464703 -5.66249 7.0973 -3.50202 5.01586 3 4 -1 8 -1 13 14 -1 
161 10 1.48291 -7.99167 -0.0377534 2.723 -8.83558 0.24283 -7.14775 -1 5 6 -1 11 -1 15 16 
184 10 -1.10946 -9.70161 0.0666466 0.388961 -9.77045 -2.60788 -9.63277 -1 5 6 -1 11 -1 15 16 
202 10 -1.13298 -8.73353 -0.0198541 -2.60049 -8.42306 0.33454 -9.04401 -1 5 6 -1 11 -1 15 16 
142 10 1.18329 -9.28718 -0.0336728 2.67111 -9.47795 -0.304533 -9.09642 -1 5 6 -1 11 -1 15 16 
244 10 -1.36729 -7.43544 0.0983097 -2.665 -6.68315 -0.0695775 -8.18773 -1 5 6 -1 11 -1 15 16 
81 10 0.589684 -7.81547 0.0762549 1.89289 -8.55821 -0.713519 -7.07273 -1 5 6 -1 11 -1 15 16 
182 10 -1.51696 -9.21257 -0.0612134 -2.98243 -8.89259 -0.0514863 -9.53255 -1 5 6 -1 11 -1 15 16 
162 10 -1.27144 -7.41345 0.045501 0.00792023 -8.19654 -2.55081 -6.63036 -1 5 6 -1 11 -1 15 16 
221 10 1.07645 -7.2193 -0.0620778 -0.0484356 -6.22701 2.20133 -8.21159 -1 5 6 -1 11 -1 15 16 
264 10 1.01713 -6.39366 0.00277262 0.31861 -5.06623 1.71566 -7.72108 -1 5 6 -1 11 -1 15 16 
206 10 1.5237 -9.53884 -0.08235 0.0499271 -9.25959 2.99748 -9.81809 -1 5 6 -1 11 -1 15 16 
129 10 -0.12832 -6.08875 1.47294 1.18426 -6.81479 -1.4409 -5.36271 -1 5 6 -1 11 -1 15 16 
132 11 -0.0697998 -5.289 1.59233 -1.09824 -4.19707 0.958636 -6.38093 5 6 7 10 12 15 16 17 
226 11 -0.905909 -2.16903 -0.0370219 -2.04667 -1.19503 0.234849 -3.14302 5 6 7 10 12 15 16 17 
246 11 0.823679 -5.09793 0.0105635 -0.425199 -4.26708 2.07256 -5.92877 5 6 7 10 12 15 16 17 
305 11 -0.636234 -4.7245 1.52065 -1.66831 -3.636 0.395844 -5.81299 5 6 7 10 12 15 16 17 
68 11 -1.52157 -5.2671 1.59126 -0.748798 -6.55272 -2.29435 -3.98148 5 6 7 10 12 15 16 17 
250 11 1.377 -5.14145 1.58442 0.0524298 -4.43753 2.70158 -5.84537 5 6 7 10 12 15 16 17 
261 11 1.30008 -5.56694 0.0248666 0.0875376 -4.68391 2.51262 -6.44997 5 6 7 10 12 15 16 17 
229 11 -0.255466 -4.58936 1.56342 0.96852 -5.45645 -1.47945 -3.72226 5 6 7 10 12 15 16 17 
270 11 -0.423644 -3.18954 1.62258 -1.83417 -2.67922 0.986879 -3.69986 5 6 7 10 12 15 16 17 
328 11 -0.463964 -5.70861 1.57454 -1.72536 -4.8969 0.797433 -6.52032 5 6 7 10 12 15 16 17 
144 11 -0.928077 -3.28299 0.0588998 -2.29808 -2.67217 0.441921 -3.89382 5 6 7 10 12 15 16 17 
194 11 -0.16724 -2.12006 0.0518072 -0.853305 -0.786149 0.518825 -3.45397 5 6 7 10 12 15 16 17 
189 11 -1.4315 -5.72668 0.0938717 -2.1357 -4.40226 -0.727301 -7.05111 5 6 7 10 12 15 16 17 
164 11 1.49942 -5.82507 0.0663293 0.262033 -4.97721 2.7368 -6.67294 5 6 7 10 12 15 16 17 
171 11 0.817133 -2.57654 1.62101 1.9245 -3.58834 -0.29023 -1.56474 5 6 7 10 12 15 16 17 
166 12 -0.392404 0.697026 0.0316722 -0.581557 2.18505 -0.203251 -0.791 6 7 8 11 13 16 17 18 
150 12 -0.786229 0.748454 1.5108 -1.09283 2.21679 -0.479632 -0.719878 6 7 8 11 13 16 17 18 
287 12 -0.181534 -1.18121 1.57435 -1.05192 0.0404381 0.688853 -2.40286 6 7 8 11 13 16 17 18 
212 12 1.07875 0.780584 0.0451745 0.262157 2.03883 1.89535 -0.477658 6 7 8 11 13 16 17 18 
176 12 0.255301 0.817326 0.0439749 0.119313 2.31115 0.391289 -0.676497 6 7 8 11 13 16 17 18 
216 12 1.77596 1.23655 -0.00681139 2.48339 -0.0861495 1.06854 2.55926 6 7 8 11 13 16 17 18 
47 12 0.752279 -1.77878 1.60654 1.65951 -2.97332 -0.154947 -0.58423 6 7 8 11 13 16 17 18 
152 12 -1.68091 1.70577 1.51143 -2.26 3.08948 -1.10183 0.322057 6 7 8 11 13 16 17 18 
155 12 -1.87283 1.42014 0.0708671 -2.18119 2.8881 -1.56447 -0.0478234 6 7 8 11 13 16 17 18 
278 13 -0.993886 4.07477 -0.0548573 -0.222776 2.78815 -1.765 5.36139 7 8 9 12 14 17 18 19 
233 13 -0.0220233 3.03722 0.0984411 0.693297 1.71877 -0.737343 4.35568 7 8 9 12 14 17 18 19 
218 13 0.656075 2.13539 0.0219677 0.164382 3.55251 1.14777 0.718266 7 8 9 12 14 17 18 19 
234 13 1.39251 4.90401 0.0738822 0.236038 5.8593 2.54898 3.94873 7 8 9 12 14 17 18 19 
252 13 1.24493 3.12338 1.54105 0.147269 4.1457 2.34259 2.10106 7 8 9 12 14 17 18 19 
284 13 -0.635443 3.85704 -0.043355 -1.24128 5.22925 -0.0296105 2.48483 7 8 9 12 14 17 18 19 
191 13 -0.679139 4.98632 -0.0803081 -1.52831 6.22281 0.170035 3.74983 7 8 9 12 14 17 18 19 
230 13 0.824298 4.378 1.61476 -0.0166988 5.62006 1.6653 3.13593 7 8 9 12 14 17 18 19 
273 13 1.86745 3.84164 1.63076 0.843319 4.93762 2.89158 2.74567 7 8 9 12 14 17 18 19 
154 13 -1.53276 2.12993 -0.0763312 -2.13067 3.50561 -0.934847 0.754243 7 8 9 12 14 17 18 19 
115 13 -1.57794 2.59092 0.0241251 -2.24585 3.93401 -0.910036 1.24782 7 8 9 12 14 17 18 19 
251 13 1.00723 2.0772 1.54105 0.304129 3.40221 1.71034 0.752197 7 8 9 12 14 17 18 19 
90 13 -1.67035 2.03541 1.62689 -1.02386 0.681874 -2.31683 3.38894 7 8 9 12 14 17 18 19 
277 14 -1.55334 9.53818 -0.0597183 -0.0534685 9.5189 -3.05322 9.55747 8 9 -1 13 -1 18 19 -1 
135 14 0.578621 9.89501 -0.0784199 -0.920168 9.95527 2.07741 9.83474 8 9 -1 13 -1 18 19 -1 
114 14 0.144497 9.12621 1.61256 -1.35379 9.05461 1.64279 9.19782 8 9 -1 13 -1 18 19 -1 
77 14 0.788912 6.38745 0.0753746 -0.501216 7.15267 2.07904 5.62222 8 9 -1 13 -1 18 19 -1 
253 14 0.012899 8.32483 -0.0652644 -1.44856 8.66267 1.47436 7.98699 8 9 -1 13 -1 18 19 -1 
317 14 -1.08407 8.10648 0.0721344 0.365467 7.72067 -2.5336 8.49229 8 9 -1 13 -1 18 19 -1 
137 14 -0.443917 7.61125 0.027191 -1.83481 8.17286 0.946979 7.04964 8 9 -1 13 -1 18 19 -1 
255 14 1.0374 9.4144 -0.00311797 -0.404668 9.82726 2.47946 9.00154 8 9 -1 13 -1 18 19 -1 
158 14 -1.62553 8.97781 0.08265 -3.11499 9.1553 -0.136065 8.80032 8 9 -1 13 -1 18 19 -1 
373 14 1.69527 8.6132 1.55408 0.219048 8.87922 3.17149 8.34718 8 9 -1 13 -1 18 19 -1 
118 14 -1.46358 6.5386 -0.0705271 -2.91628 6.91231 -0.0108751 6.16488 8 9 -1 13 -1 18 19 -1 
156 14 1.7202 9.35877 0.0322909 0.271964 9.74941 3.16844 8.96812 8 9 -1 13 -1 18 19 -1 
332 14 1.64708 7.66777 1.47638 3.13578 7.85148 0.158367 7.48407 8 9 -1 13 -1 18 19 -1 
217 14 -1.87153 7.50554 0.0193853 -3.22581 8.15046 -0.517249 6.86062 8 9 -1 13 -1 18 19 -1 
190 14 1.44752 6.19354 0.0938717 2.78035 5.50538 0.114685 6.88169 8 9 -1 13 -1 18 19 -1 
283 15 4.36384 -6.98779 0.0836279 3.00122 -6.36067 5.72645 -7.61491 -1 10 11 -1 16 -1 20 21 
262 15 4.40102 -9.82382 -0.0512347 2.90702 -9.95779 5.89503 -9.68985 -1 10 11 -1 16 -1 20 21 
241 15 3.3325 -7.78545 -0.00257303 2.40639 -6.60549 4.25861 -8.96542 -1 10 11 -1 16 -1 20 21 
64 15 2.80559 -9.08468 1.58821 1.32328 -8.85502 4.28791 -9.31434 -1 10 11 -1 16 -1 20 21 
242 15 4.48617 -9.59436 -0.00484941 3.00185 -9.81065 5.9705 -9.37807 -1 10 11 -1 16 -1 20 21 
223 15 4.2455 -7.80441 -0.0611452 3.1755 -6.75317 5.31549 -8.85565 -1 10 11 -1 16 -1 20 21 
286 15 3.55206 -6.3865 1.62525 2.13567 -5.89269 4.96844 -6.88031 -1 10 11 -1 16 -1 20 21 
363 15 5.15544 -6.87577 1.63109 3.92172 -6.02259 6.38917 -7.72895 -1 10 11 -1 16 -1 20 21 
302 15 4.82055 -8.25612 -0.0541769 3.75516 -7.20021 5.88594 -9.31202 -1 10 11 -1 16 -1 20 21 
327 15 5.60995 -8.79111 1.48248 4.43248 -7.86182 6.78742 -9.72039 -1 10 11 -1 16 -1 20 21 
263 15 5.6059 -6.41589 0.0564466 4.7473 -5.18593 6.46449 -7.64586 -1 10 11 -1 16 -1 20 21 
83 15 2.04054 -8.71877 -0.0484298 0.605484 -8.28218 3.4756 -9.15537 -1 10 11 -1 16 -1 20 21 
165 15 2.09766 -7.23264 -0.0187441 1.43293 -5.88797 2.76239 -8.57731 -1 10 11 -1 16 -1 20 21 
303 16 4.72691 -2.71484 0.0786674 3.60432 -1.71995 5.84949 -3.70973 10 11 12 15 17 20 21 22 
265 16 3.61062 -5.4308 -0.0801331 2.50942 -4.41229 4.71181 -6.44932 10 11 12 15 17 20 21 22 
225 16 3.6735 -2.03354 -0.0243093 3.07807 -0.656787 4.26893 -3.4103 10 11 12 15 17 20 21 22 
245 16 5.20223 -4.03402 -0.0212704 4.62684 -2.64876 5.77762 -5.41927 10 11 12 15 17 20 21 22 
344 16 2.00683 -4.48909 1.5878 1.2495 -3.19431 2.76416 -5.78387 10 11 12 15 17 20 21 22 
364 16 2.69157 -4.92122 1.6272 1.71497 -3.78269 3.66817 -6.05975 10 11 12 15 17 20 21 22 
271 16 5.23063 -3.06231 1.61511 4.19034 -1.98166 6.27091 -4.14295 10 11 12 15 17 20 21 22 
211 16 2.65238 -4.46335 0.0146525 1.52786 -3.47066 3.77691 -5.45605 10 11 12 15 17 20 21 22 
185 16 2.00463 -2.25819 -0.0540477 1.18739 -1.00037 2.82186 -3.51602 10 11 12 15 17 20 21 22 
181 16 2.03077 -5.42405 0.0295419 0.752432 -4.63928 3.3091 -6.20882 10 11 12 15 17 20 21 22 
304 16 4.69142 -5.25587 0.0786674 3.93095 -3.96293 5.45189 -6.54881 10 11 12 15 17 20 21 22 
266 16 2.17978 -4.62133 -0.0801331 1.41321 -3.332 2.94636 -5.91065 10 11 12 15 17 20 21 22 
147 16 4.6211 -2.13899 -0.0290627 3.48249 -1.16248 5.75972 -3.11549 10 11 12 15 17 20 21 22 
224 16 4.29686 -5.78094 -0.0442809 3.31473 -4.64718 5.27899 -6.9147 10 11 12 15 17 20 21 22 
309 17 3.98397 -1.10824 1.64993 2.91556 -0.0553857 5.05238 -2.16109 11 12 13 16 18 21 22 23 
323 17 4.74856 -0.750045 0.017917 4.25515 0.66648 5.24197 -2.16657 11 12 13 16 18 21 22 23 
316 17 2.81166 0.012689 -0.0655887 3.50009 -1.32 2.12323 1.34538 11 12 13 16 18 21 22 23 
345 17 4.90466 0.250066 1.54214 3.84053 1.30724 5.96879 -0.807112 11 12 13 16 18 21 22 23 
249 17 3.61251 0.253819 1.49744 2.5853 1.3469 4.63972 -0.839266 11 12 13 16 18 21 22 23 
73 17 4.22259 1.69926 1.49962 5.26306 0.618789 3.18212 2.77973 11 12 13 16 18 21 22 23 
292 17 2.68131 -0.945707 1.52951 1.91288 0.342509 3.44975 -2.23392 11 12 13 16 18 21 22 23 
306 17 5.67988 -0.909849 1.66258 4.67091 0.200095 6.68885 -2.01979 11 12 13 16 18 21 22 23 
203 17 2.21941 0.554506 0.0986814 1.56388 1.90368 2.87493 -0.794673 11 12 13 16 18 21 22 23 
331 17 5.32922 1.71273 1.61035 4.22019 2.7227 6.43826 0.702759 11 12 13 16 18 21 22 23 
267 17 5.54362 -1.78998 1.47404 4.71959 -0.53659 6.36765 -3.04336 11 12 13 16 18 21 22 23 
295 17 2.94826 1.86244 -0.0909834 4.01304 0.805926 1.88347 2.91896 11 12 13 16 18 21 22 23 
357 17 5.92371 0.543218 1.6088 6.97688 -0.524878 4.87054 1.61131 11 12 13 16 18 21 22 23 
314 18 3.69932 4.27931 1.52025 2.52551 5.21319 4.87314 3.34542 12 13 14 17 19 22 23 24 
193 18 3.33858 2.43875 0.0866947 4.38384 1.3629 2.29332 3.51459 12 13 14 17 19 22 23 24 
351 18 4.53139 4.373 1.5717 3.44315 5.40535 5.61962 3.34065 12 13 14 17 19 22 23 24 
334 18 4.35753 3.11703 1.49321 3.24563 4.12385 5.46942 2.11021 12 13 14 17 19 22 23 24 
298 18 5.3287 2.68663 -0.0538784 4.23747 3.7158 6.41993 1.65745 12 13 14 17 19 22 23 24 
254 18 4.07108 5.27516 0.0939474 3.04267 6.36712 5.09948 4.1832 12 13 14 17 19 22 23 24 
294 18 5.76517 4.56277 1.6695 5.44223 6.02759 6.0881 3.09794 12 13 14 17 19 22 23 24 
312 18 2.5442 2.62293 1.55215 1.55882 3.75387 3.52958 1.49198 12 13 14 17 19 22 23 24 
370 18 3.03266 5.39432 1.62503 2.03228 6.51202 4.03303 4.27662 12 13 14 17 19 22 23 24 
349 18 4.14294 2.9462 1.62199 5.24658 1.93034 3.03929 3.96206 12 13 14 17 19 22 23 24 
330 18 2.12916 2.9794 1.4827 1.21802 4.17096 3.0403 1.78784 12 13 14 17 19 22 23 24 
214 18 2.23295 4.59614 -0.0575552 3.49736 3.78914 0.968528 5.40314 12 13 14 17 19 22 23 24 
275 18 2.13778 4.78719 -0.0896766 3.36185 3.92021 0.913717 5.65418 12 13 14 17 19 22 23 24 
371 18 5.96042 5.11302 1.55579 6.05063 3.61574 5.87021 6.61031 12 13 14 17 19 22 23 24 
336 19 2.51639 8.83303 1.56548 1.03353 9.05914 3.99925 8.60691 13 14 -1 18 -1 23 24 -1 
313 19 4.22152 7.17291 1.66995 2.73174 7.34773 5.7113 6.99809 13 14 -1 18 -1 23 24 -1 
213 19 3.73878 7.60774 0.0189033 2.27709 7.27091 5.20048 7.94456 13 14 -1 18 -1 23 24 -1 
198 19 4.82949 9.00214 -0.0460039 3.33782 9.16003 6.32116 8.84425 13 14 -1 18 -1 23 24 -1 
354 19 3.32289 7.77972 1.65873 4.71116 8.34778 1.93461 7.21167 13 14 -1 18 -1 23 24 -1 
376 19 4.52797 8.80615 1.61539 3.03305 8.92947 6.02289 8.68283 13 14 -1 18 -1 23 24 -1 
236 19 5.4878 7.64088 0.0754502 6.97601 7.82853 3.99958 7.45323 13 14 -1 18 -1 23 24 -1 
297 19 5.07031 6.57729 0.0840942 6.5616 6.73868 3.57902 6.4159 13 14 -1 18 -1 23 24 -1 
235 19 3.87705 7.87439 -0.0355828 2.46484 7.36874 5.28925 8.38005 13 14 -1 18 -1 23 24 -1 
237 19 5.18595 6.90598 0.0560184 3.7084 6.64742 6.6635 7.16453 13 14 -1 18 -1 23 24 -1 
337 19 3.56589 6.25487 -0.0754216 5.01444 5.86539 2.11733 6.64434 13 14 -1 18 -1 23 24 -1 
258 19 5.28589 9.58123 0.03131 6.76319 9.32126 3.80859 9.8412 13 14 -1 18 -1 23 24 -1 
369 19 5.26706 7.70297 1.504 6.76012 7.8471 3.774 7.55883 13 14 -1 18 -1 23 24 -1 
238 19 2.14346 7.00323 -0.0677189 0.672929 7.29911 3.61399 6.70736 13 14 -1 18 -1 23 24 -1 
256 19 5.75328 6.83749 0.024088 7.24967 6.94149 4.25689 6.73348 13 14 -1 18 -1 23 24 -1 
324 20 8.49575 -6.55521 1.52854 8.53256 -5.05566 8.45893 -8.05476 -1 15 16 -1 21 -1 -1 -1 
325 20 7.76006 -8.13315 1.49129 6.88115 -6.91762 8.63897 -9.34868 -1 15 16 -1 21 -1 -1 -1 
343 20 8.76805 -7.56617 1.58283 8.82564 -6.06728 8.71046 -9.06507 -1 15 16 -1 21 -1 -1 -1 
201 20 7.09233 -9.90677 -0.0121466 5.59445 -9.98649 8.59021 -9.82705 -1 15 16 -1 21 -1 -1 -1 
222 20 7.79571 -9.26526 -0.0374866 6.45514 -8.59229 9.13627 -9.93823 -1 15 16 -1 21 -1 -1 -1 
186 20 8.39327 -6.97562 0.0781129 8.48378 -5.47835 8.30276 -8.47289 -1 15 16 -1 21 -1 -1 -1 
361 20 6.03748 -6.26608 0.0685141 5.37186 -4.92186 6.7031 -7.61031 -1 15 16 -1 21 -1 -1 -1 
362 20 7.7136 -6.27273 1.61243 7.29294 -4.83292 8.13426 -7.71253 -1 15 16 -1 21 -1 -1 -1 
285 20 8.22838 -8.47321 -0.043355 9.16415 -9.64553 7.29262 -7.30088 -1 15 16 -1 21 -1 -1 -1 
291 20 9.54314 -6.90213 1.5682 9.67363 -5.40782 9.41266 -8.39644 -1 15 16 -1 21 -1 -1 -1 
322 20 6.84961 -6.81603 0.017917 5.94403 -5.62023 7.75518 -8.01183 -1 15 16 -1 21 -1 -1 -1 
342 20 7.02706 -6.22163 -0.0266753 6.20734 -4.96542 7.84678 -7.47784 -1 15 16 -1 21 -1 -1 -1 
248 20 6.69928 -6.01477 1.55798 5.85213 -4.7769 7.54644 -7.25264 -1 15 16 -1 21 -1 -1 -1 
346 21 8.60671 -4.54508 1.57554 8.22071 -3.0956 8.99271 -5.99457 15 16 17 20 22 -1 -1 -1 
348 21 9.92351 -3.34395 1.61413 9.92489 -1.84395 9.92214 -4.84395 15 16 17 20 22 -1 -1 -1 
228 21 7.99721 -3.48871 0.08476 7.60106 -2.04197 8.39335 -4.93545 15 16 17 20 22 -1 -1 -1 
289 21 9.52176 -4.60254 1.47494 9.8591 -3.14096 9.18441 -6.06411 15 16 17 20 22 -1 -1 -1 
232 21 9.06119 -5.55033 0.0536245 9.07033 -7.0503 9.05206 -4.05036 15 16 17 20 22 -1 -1 -1 
329 21 8.47659 -3.03515 1.50539 7.51015 -1.88798 9.44303 -4.18232 15 16 17 20 22 -1 -1 -1 
321 21 7.10924 -4.29874 0.00346954 6.79363 -2.83232 7.42485 -5.76516 15 16 17 20 22 -1 -1 -1 
301 21 7.63312 -5.01308 -0.0896105 7.15483 -3.59138 8.11142 -6.43478 15 16 17 20 22 -1 -1 -1 
307 21 8.56487 -5.09356 1.47786 8.12762 -3.6587 9.00212 -6.52841 15 16 17 20 22 -1 -1 -1 
268 21 7.39148 -2.55707 1.57244 6.76419 -1.19454 8.01878 -3.9196 15 16 17 20 22 -1 -1 -1 
231 21 7.87971 -2.06717 1.61476 7.02929 -0.831534 8.73013 -3.3028 15 16 17 20 22 -1 -1 -1 
341 21 6.58033 -5.9616 -0.0266753 5.70935 -4.74037 7.4513 -7.18283 15 16 17 20 22 -1 -1 -1 
288 21 9.21809 -2.0878 1.54623 9.40668 -0.599704 9.02949 -3.5759 15 16 17 20 22 -1 -1 -1 
308 21 6.02514 -3.14975 1.55792 5.3786 -1.79624 6.67168 -4.50326 15 16 17 20 22 -1 -1 -1 
366 21 9.68118 -2.10066 1.59963 9.88028 -0.61393 9.48207 -3.58738 15 16 17 20 22 -1 -1 -1 
293 22 8.88768 1.29826 1.6695 8.61572 2.7734 9.15963 -0.176883 16 17 18 21 23 -1 -1 -1 
281 22 8.16666 1.23791 0.0213392 7.92989 2.7191 8.40344 -0.243287 16 17 18 21 23 -1 -1 -1 
368 22 8.23376 1.0586 1.67067 7.99035 2.53872 8.47718 -0.421519 16 17 18 21 23 -1 -1 -1 
352 22 8.17733 -0.293751 1.58557 8.51299 -1.75571 7.84168 1.16821 16 17 18 21 23 -1 -1 -1 
290 22 7.17847 1.13981 1.62067 6.63174 2.53662 7.72521 -0.257003 16 17 18 21 23 -1 -1 -1 
374 22 9.53983 -0.147462 1.64317 9.39094 1.34513 9.68871 -1.64005 16 17 18 21 23 -1 -1 -1 
372 22 9.48957 1.84197 1.51924 9.79259 3.31105 9.18656 0.372896 16 17 18 21 23 -1 -1 -1 
353 22 6.80997 -1.23232 1.56506 5.65932 -0.27002 7.96061 -2.19461 16 17 18 21 23 -1 -1 -1 
282 22 7.5741 -1.20295 -0.0810843 6.3999 -0.269551 8.74831 -2.13635 16 17 18 21 23 -1 -1 -1 
208 22 6.80727 1.10283 0.0886768 6.38145 2.54112 7.23308 -0.335463 16 17 18 21 23 -1 -1 -1 
192 22 6.05304 0.055792 0.060257 5.01937 1.14278 7.0867 -1.03119 16 17 18 21 23 -1 -1 -1 
310 22 7.70761 1.97241 1.66042 7.36824 3.43352 8.04698 0.511306 16 17 18 21 23 -1 -1 -1 
326 22 6.33587 -1.90812 1.64329 5.45371 -0.694942 7.21803 -3.12129 16 17 18 21 23 -1 -1 -1 
318 23 9.50714 4.01423 0.0769724 9.56974 2.51553 9.44453 5.51292 17 18 19 22 24 -1 -1 -1 
347 23 7.77529 4.4048 1.50313 8.01527 2.92412 7.53531 5.88547 17 18 19 22 24 -1 -1 -1 
365 23 7.5106 4.69466 1.61639 7.21809 6.16587 7.80311 3.22346 17 18 19 22 24 -1 -1 -1 
311 23 8.24742 3.8434 1.63968 8.12293 5.33823 8.3719 2.34858 17 18 19 22 24 -1 -1 -1 
315 23 9.07825 3.63837 1.52025 8.76561 5.10543 9.39088 2.17131 17 18 19 22 24 -1 -1 -1 
378 23 6.83683 4.36493 1.61999 6.36054 5.7873 7.31312 2.94255 17 18 19 22 24 -1 -1 -1 
274 23 6.80199 2.79146 0.0303916 6.14798 4.14138 7.456 1.44154 17 18 19 22 24 -1 -1 -1 
355 23 8.28531 5.6878 1.65228 7.84889 7.1229 8.72174 4.25269 17 18 19 22 24 -1 -1 -1 
269 23 8.82628 2.42295 1.58036 8.42608 3.86858 9.22647 0.977323 17 18 19 22 24 -1 -1 -1 
335 23 8.72074 4.08022 1.56548 9.22309 2.66684 8.21838 5.4936 17 18 19 22 24 -1 -1 -1 
350 23 8.2404 2.25784 1.54919 7.60478 3.61652 8.87601 0.899168 17 18 19 22 24 -1 -1 -1 
333 23 6.12453 2.51168 1.58287 5.48343 3.86778 6.76563 1.15559 17 18 19 22 24 -1 -1 -1 
296 24 7.29922 9.2349 -0.0642139 5.80529 9.36968 8.79315 9.10012 18 19 -1 23 -1 -1 -1 -1 
358 24 9.44248 6.56953 -0.0262301 9.7378 5.09889 9.14716 8.04018 18 19 -1 23 -1 -1 -1 -1 
276 24 7.12846 7.65953 0.0647429 8.62371 7.77882 5.63321 7.54025 18 19 -1 23 -1 -1 -1 -1 
272 24 9.03168 8.25624 1.63076 8.74966 6.78299 9.3137 9.72949 18 19 -1 23 -1 -1 -1 -1 
257 24 8.11061 9.81715 -0.0370511 6.61664 9.68274 9.60457 9.95156 18 19 -1 23 -1 -1 -1 -1 
195 24 6.91899 8.06432 -0.0966908 5.41932 8.03263 8.41865 8.09602 18 19 -1 23 -1 -1 -1 -1 
338 24 6.9913 9.62383 0.0623159 8.47667 9.41485 5.50593 9.8328 18 19 -1 23 -1 -1 -1 -1 
356 24 7.01075 7.53472 1.6088 5.51084 7.51812 8.51065 7.55133 18 19 -1 23 -1 -1 -1 -1 
375 24 6.98169 9.44736 1.58201 5.50275 9.69781 8.46063 9.19692 18 19 -1 23 -1 -1 -1 -1 
367 24 9.67984 6.4948 1.47839 9.57173 7.9909 9.78794 4.9987 18 19 -1 23 -1 -1 -1 -1 
377 24 6.57653 7.20467 1.61999 8.07593 7.16199 5.07714 7.24736 18 19 -1 23 -1 -1 -1 -1 
