163 0 -6.38432 -7.62135 0.000652872 -5.77603 -8.99248 -6.99261 -6.25023 -1 -1 -1 -1 1 -1 5 6 
143 0 -8.92221 -6.18783 0.0057508 -9.31618 -4.74049 -8.52825 -7.63517 -1 -1 -1 -1 1 -1 5 6 
148 0 -7.35288 -9.61715 1.53451 -8.85279 -9.63396 -5.85298 -9.60034 -1 -1 -1 -1 1 -1 5 6 
21 0 -7.93167 -6.5253 -0.092345 -7.73643 -5.03806 -8.12691 -8.01254 -1 -1 -1 -1 1 -1 5 6 
69 0 -9.66607 -7.03107 1.65286 -9.51434 -8.52337 -9.81781 -5.53876 -1 -1 -1 -1 1 -1 5 6 
42 0 -7.41674 -9.38497 -0.0685787 -5.91954 -9.29342 -8.91394 -9.47652 -1 -1 -1 -1 1 -1 5 6 
104 0 -6.37055 -9.09725 -0.0464703 -4.89722 -9.37888 -7.84387 -8.81561 -1 -1 -1 -1 1 -1 5 6 
71 0 -7.67071 -6.44425 1.61523 -7.77167 -7.94084 -7.56974 -4.94765 -1 -1 -1 -1 1 -1 5 6 
126 0 -6.15902 -6.02512 -0.0866852 -6.26078 -7.52166 -6.05726 -4.52857 -1 -1 -1 -1 1 -1 5 6 
46 1 -9.3036 -3.3187 1.51621 -9.10296 -4.80522 -9.50425 -1.83218 -1 -1 -1 0 2 5 6 7 
108 1 -8.37576 -3.56082 1.57308 -8.25488 -5.05594 -8.49664 -2.0657 -1 -1 -1 0 2 5 6 7 
84 1 -6.81582 -3.65614 -0.0484298 -6.5558 -2.17885 -7.07585 -5.13343 -1 -1 -1 0 2 5 6 7 
124 1 -7.83547 -3.3065 -0.0693766 -7.5184 -1.8404 -8.15254 -4.77261 -1 -1 -1 0 2 5 6 7 
28 1 -9.02763 -4.5944 1.47188 -8.79145 -6.07569 -9.26381 -3.11311 -1 -1 -1 0 2 5 6 7 
24 1 -9.84589 -3.50597 1.49928 -9.88282 -5.00552 -9.80896 -2.00643 -1 -1 -1 0 2 5 6 7 
61 1 -7.39806 -3.59195 -0.0551714 -7.39685 -2.09195 -7.39927 -5.09195 -1 -1 -1 0 2 5 6 7 
65 1 -9.53371 -5.44474 1.50376 -9.25387 -6.91841 -9.81355 -3.97108 -1 -1 -1 0 2 5 6 7 
32 1 -6.76042 -3.91252 1.53486 -7.07552 -5.37905 -6.44531 -2.44599 -1 -1 -1 0 2 5 6 7 
66 1 -6.9601 -3.57014 1.61439 -7.30774 -5.0293 -6.61246 -2.11098 -1 -1 -1 0 2 5 6 7 
141 1 -6.28955 -2.92463 -0.0153654 -6.61972 -1.46142 -5.95937 -4.38784 -1 -1 -1 0 2 5 6 7 
103 1 -6.68186 -4.40193 -0.00949416 -6.94167 -5.87926 -6.42204 -2.92461 -1 -1 -1 0 2 5 6 7 
204 1 -6.26956 -5.26365 0.0898347 -6.36363 -6.76069 -6.17549 -3.7666 -1 -1 -1 0 2 5 6 7 
167 2 -7.07944 0.220012 -0.00214141 -7.00465 1.71815 -7.15424 -1.27812 -1 -1 -1 1 3 6 7 8 
127 2 -8.66708 1.37459 1.60202 -8.33376 -0.0879009 -9.00041 2.83709 -1 -1 -1 1 3 6 7 8 
45 2 -8.0503 -0.680555 1.63561 -8.74059 0.651171 -7.36 -2.01228 -1 -1 -1 1 3 6 7 8 
50 2 -9.17188 -0.857197 1.49607 -8.71868 -2.2871 -9.62507 0.572704 -1 -1 -1 1 3 6 7 8 
53 2 -8.4444 -0.534883 1.64356 -8.94462 0.879251 -7.94417 -1.94902 -1 -1 -1 1 3 6 7 8 
49 2 -9.18968 0.371413 1.53819 -9.03192 -1.12027 -9.34744 1.86309 -1 -1 -1 1 3 6 7 8 
109 2 -8.52017 -1.91781 1.54238 -8.77602 -0.439791 -8.26432 -3.39583 -1 -1 -1 1 3 6 7 8 
37 2 -6.30942 1.0872 1.66868 -6.55988 -0.391741 -6.05896 2.56614 -1 -1 -1 1 3 6 7 8 
151 2 -8.95122 1.53826 1.51143 -9.29459 2.99843 -8.60785 0.0780929 -1 -1 -1 1 3 6 7 8 
30 2 -6.03726 1.23213 1.53668 -6.43011 -0.215512 -5.64442 2.67978 -1 -1 -1 1 3 6 7 8 
130 2 -6.14973 0.176605 1.60474 -6.45388 -1.29224 -5.84558 1.64544 -1 -1 -1 1 3 6 7 8 
89 2 -9.57992 0.919981 1.5963 -9.83107 -0.558844 -9.32877 2.39881 -1 -1 -1 1 3 6 7 8 
153 2 -6.96883 -1.73598 0.0944598 -7.18904 -3.21973 -6.74862 -0.252237 -1 -1 -1 1 3 6 7 8 
27 2 -9.9162 -1.89615 1.51453 -9.89588 -3.39602 -9.93652 -0.396292 -1 -1 -1 1 3 6 7 8 
35 3 -8.76119 2.63731 1.57487 -9.31349 4.03193 -8.20889 1.24269 -1 -1 -1 2 4 7 8 9 
33 3 -7.09818 3.99289 1.57137 -6.59865 5.40727 -7.59771 2.57851 -1 -1 -1 2 4 7 8 9 
38 3 -8.09089 3.85373 1.66868 -7.64146 5.28481 -8.54033 2.42264 -1 -1 -1 2 4 7 8 9 
51 3 -8.94475 4.97646 1.51942 -8.94929 3.47647 -8.94022 6.47645 -1 -1 -1 2 4 7 8 9 
128 3 -6.64186 4.818 1.5358 -6.96988 3.3543 -6.31384 6.28169 -1 -1 -1 2 4 7 8 9 
149 3 -8.05127 2.36222 1.54739 -7.91788 3.85627 -8.18466 0.868159 -1 -1 -1 2 4 7 8 9 
75 3 -9.30788 5.79019 1.66739 -9.17463 7.28426 -9.44113 4.29612 -1 -1 -1 2 4 7 8 9 
111 3 -7.55523 2.20848 1.54961 -7.9662 0.765881 -7.14426 3.65109 -1 -1 -1 2 4 7 8 9 
92 3 -7.82476 2.02861 1.59747 -8.23288 0.585202 -7.41664 3.47203 -1 -1 -1 2 4 7 8 9 
26 3 -6.76571 2.14078 1.57237 -7.68744 0.957389 -5.84398 3.32417 -1 -1 -1 2 4 7 8 9 
93 4 -9.8259 7.69693 1.57299 -9.9752 9.18948 -9.6766 6.20438 -1 -1 -1 3 -1 8 9 -1 
174 4 -7.69664 7.04654 -0.0158582 -8.03759 8.50728 -7.35569 5.58581 -1 -1 -1 3 -1 8 9 -1 
110 4 -7.96478 7.56255 1.47668 -7.66829 6.09215 -8.26128 9.03296 -1 -1 -1 3 -1 8 9 -1 
54 4 -6.12864 6.58738 1.57851 -6.8316 7.91247 -5.42569 5.26229 -1 -1 -1 3 -1 8 9 -1 
98 4 -8.81605 7.57156 0.0357864 -8.71767 9.06833 -8.91444 6.07479 -1 -1 -1 3 -1 8 9 -1 
197 4 -6.47365 8.1734 -0.0313854 -7.65159 9.10208 -5.2957 7.24472 -1 -1 -1 3 -1 8 9 -1 
57 4 -8.89899 7.63103 1.5693 -8.7699 9.12547 -9.02808 6.1366 -1 -1 -1 3 -1 8 9 -1 
56 4 -7.64311 8.56684 1.5693 -8.27125 9.92899 -7.01497 7.2047 -1 -1 -1 3 -1 8 9 -1 
94 4 -9.03243 7.061 1.49327 -9.01784 8.56093 -9.04703 5.56107 -1 -1 -1 3 -1 8 9 -1 
29 4 -9.55398 6.31275 1.57246 -9.47109 4.81505 -9.63687 7.81046 -1 -1 -1 3 -1 8 9 -1 
52 4 -8.07132 7.49861 1.65249 -8.26069 8.9866 -7.88195 6.01061 -1 -1 -1 3 -1 8 9 -1 
58 4 -8.24752 6.63206 -0.0321181 -7.80686 5.19824 -8.68818 8.06587 -1 -1 -1 3 -1 8 9 -1 
134 4 -6.25515 6.37921 -0.033627 -7.1373 7.59239 -5.373 5.16603 -1 -1 -1 3 -1 8 9 -1 
82 5 -3.9122 -8.30235 -0.0667708 -2.44628 -8.62028 -5.37812 -7.98442 -1 0 1 -1 6 -1 10 11 
101 5 -3.89044 -9.13981 0.0132319 -2.39247 -9.21784 -5.38841 -9.06177 -1 0 1 -1 6 -1 10 11 
182 5 -2.26833 -9.16191 -0.0612134 -3.76556 -9.07072 -0.771107 -9.2531 -1 0 1 -1 6 -1 10 11 
23 5 -4.3561 -6.59188 1.50767 -5.70331 -5.93232 -3.00888 -7.25144 -1 0 1 -1 6 -1 10 11 
25 5 -4.79263 -9.74294 1.51782 -6.27777 -9.95362 -3.3075 -9.53227 -1 0 1 -1 6 -1 10 11 
121 5 -2.31508 -6.94983 0.00172069 -0.954934 -7.58228 -3.67523 -6.31738 -1 0 1 -1 6 -1 10 11 
102 5 -5.64926 -6.35241 -0.0897456 -5.85395 -4.86644 -5.44458 -7.83838 -1 0 1 -1 6 -1 10 11 
129 6 -3.67334 -5.03339 1.47294 -2.86753 -6.29857 -4.47916 -3.76822 0 1 2 5 7 10 11 12 
70 6 -3.67717 -4.61463 1.57811 -2.99559 -5.95083 -4.35876 -3.27842 0 1 2 5 7 10 11 12 
107 6 -4.60729 -4.03369 1.55838 -3.65735 -5.19456 -5.55723 -2.87282 0 1 2 5 7 10 11 12 
41 6 -4.68302 -5.85503 -0.0685787 -3.62421 -6.91755 -5.74182 -4.79252 0 1 2 5 7 10 11 12 
243 6 -4.97611 -4.65117 -0.00534277 -5.82939 -3.41752 -4.12283 -5.88483 0 1 2 5 7 10 11 12 
188 6 -3.31208 -4.24955 0.0938717 -4.36307 -3.17931 -2.26109 -5.31979 0 1 2 5 7 10 11 12 
125 6 -4.96703 -4.34961 -0.0866852 -5.91948 -3.1908 -4.01457 -5.50842 0 1 2 5 7 10 11 12 
187 6 -2.30849 -4.50005 -0.0401799 -3.1315 -3.24599 -1.48549 -5.75411 0 1 2 5 7 10 11 12 
44 6 -4.92467 -5.51533 1.57057 -3.86451 -6.5765 -5.98483 -4.45417 0 1 2 5 7 10 11 12 
122 6 -3.45442 -3.08934 0.0960758 -4.86861 -2.58927 -2.04023 -3.5894 0 1 2 5 7 10 11 12 
22 6 -5.22443 -2.33407 1.51221 -4.57482 -3.68611 -5.87404 -0.982029 0 1 2 5 7 10 11 12 
189 6 -2.21682 -3.31788 0.0938717 -3.32524 -2.30723 -1.1084 -4.32853 0 1 2 5 7 10 11 12 
162 6 -2.10265 -5.65069 0.045501 -1.11032 -6.77553 -3.09499 -4.52585 0 1 2 5 7 10 11 12 
123 7 -3.8117 -1.28397 -0.0113081 -4.34206 0.119138 -3.28134 -2.68709 1 2 3 6 8 11 12 13 
207 7 -3.1674 -0.0211136 0.0828931 -3.53452 1.43327 -2.80027 -1.47549 1 2 3 6 8 11 12 13 
67 7 -2.09041 -0.607338 1.63243 -1.03886 -1.67703 -3.14196 0.462355 1 2 3 6 8 11 12 13 
131 7 -2.39475 -0.704438 1.51604 -1.52765 -1.92842 -3.26185 0.519546 1 2 3 6 8 11 12 13 
85 7 -2.53406 1.44173 1.60699 -1.518 0.338268 -3.55012 2.54518 1 2 3 6 8 11 12 13 
34 7 -4.10856 1.0365 1.53506 -3.86191 -0.443081 -4.35521 2.51608 1 2 3 6 8 11 12 13 
169 7 -5.98987 -0.209806 1.58895 -6.28663 -1.68016 -5.69311 1.26055 1 2 3 6 8 11 12 13 
74 7 -4.18563 1.06908 1.64626 -4.42963 2.54911 -3.94164 -0.410939 1 2 3 6 8 11 12 13 
48 7 -3.98659 -1.80528 1.65033 -3.10088 -3.01587 -4.8723 -0.594694 1 2 3 6 8 11 12 13 
55 7 -3.80182 1.27618 1.65656 -4.3198 2.68391 -3.28384 -0.131547 1 2 3 6 8 11 12 13 
133 7 -3.02339 1.64895 1.59233 -4.06781 2.7256 -1.97897 0.572298 1 2 3 6 8 11 12 13 
113 7 -4.58172 1.07294 1.61256 -4.4319 2.56544 -4.73155 -0.41956 1 2 3 6 8 11 12 13 
155 7 -3.73639 1.46183 0.0708671 -4.24409 2.87329 -3.22869 0.0503587 1 2 3 6 8 11 12 13 
183 7 -4.37299 -1.57446 0.0928546 -5.38991 -0.471797 -3.35607 -2.67713 1 2 3 6 8 11 12 13 
86 7 -2.04569 1.68409 1.65076 -0.995878 0.612682 -3.09549 2.75549 1 2 3 6 8 11 12 13 
210 8 -3.07163 3.41703 0.0886768 -4.32063 4.2477 -1.82264 2.58636 2 3 4 7 9 12 13 14 
72 8 -3.06842 4.59379 1.58781 -4.17613 5.60522 -1.96072 3.58235 2 3 4 7 9 12 13 14 
168 8 -4.58746 4.14705 -0.00214141 -5.89435 4.88327 -3.28056 3.41082 2 3 4 7 9 12 13 14 
95 8 -5.53965 3.66541 1.49327 -6.6144 4.71179 -4.4649 2.61904 2 3 4 7 9 12 13 14 
88 8 -3.35071 3.8917 1.52721 -2.02082 3.19788 -4.6806 4.58553 2 3 4 7 9 12 13 14 
175 8 -4.26348 5.23078 0.0185602 -5.25046 6.36033 -3.2765 4.10124 2 3 4 7 9 12 13 14 
172 8 -5.38933 5.80338 0.080962 -6.27082 7.01704 -4.50784 4.58971 2 3 4 7 9 12 13 14 
138 8 -4.35717 3.32456 -0.00256941 -5.40544 4.39747 -3.30889 2.25166 2 3 4 7 9 12 13 14 
36 8 -4.22438 5.51671 1.51514 -5.26247 6.59947 -3.1863 4.43394 2 3 4 7 9 12 13 14 
90 8 -2.85907 2.1622 1.62689 -1.76822 1.13261 -3.94991 3.19179 2 3 4 7 9 12 13 14 
31 8 -5.49001 3.31338 1.64665 -6.43819 4.47568 -4.54182 2.15107 2 3 4 7 9 12 13 14 
105 8 -2.15546 2.59503 -0.0464703 -3.46849 3.32025 -0.842431 1.8698 2 3 4 7 9 12 13 14 
97 8 -4.26482 5.84986 0.0814642 -5.32576 6.91023 -3.20388 4.78948 2 3 4 7 9 12 13 14 
191 8 -2.10607 4.32808 -0.0803081 -3.19624 5.35839 -1.0159 3.29778 2 3 4 7 9 12 13 14 
215 9 -5.36191 7.37086 -0.0463609 -6.35494 8.49509 -4.36889 6.24663 3 4 -1 8 -1 13 14 -1 
118 9 -3.6494 8.11613 -0.0705271 -5.14936 8.10502 -2.14944 8.12724 3 4 -1 8 -1 13 14 -1 
158 9 -2.46431 8.81357 0.08265 -3.95985 8.92917 -0.968775 8.69797 3 4 -1 8 -1 13 14 -1 
178 9 -3.61444 9.66325 0.0681749 -5.10584 9.82364 -2.12304 9.50286 3 4 -1 8 -1 13 14 -1 
136 9 -3.27724 8.64508 -0.00985311 -4.77258 8.76321 -1.7819 8.52695 3 4 -1 8 -1 13 14 -1 
117 9 -5.5824 6.80847 -0.0258068 -6.60252 7.90818 -4.56228 5.70876 3 4 -1 8 -1 13 14 -1 
76 9 -4.43925 6.40866 1.66739 -5.33308 7.61326 -3.54542 5.20406 3 4 -1 8 -1 13 14 -1 
253 9 -2.62215 9.69387 -0.0652644 -4.12069 9.75999 -1.12361 9.62775 3 4 -1 8 -1 13 14 -1 
96 9 -3.70607 9.40662 -0.0364301 -5.20575 9.43756 -2.20638 9.37569 3 4 -1 8 -1 13 14 -1 
173 9 -3.09691 9.10203 0.0946512 -4.57549 8.84945 -1.61833 9.35462 3 4 -1 8 -1 13 14 -1 
78 9 -4.74258 6.20942 0.0219834 -5.76239 7.30942 -3.72278 5.10942 3 4 -1 8 -1 13 14 -1 
77 9 -2.54789 8.3461 0.0753746 -4.03802 8.51785 -1.05775 8.17435 3 4 -1 8 -1 13 14 -1 
217 9 -3.43281 7.50392 0.0193853 -4.87598 7.91292 -1.98965 7.09493 3 4 -1 8 -1 13 14 -1 
87 9 -4.50475 6.13663 1.62448 -3.43291 5.08727 -5.57659 7.186 3 4 -1 8 -1 13 14 -1 
154 9 -2.50391 6.35294 -0.0763312 -3.58237 5.31039 -1.42545 7.3955 3 4 -1 8 -1 13 14 -1 
157 9 -5.83884 8.54357 0.0924511 -7.28708 8.9342 -4.39059 8.15294 3 4 -1 8 -1 13 14 -1 
116 9 -5.94436 6.91926 0.0688266 -6.92143 8.05739 -4.96729 5.78113 3 4 -1 8 -1 13 14 -1 
161 10 0.205829 -8.87465 -0.0377534 1.70221 -8.97883 -1.29055 -8.77048 -1 5 6 -1 11 -1 15 16 
83 10 1.1001 -8.69507 -0.0484298 -0.339989 -8.27537 2.54019 -9.11477 -1 5 6 -1 11 -1 15 16 
184 10 -0.632201 -9.89616 0.0666466 0.867387 -9.93131 -2.13179 -9.86101 -1 5 6 -1 11 -1 15 16 
146 10 0.373649 -7.29386 -0.0290627 -0.379408 -5.99659 1.12671 -8.59113 -1 5 6 -1 11 -1 15 16 
43 10 -0.564482 -9.64807 1.57954 -2.05703 -9.79738 0.928068 -9.49876 -1 5 6 -1 11 -1 15 16 
202 10 -0.32791 -8.34614 -0.0198541 -1.78198 -7.97778 1.12616 -8.71449 -1 5 6 -1 11 -1 15 16 
62 10 -1.40044 -9.25638 -0.0838541 0.0995642 -9.25661 -2.90044 -9.25616 -1 5 6 -1 11 -1 15 16 
227 10 0.407101 -6.16391 0.08476 -0.557153 -5.01491 1.37136 -7.31292 -1 5 6 -1 11 -1 15 16 
81 10 -1.15458 -8.07126 0.0762549 0.314454 -8.37449 -2.62361 -7.76803 -1 5 6 -1 11 -1 15 16 
247 10 -0.14409 -6.05644 0.0105635 -1.31183 -5.11497 1.02365 -6.99792 -1 5 6 -1 11 -1 15 16 
63 10 -0.903863 -8.76992 -0.0838541 0.592401 -8.87572 -2.40013 -8.66411 -1 5 6 -1 11 -1 15 16 
142 10 1.23996 -9.29324 -0.0336728 2.71139 -9.58463 -0.231465 -9.00185 -1 5 6 -1 11 -1 15 16 
244 10 -1.35884 -7.24266 0.0983097 -2.72464 -6.62251 0.00696157 -7.86282 -1 5 6 -1 11 -1 15 16 
64 10 -0.756473 -7.76127 1.58821 -2.18856 -7.31504 0.675617 -8.2075 -1 5 6 -1 11 -1 15 16 
164 10 1.0201 -6.27654 0.0663293 0.259231 -4.98384 1.78097 -7.56925 -1 5 6 -1 11 -1 15 16 
106 10 -1.86647 -9.62971 1.52942 -0.379857 -9.42973 -3.35307 -9.8297 -1 5 6 -1 11 -1 15 16 
144 11 1.15511 -3.46422 0.0588998 0.24939 -2.26853 2.06082 -4.65991 5 6 7 10 12 15 16 17 
132 11 1.01952 -3.76108 1.59233 -0.0618526 -2.72155 2.1009 -4.80062 5 6 7 10 12 15 16 17 
145 11 -0.529422 -3.70335 0.00575202 -1.74126 -2.81935 0.682415 -4.58735 5 6 7 10 12 15 16 17 
226 11 -0.306405 -4.32979 -0.0370219 -1.41348 -3.31767 0.800669 -5.34191 5 6 7 10 12 15 16 17 
229 11 0.468108 -3.60119 1.56342 1.46035 -4.72612 -0.524135 -2.47627 5 6 7 10 12 15 16 17 
246 11 -0.608639 -2.77989 0.0105635 -1.77087 -1.83162 0.553589 -3.72817 5 6 7 10 12 15 16 17 
264 11 1.1291 -3.26183 0.00277262 0.201132 -2.08332 2.05707 -4.44033 5 6 7 10 12 15 16 17 
68 11 -1.04928 -2.88936 1.59126 0.103864 -3.84866 -2.20242 -1.93005 5 6 7 10 12 15 16 17 
261 11 1.32504 -5.14101 0.0248666 0.21012 -4.13754 2.43997 -6.14448 5 6 7 10 12 15 16 17 
250 11 1.56523 -3.33711 1.58442 0.698978 -2.11253 2.43148 -4.5617 5 6 7 10 12 15 16 17 
91 11 -1.79127 -2.98403 1.57205 -2.55167 -1.69105 -1.03088 -4.27701 5 6 7 10 12 15 16 17 
328 11 -0.647126 -2.29401 1.57454 -1.86361 -1.41642 0.56936 -3.1716 5 6 7 10 12 15 16 17 
171 12 -0.500276 -0.967211 1.62101 0.841351 -1.63806 -1.8419 -0.296363 6 7 8 11 13 16 17 18 
196 12 -0.802006 1.75339 -0.0214127 -2.08299 2.53382 0.478983 0.972962 6 7 8 11 13 16 17 18 
305 12 1.01679 -1.71929 1.52065 -0.215148 -0.86352 2.24872 -2.57506 6 7 8 11 13 16 17 18 
185 12 -0.732183 0.522004 -0.0540477 -1.58276 1.75753 0.118394 -0.71352 6 7 8 11 13 16 17 18 
152 12 -0.504022 0.418682 1.51143 -1.29028 1.6961 0.282234 -0.858737 6 7 8 11 13 16 17 18 
166 12 -1.18854 0.906877 0.0316722 -2.05846 2.12886 -0.318627 -0.315107 6 7 8 11 13 16 17 18 
216 12 1.88313 1.01251 -0.00681139 3.2218 0.335774 0.544467 1.68925 6 7 8 11 13 16 17 18 
47 12 0.766073 1.24963 1.60654 1.94291 0.319546 -0.410765 2.17971 6 7 8 11 13 16 17 18 
194 12 -1.70168 -0.715903 0.0518072 -2.81641 0.287783 -0.586959 -1.71959 6 7 8 11 13 16 17 18 
330 12 1.84691 1.33475 1.4827 0.530482 2.05379 3.16335 0.615722 6 7 8 11 13 16 17 18 
115 12 0.55707 1.64833 0.0241251 -0.729119 2.42016 1.84326 0.876504 6 7 8 11 13 16 17 18 
147 12 1.68988 -1.73242 -0.0290627 0.314718 -1.13332 3.06505 -2.33152 6 7 8 11 13 16 17 18 
150 12 0.0416049 1.49366 1.5108 -1.13911 2.41881 1.22232 0.568502 6 7 8 11 13 16 17 18 
112 12 -1.65364 0.786115 1.63237 -2.78083 1.77578 -0.526455 -0.203555 6 7 8 11 13 16 17 18 
252 13 1.06543 2.07005 1.54105 -0.199978 2.87549 2.33084 1.2646 7 8 9 12 14 17 18 19 
176 13 0.528858 3.19659 0.0439749 -0.652776 4.12057 1.71049 2.27261 7 8 9 12 14 17 18 19 
278 13 -0.109287 3.49902 -0.0548573 0.910191 2.39872 -1.12876 4.59933 7 8 9 12 14 17 18 19 
233 13 0.0301989 4.34108 0.0984411 0.894792 3.11532 -0.834394 5.56683 7 8 9 12 14 17 18 19 
312 13 1.68757 2.8054 1.55215 0.633223 3.87234 2.74191 1.73846 7 8 9 12 14 17 18 19 
218 13 -0.700844 5.45543 0.0219677 -1.83776 6.43392 0.43607 4.47695 7 8 9 12 14 17 18 19 
214 13 0.942932 4.98524 -0.0575552 2.29753 4.34099 -0.411669 5.62949 7 8 9 12 14 17 18 19 
284 13 0.360572 2.38035 -0.043355 -0.927429 3.14915 1.64857 1.61155 7 8 9 12 14 17 18 19 
170 13 -0.586684 2.07745 1.62101 -1.83072 2.91554 0.657348 1.23937 7 8 9 12 14 17 18 19 
212 13 0.188162 2.23229 0.0451745 -1.06225 3.06082 1.43857 1.40376 7 8 9 12 14 17 18 19 
205 13 -0.82474 2.71039 -0.0835163 -2.06873 3.54854 0.41925 1.87225 7 8 9 12 14 17 18 19 
177 13 -1.81904 4.2459 0.0410186 -2.83973 5.34508 -0.798346 3.14673 7 8 9 12 14 17 18 19 
317 13 1.44384 5.47544 0.0721344 2.87758 5.03453 0.0101083 5.91636 7 8 9 12 14 17 18 19 
234 13 0.0105304 5.0253 0.0738822 -1.15212 5.97305 1.17319 4.07755 7 8 9 12 14 17 18 19 
275 13 -0.183687 5.78308 -0.0896766 1.23347 5.29149 -1.60084 6.27467 7 8 9 12 14 17 18 19 
277 14 -0.765169 9.76183 -0.0597183 0.73473 9.77923 -2.26507 9.74443 8 9 -1 13 -1 18 19 -1 
209 14 0.390361 7.70724 0.0886768 1.84308 8.08087 -1.06236 7.3336 8 9 -1 13 -1 18 19 -1 
135 14 -0.20374 8.50021 -0.0784199 -1.68687 8.27586 1.27939 8.72456 8 9 -1 13 -1 18 19 -1 
114 14 -1.33352 7.71763 1.61256 -2.83306 7.75444 0.166033 7.68082 8 9 -1 13 -1 18 19 -1 
137 14 0.390134 6.11927 0.027191 -1.10982 6.13052 1.89009 6.10802 8 9 -1 13 -1 18 19 -1 
238 14 1.87814 9.68608 -0.0677189 0.398341 9.44072 3.35794 9.93144 8 9 -1 13 -1 18 19 -1 
255 14 0.306944 9.05882 -0.00311797 -1.10005 8.53886 1.71394 9.57879 8 9 -1 13 -1 18 19 -1 
165 15 5.84498 -8.59518 -0.0187441 4.5392 -7.85699 7.15077 -9.33337 -1 10 11 -1 16 -1 20 21 
206 15 2.80619 -8.82228 -0.08235 1.40379 -8.29003 4.20858 -9.35453 -1 10 11 -1 16 -1 20 21 
241 15 4.06051 -8.90841 -0.00257303 2.84196 -8.03369 5.27907 -9.78312 -1 10 11 -1 16 -1 20 21 
242 15 3.74616 -9.1379 -0.00484941 2.37739 -8.52432 5.11492 -9.75147 -1 10 11 -1 16 -1 20 21 
263 15 4.86354 -6.55861 0.0564466 4.46951 -5.11129 5.25757 -8.00593 -1 10 11 -1 16 -1 20 21 
344 15 3.54666 -6.54525 1.5878 2.94261 -5.17225 4.15071 -7.91825 -1 10 11 -1 16 -1 20 21 
221 15 2.78682 -6.43777 -0.0620778 1.94406 -5.19691 3.62959 -7.67864 -1 10 11 -1 16 -1 20 21 
223 15 2.22438 -6.56445 -0.0611452 1.17883 -5.48889 3.26993 -7.64001 -1 10 11 -1 16 -1 20 21 
327 15 5.71845 -6.36773 1.48248 4.78675 -5.19217 6.65015 -7.54329 -1 10 11 -1 16 -1 20 21 
224 15 4.20585 -6.21107 -0.0442809 3.44423 -4.9188 4.96746 -7.50333 -1 10 11 -1 16 -1 20 21 
303 16 4.52537 -4.86299 0.0786674 3.15856 -4.24508 5.89219 -5.48089 10 11 12 15 17 20 21 22 
267 16 4.57207 -3.57099 1.47404 3.4542 -2.57081 5.68995 -4.57116 10 11 12 15 17 20 21 22 
304 16 3.45366 -5.15897 0.0786674 2.81319 -3.80258 4.09412 -6.51537 10 11 12 15 17 20 21 22 
265 16 5.23028 -5.50717 -0.0801331 4.00943 -4.63566 6.45112 -6.37869 10 11 12 15 17 20 21 22 
232 16 4.7875 -2.9233 0.0536245 5.74042 -4.08172 3.83457 -1.76489 10 11 12 15 17 20 21 22 
286 16 2.36063 -3.74344 1.62525 1.54274 -2.48604 3.17853 -5.00083 10 11 12 15 17 20 21 22 
287 16 2.44397 -2.53075 1.57435 1.13911 -1.79093 3.74884 -3.27057 10 11 12 15 17 20 21 22 
225 16 2.91004 -5.18401 -0.0243093 2.28102 -3.82227 3.53905 -6.54576 10 11 12 15 17 20 21 22 
363 16 5.35661 -3.86758 1.63109 4.34258 -2.76225 6.37065 -4.9729 10 11 12 15 17 20 21 22 
306 16 5.7436 -5.13846 1.66258 4.58405 -4.18692 6.90316 -6.09001 10 11 12 15 17 20 21 22 
292 16 3.69609 -2.10216 1.52951 2.56854 -1.11291 4.82364 -3.09142 10 11 12 15 17 20 21 22 
73 16 5.71224 -2.77092 1.49962 6.65019 -3.9415 4.77428 -1.60035 10 11 12 15 17 20 21 22 
321 16 5.68167 -4.51905 0.00346954 4.626 -3.45342 6.73733 -5.58468 10 11 12 15 17 20 21 22 
181 16 2.38255 -3.02587 0.0295419 1.1957 -2.1086 3.5694 -3.94315 10 11 12 15 17 20 21 22 
271 16 5.80727 -3.77587 1.61511 4.87124 -2.60376 6.74331 -4.94798 10 11 12 15 17 20 21 22 
266 16 2.04848 -5.02892 -0.0801331 1.05841 -3.90209 3.03855 -6.15576 10 11 12 15 17 20 21 22 
245 16 3.22666 -2.40602 -0.0212704 1.97774 -1.57524 4.47558 -3.2368 10 11 12 15 17 20 21 22 
364 16 5.60858 -5.20475 1.6272 4.45338 -4.24792 6.76378 -6.16157 10 11 12 15 17 20 21 22 
326 17 4.5138 -0.536534 1.64329 3.12405 0.027905 5.90355 -1.10097 11 12 13 16 18 21 22 23 
230 17 2.19975 1.84544 1.61476 1.02927 2.78352 3.37023 0.907369 11 12 13 16 18 21 22 23 
270 17 2.39845 -1.61786 1.62258 1.04236 -0.97676 3.75455 -2.25896 11 12 13 16 18 21 22 23 
290 17 5.20353 0.257679 1.62067 4.20707 1.37887 6.19999 -0.86351 11 12 13 16 18 21 22 23 
211 17 3.26114 -0.901239 0.0146525 2.07431 0.0160591 4.44797 -1.81854 11 12 13 16 18 21 22 23 
353 17 4.49186 -0.0877198 1.56506 3.24251 0.742404 5.74122 -0.917843 11 12 13 16 18 21 22 23 
309 17 3.66808 -0.466881 1.64993 2.33621 0.223146 4.99994 -1.15691 11 12 13 16 18 21 22 23 
323 17 3.32897 0.353246 0.017917 2.08145 1.18614 4.57648 -0.479645 11 12 13 16 18 21 22 23 
208 17 3.28682 1.02235 0.0886768 2.19229 2.04802 4.38136 -0.00331682 11 12 13 16 18 21 22 23 
231 17 2.45021 -0.720743 1.61476 1.11434 -0.0384963 3.78607 -1.40299 11 12 13 16 18 21 22 23 
251 17 2.48465 1.3221 1.54105 1.38153 2.33852 3.58777 0.305668 11 12 13 16 18 21 22 23 
203 17 2.21926 0.172774 0.0986814 1.0233 1.07815 3.41521 -0.732599 11 12 13 16 18 21 22 23 
349 17 5.7513 -1.78851 1.62199 6.7562 -2.90215 4.74641 -0.674876 11 12 13 16 18 21 22 23 
249 18 4.25703 3.15425 1.49744 3.63374 4.51862 4.88033 1.78988 12 13 14 17 19 22 23 24 
334 18 4.65498 3.09317 1.49321 4.14483 4.50376 5.16513 1.68259 12 13 14 17 19 22 23 24 
333 18 4.08886 2.98513 1.58287 3.3316 4.27995 4.84612 1.69031 12 13 14 17 19 22 23 24 
314 18 4.43339 2.92074 1.52025 3.87435 4.31267 4.99244 1.52881 12 13 14 17 19 22 23 24 
193 18 2.64097 4.37886 0.0866947 1.16744 4.09831 4.1145 4.65941 12 13 14 17 19 22 23 24 
351 18 3.00859 2.64701 1.5717 2.3767 4.00742 3.64048 1.2866 12 13 14 17 19 22 23 24 
295 18 2.79291 5.10152 -0.0909834 4.23245 4.67996 1.35336 5.52307 12 13 14 17 19 22 23 24 
273 18 2.19862 2.56436 1.63076 1.1967 3.68067 3.20054 1.44804 12 13 14 17 19 22 23 24 
370 18 3.31054 5.49385 1.62503 1.81062 5.51014 4.81045 5.47756 12 13 14 17 19 22 23 24 
310 18 5.6382 2.31737 1.66042 5.20671 3.75397 6.06969 0.880769 12 13 14 17 19 22 23 24 
254 18 5.81672 4.66376 0.0939474 6.48201 3.31938 5.15142 6.00815 12 13 14 17 19 22 23 24 
316 18 2.00969 2.21932 -0.0655887 3.19341 1.298 0.825984 3.14064 12 13 14 17 19 22 23 24 
298 18 5.91763 3.83613 -0.0538784 5.48196 5.27147 6.3533 2.4008 12 13 14 17 19 22 23 24 
190 18 3.29622 5.77937 0.0938717 4.77859 5.55005 1.81385 6.00868 12 13 14 17 19 22 23 24 
336 19 3.56785 8.55672 1.56548 2.87236 7.2277 4.26333 9.88574 13 14 -1 18 -1 23 24 -1 
373 19 3.8902 7.0678 1.55408 2.40602 6.8505 5.37437 7.2851 13 14 -1 18 -1 23 24 -1 
377 19 4.76344 7.71912 1.61999 6.26334 7.70156 3.26354 7.73667 13 14 -1 18 -1 23 24 -1 
337 19 4.00538 6.45226 -0.0754216 5.46725 6.78832 2.54351 6.11619 13 14 -1 18 -1 23 24 -1 
313 19 5.1787 6.57797 1.66995 3.7477 6.12827 6.6097 7.02768 13 14 -1 18 -1 23 24 -1 
338 19 4.69867 6.84902 0.0623159 6.18625 7.04164 3.21109 6.6564 13 14 -1 18 -1 23 24 -1 
213 19 2.62552 6.48204 0.0189033 1.13086 6.3555 4.12017 6.60858 13 14 -1 18 -1 23 24 -1 
235 19 2.65985 8.45791 -0.0355828 1.99359 7.11399 3.32611 9.80182 13 14 -1 18 -1 23 24 -1 
297 19 5.74767 9.73401 0.0840942 7.23939 9.89138 4.25595 9.57664 13 14 -1 18 -1 23 24 -1 
198 19 5.19664 8.82099 -0.0460039 3.69769 8.76496 6.6956 8.87702 13 14 -1 18 -1 23 24 -1 
156 19 2.62611 8.12429 0.0322909 1.93876 6.79105 3.31347 9.45753 13 14 -1 18 -1 23 24 -1 
354 19 5.52116 8.45141 1.65873 7.01426 8.3077 4.02806 8.59512 13 14 -1 18 -1 23 24 -1 
237 19 2.24967 6.09155 0.0560184 0.759144 6.25988 3.7402 5.92323 13 14 -1 18 -1 23 24 -1 
332 19 5.21086 6.02515 1.47638 6.68058 6.32501 3.74113 5.7253 13 14 -1 18 -1 23 24 -1 
256 19 5.95811 8.07682 0.024088 7.44132 7.853 4.4749 8.30064 13 14 -1 18 -1 23 24 -1 
362 20 7.55557 -6.44446 1.61243 6.78617 -5.15681 8.32496 -7.7321 -1 15 16 -1 21 -1 -1 -1 
324 20 7.85948 -7.91994 1.52854 7.25666 -6.5464 8.4623 -9.29348 -1 15 16 -1 21 -1 -1 -1 
325 20 9.44617 -8.26415 1.49129 9.01397 -6.82776 9.87836 -9.70053 -1 15 16 -1 21 -1 -1 -1 
343 20 9.19294 -7.19964 1.58283 8.72153 -5.77565 9.66436 -8.62364 -1 15 16 -1 21 -1 -1 -1 
262 20 6.55754 -9.46254 -0.0512347 5.08616 -9.17091 8.02892 -9.75417 -1 15 16 -1 21 -1 -1 -1 
201 20 7.1398 -9.81771 -0.0121466 5.6442 -9.70289 8.6354 -9.93252 -1 15 16 -1 21 -1 -1 -1 
222 20 7.66416 -8.53114 -0.0374866 6.70761 -7.37572 8.62071 -9.68657 -1 15 16 -1 21 -1 -1 -1 
291 20 8.54989 -6.12012 1.5682 7.95349 -4.74378 9.14629 -7.49646 -1 15 16 -1 21 -1 -1 -1 
285 20 8.22434 -7.19247 -0.043355 9.14468 -8.37695 7.30401 -6.00799 -1 15 16 -1 21 -1 -1 -1 
186 20 7.2294 -7.33863 0.0781129 6.44763 -6.05847 8.01118 -8.6188 -1 15 16 -1 21 -1 -1 -1 
322 20 6.96343 -8.23461 0.017917 5.87537 -7.20208 8.0515 -9.26714 -1 15 16 -1 21 -1 -1 -1 
361 20 6.83532 -6.93507 0.0685141 5.99189 -5.69466 7.67876 -8.17548 -1 15 16 -1 21 -1 -1 -1 
283 20 6.48746 -8.26395 0.0836279 5.5806 -7.06912 7.39431 -9.45878 -1 15 16 -1 21 -1 -1 -1 
302 20 6.43908 -7.3765 -0.0541769 5.43176 -6.26505 7.4464 -8.48794 -1 15 16 -1 21 -1 -1 -1 
248 20 6.39866 -9.36786 1.55798 4.93985 -9.01874 7.85747 -9.71697 -1 15 16 -1 21 -1 -1 -1 
341 20 6.1343 -7.50981 -0.0266753 5.07701 -6.44578 7.19158 -8.57383 -1 15 16 -1 21 -1 -1 -1 
308 21 6.36461 -3.93856 1.55792 5.56653 -2.6685 7.1627 -5.20862 15 16 17 20 22 -1 -1 -1 
307 21 9.54943 -3.31402 1.47786 9.33228 -1.82982 9.76659 -4.79822 15 16 17 20 22 -1 -1 -1 
342 21 6.18459 -4.57515 -0.0266753 5.23626 -3.41298 7.13293 -5.73733 15 16 17 20 22 -1 -1 -1 
301 21 7.40743 -4.79672 -0.0896105 6.7826 -3.43305 8.03227 -6.16038 15 16 17 20 22 -1 -1 -1 
346 21 8.68791 -3.50755 1.57554 8.21186 -2.0851 9.16395 -4.93001 15 16 17 20 22 -1 -1 -1 
348 21 9.28327 -3.87102 1.61413 8.86437 -2.4307 9.70216 -5.31134 15 16 17 20 22 -1 -1 -1 
368 21 9.81589 -2.30216 1.67067 9.68778 -0.80764 9.944 -3.79668 15 16 17 20 22 -1 -1 -1 
282 21 7.81965 -3.59311 -0.0810843 6.84272 -2.45487 8.79659 -4.73135 15 16 17 20 22 -1 -1 -1 
228 21 9.31626 -5.16257 0.08476 8.94394 -3.70951 9.68858 -6.61563 15 16 17 20 22 -1 -1 -1 
288 21 7.06526 -2.01061 1.54623 6.46274 -0.636944 7.66779 -3.38428 15 16 17 20 22 -1 -1 -1 
289 21 7.99214 -2.03741 1.47494 7.86946 -0.542439 8.11483 -3.53239 15 16 17 20 22 -1 -1 -1 
329 22 7.46497 -0.843002 1.50539 7.07103 0.604343 7.85892 -2.29035 16 17 18 21 23 -1 -1 -1 
374 22 9.38154 -0.760729 1.64317 9.00625 0.691565 9.75683 -2.21302 16 17 18 21 23 -1 -1 -1 
350 22 8.71677 0.521725 1.54919 8.33462 1.97223 9.09891 -0.928779 16 17 18 21 23 -1 -1 -1 
293 22 9.16681 -0.622307 1.6695 8.70336 0.804302 9.63026 -2.04892 16 17 18 21 23 -1 -1 -1 
274 22 7.82996 0.365111 0.0303916 7.64226 1.85332 8.01766 -1.1231 16 17 18 21 23 -1 -1 -1 
268 22 7.03114 0.457745 1.57244 6.74967 1.9311 7.31262 -1.01561 16 17 18 21 23 -1 -1 -1 
372 22 9.0005 -1.33441 1.51924 8.62642 0.118198 9.37458 -2.78702 16 17 18 21 23 -1 -1 -1 
345 22 6.43874 1.14967 1.54214 5.93163 2.56135 6.94584 -0.262009 16 17 18 21 23 -1 -1 -1 
352 22 9.36646 0.81281 1.58557 9.79236 -0.625457 8.94056 2.25108 16 17 18 21 23 -1 -1 -1 
366 22 9.25981 -1.04881 1.59963 8.7621 0.366215 9.75752 -2.46383 16 17 18 21 23 -1 -1 -1 
281 22 8.49744 -0.302315 0.0213392 8.13068 1.15216 8.86419 -1.75679 16 17 18 21 23 -1 -1 -1 
192 22 6.89772 -1.05435 0.060257 6.21623 0.281902 7.5792 -2.39061 16 17 18 21 23 -1 -1 -1 
311 22 6.54094 1.40264 1.63968 6.03797 2.8158 7.04391 -0.0105196 16 17 18 21 23 -1 -1 -1 
357 22 6.83072 1.67768 1.6088 7.2267 0.230895 6.43474 3.12448 16 17 18 21 23 -1 -1 -1 
331 22 6.32144 1.0534 1.61035 5.74053 2.43635 6.90235 -0.329546 16 17 18 21 23 -1 -1 -1 
356 23 8.80191 4.48001 1.6088 8.77768 2.9802 8.82613 5.97981 17 18 19 22 24 -1 -1 -1 
318 23 9.02063 3.35759 0.0769724 8.44056 1.97429 9.6007 4.74089 17 18 19 22 24 -1 -1 -1 
347 23 8.27689 3.79447 1.50313 8.04457 2.31257 8.50922 5.27637 17 18 19 22 24 -1 -1 -1 
367 23 9.49667 3.72271 1.47839 9.91708 5.16259 9.07626 2.28283 17 18 19 22 24 -1 -1 -1 
371 23 6.23909 3.10188 1.55579 5.73354 4.51412 6.74463 1.68964 17 18 19 22 24 -1 -1 -1 
269 23 8.35527 3.38988 1.58036 8.71548 4.84598 7.99505 1.93377 17 18 19 22 24 -1 -1 -1 
315 23 7.93378 4.27685 1.52025 8.2283 5.74765 7.63927 2.80604 17 18 19 22 24 -1 -1 -1 
335 23 7.31445 4.71937 1.56548 7.70497 3.2711 6.92392 6.16764 17 18 19 22 24 -1 -1 -1 
365 23 7.57191 2.93257 1.61639 7.20176 4.38619 7.94205 1.47896 17 18 19 22 24 -1 -1 -1 
195 23 6.21759 4.47069 -0.0966908 6.85604 3.11334 5.57914 5.82803 17 18 19 22 24 -1 -1 -1 
378 23 6.72281 5.74985 1.61999 6.90974 7.23816 6.53588 4.26155 17 18 19 22 24 -1 -1 -1 
294 23 6.07322 2.32823 1.6695 5.61532 3.75663 6.53112 0.899825 17 18 19 22 24 -1 -1 -1 
296 24 8.48233 7.72422 -0.0642139 9.0338 6.32927 7.93086 9.11917 18 19 -1 23 -1 -1 -1 -1 
358 24 9.5296 7.52801 -0.0262301 9.75702 6.04535 9.30219 9.01067 18 19 -1 23 -1 -1 -1 -1 
236 24 6.76659 8.04574 0.0754502 8.22727 7.70457 5.3059 8.38691 18 19 -1 23 -1 -1 -1 -1 
258 24 7.30036 9.6449 0.03131 8.7807 9.887 5.82003 9.40279 18 19 -1 23 -1 -1 -1 -1 
355 24 9.43774 6.51355 1.65228 9.58979 5.02128 9.28569 8.00583 18 19 -1 23 -1 -1 -1 -1 
276 24 8.84496 6.96465 0.0647429 8.3813 8.39119 9.30862 5.53811 18 19 -1 23 -1 -1 -1 -1 
272 24 9.12316 8.40037 1.63076 9.21612 6.90325 9.03019 9.89748 18 19 -1 23 -1 -1 -1 -1 
376 24 6.20213 9.18747 1.61539 4.7026 9.2251 7.70165 9.14983 18 19 -1 23 -1 -1 -1 -1 
375 24 6.40724 8.60923 1.58201 4.90728 8.62058 7.90719 8.59789 18 19 -1 23 -1 -1 -1 -1 
257 24 7.1472 9.55739 -0.0370511 5.66126 9.35251 8.63314 9.76228 18 19 -1 23 -1 -1 -1 -1 
369 24 7.36358 6.43223 1.504 6.94839 7.87363 7.77876 4.99083 18 19 -1 23 -1 -1 -1 -1 
