148 0 -7.38345 -8.57654 1.53451 -8.74301 -7.94283 -6.02388 -9.21025 -1 -1 -1 -1 1 -1 5 6 
21 0 -7.40608 -6.34812 -0.092345 -6.54809 -5.11773 -8.26407 -7.5785 -1 -1 -1 -1 1 -1 5 6 
69 0 -8.54862 -6.84315 1.65286 -9.35747 -8.10639 -7.73977 -5.57992 -1 -1 -1 -1 1 -1 5 6 
42 0 -8.02295 -9.86069 -0.0685787 -6.52658 -9.96495 -9.51932 -9.75643 -1 -1 -1 -1 1 -1 5 6 
65 0 -9.23662 -6.11706 1.50376 -9.26291 -7.61683 -9.21034 -4.61729 -1 -1 -1 -1 1 -1 5 6 
104 0 -7.45735 -9.55319 -0.0464703 -6.01931 -9.97984 -8.89539 -9.12653 -1 -1 -1 -1 1 -1 5 6 
204 0 -7.21243 -6.16325 0.0898347 -8.05401 -7.40491 -6.37085 -4.92158 -1 -1 -1 -1 1 -1 5 6 
163 0 -6.35699 -8.6814 0.000652872 -4.96706 -9.24539 -7.74693 -8.11741 -1 -1 -1 -1 1 -1 5 6 
71 0 -7.46348 -6.04079 1.61523 -8.24933 -7.31846 -6.67764 -4.76312 -1 -1 -1 -1 1 -1 5 6 
108 1 -7.83634 -3.0247 1.57308 -7.70513 -4.51895 -7.96755 -1.53045 -1 -1 -1 0 2 5 6 7 
28 1 -7.82731 -3.46793 1.47188 -7.69751 -4.96231 -7.95711 -1.97356 -1 -1 -1 0 2 5 6 7 
24 1 -8.5808 -4.86027 1.49928 -8.37345 -6.34587 -8.78816 -3.37467 -1 -1 -1 0 2 5 6 7 
61 1 -7.40211 -4.28876 -0.0551714 -7.39394 -2.78878 -7.41027 -5.78873 -1 -1 -1 0 2 5 6 7 
66 1 -6.49687 -2.77179 1.61439 -5.62009 -3.98887 -7.37364 -1.55472 -1 -1 -1 0 2 5 6 7 
103 1 -7.43694 -3.44621 -0.00949416 -7.51446 -4.94421 -7.35942 -1.94822 -1 -1 -1 0 2 5 6 7 
143 1 -9.4448 -4.87818 0.0057508 -9.59153 -3.38538 -9.29807 -6.37099 -1 -1 -1 0 2 5 6 7 
27 1 -9.44717 -2.02509 1.51453 -9.42598 -3.52494 -9.46835 -0.52524 -1 -1 -1 0 2 5 6 7 
124 1 -8.3287 -2.3767 -0.0693766 -8.39066 -0.877977 -8.26674 -3.87542 -1 -1 -1 0 2 5 6 7 
84 1 -6.13117 -3.06686 -0.0484298 -6.87116 -1.76209 -5.39118 -4.37162 -1 -1 -1 0 2 5 6 7 
32 1 -6.27708 -2.49452 1.53486 -5.51127 -3.7843 -7.04289 -1.20473 -1 -1 -1 0 2 5 6 7 
153 1 -7.13037 -2.09112 0.0944598 -6.51048 -3.45704 -7.75027 -0.725206 -1 -1 -1 0 2 5 6 7 
167 2 -7.54945 -0.105963 -0.00214141 -7.89191 1.35442 -7.20699 -1.56635 -1 -1 -1 1 3 6 7 8 
45 2 -7.57535 0.533962 1.63561 -7.86768 2.0052 -7.28303 -0.937277 -1 -1 -1 1 3 6 7 8 
50 2 -9.643 -0.958575 1.49607 -9.71772 -2.45671 -9.56828 0.539563 -1 -1 -1 1 3 6 7 8 
53 2 -7.67163 0.123936 1.64356 -7.97073 1.59381 -7.37253 -1.34594 -1 -1 -1 1 3 6 7 8 
49 2 -8.22318 -0.694619 1.53819 -8.23542 -2.19457 -8.21094 0.805331 -1 -1 -1 1 3 6 7 8 
151 2 -9.76884 1.82955 1.51143 -9.55767 3.31461 -9.98001 0.344487 -1 -1 -1 1 3 6 7 8 
89 2 -9.87828 -0.48629 1.5963 -9.87862 -1.98629 -9.87794 1.01371 -1 -1 -1 1 3 6 7 8 
130 2 -7.27093 0.304358 1.60474 -6.75145 -1.10282 -7.79041 1.71153 -1 -1 -1 1 3 6 7 8 
22 2 -6.1951 -0.897269 1.51221 -5.21436 -2.03223 -7.17584 0.237697 -1 -1 -1 1 3 6 7 8 
109 2 -7.77677 -1.81963 1.54238 -7.99171 -0.335108 -7.56183 -3.30415 -1 -1 -1 1 3 6 7 8 
46 2 -8.73758 -1.86118 1.51621 -8.65652 -3.35899 -8.81864 -0.36337 -1 -1 -1 1 3 6 7 8 
111 2 -6.023 1.48279 1.54961 -5.15084 0.262404 -6.89516 2.70318 -1 -1 -1 1 3 6 7 8 
183 2 -6.03498 -0.297241 0.0928546 -6.94263 0.896982 -5.12733 -1.49146 -1 -1 -1 1 3 6 7 8 
35 3 -9.09986 3.54122 1.57487 -9.32671 5.02397 -8.87301 2.05847 -1 -1 -1 2 4 7 8 9 
33 3 -7.44645 5.68678 1.57137 -8.01124 7.07639 -6.88167 4.29717 -1 -1 -1 2 4 7 8 9 
38 3 -8.49815 2.70933 1.66868 -8.91168 4.1512 -8.08462 1.26746 -1 -1 -1 2 4 7 8 9 
51 3 -8.97169 4.37579 1.51942 -8.91978 2.87669 -9.0236 5.87489 -1 -1 -1 2 4 7 8 9 
92 3 -7.21433 2.52885 1.59747 -6.53944 1.18925 -7.88922 3.86845 -1 -1 -1 2 4 7 8 9 
31 3 -6.8589 4.28892 1.64665 -7.21955 5.74492 -6.49825 2.83293 -1 -1 -1 2 4 7 8 9 
149 3 -7.702 2.20164 1.54739 -8.40242 3.52807 -7.00158 0.875217 -1 -1 -1 2 4 7 8 9 
29 3 -9.59993 4.71375 1.57246 -9.60615 3.21376 -9.59372 6.21373 -1 -1 -1 2 4 7 8 9 
127 3 -9.04074 2.95763 1.60202 -8.80206 1.47674 -9.27941 4.43852 -1 -1 -1 2 4 7 8 9 
128 3 -6.33177 4.50739 1.5358 -5.93875 3.05979 -6.72478 5.95499 -1 -1 -1 2 4 7 8 9 
26 3 -7.62864 2.35301 1.57237 -6.9419 1.01945 -8.31538 3.68657 -1 -1 -1 2 4 7 8 9 
30 3 -7.29665 2.41767 1.53668 -6.53327 1.12645 -8.06003 3.70889 -1 -1 -1 2 4 7 8 9 
93 4 -9.10081 8.43249 1.57299 -9.35814 9.91025 -8.84347 6.95473 -1 -1 -1 3 -1 8 9 -1 
174 4 -6.61774 7.17463 -0.0158582 -7.52381 8.37005 -5.71166 5.97921 -1 -1 -1 3 -1 8 9 -1 
110 4 -7.96519 7.94859 1.47668 -7.03707 6.77021 -8.89331 9.12698 -1 -1 -1 3 -1 8 9 -1 
54 4 -7.21114 7.75807 1.57851 -8.18067 8.90263 -6.2416 6.61352 -1 -1 -1 3 -1 8 9 -1 
98 4 -9.04737 8.5229 0.0357864 -9.34623 9.99282 -8.74851 7.05297 -1 -1 -1 3 -1 8 9 -1 
57 4 -8.98032 7.61343 1.5693 -9.22593 9.09319 -8.73472 6.13368 -1 -1 -1 3 -1 8 9 -1 
56 4 -7.19397 9.14159 1.5693 -8.67204 9.39712 -5.7159 8.88606 -1 -1 -1 3 -1 8 9 -1 
94 4 -8.00654 7.7189 1.49327 -8.98434 8.85639 -7.02874 6.5814 -1 -1 -1 3 -1 8 9 -1 
52 4 -8.57704 7.11973 1.65249 -8.94691 8.57341 -8.20716 5.66604 -1 -1 -1 3 -1 8 9 -1 
134 4 -7.18332 7.62712 -0.033627 -8.18759 8.74131 -6.17905 6.51292 -1 -1 -1 3 -1 8 9 -1 
75 4 -8.97875 6.66328 1.66739 -9.31302 8.12556 -8.64448 5.201 -1 -1 -1 3 -1 8 9 -1 
172 4 -6.89577 6.58084 0.080962 -7.50604 7.95109 -6.28551 5.21059 -1 -1 -1 3 -1 8 9 -1 
78 4 -6.85053 7.68554 0.0219834 -7.72036 8.90759 -5.9807 6.4635 -1 -1 -1 3 -1 8 9 -1 
58 4 -7.45811 6.40954 -0.0321181 -6.64057 5.15191 -8.27565 7.66717 -1 -1 -1 3 -1 8 9 -1 
197 4 -6.06471 9.06795 -0.0313854 -7.49785 9.51081 -4.63158 8.62509 -1 -1 -1 3 -1 8 9 -1 
82 5 -3.36013 -8.67529 -0.0667708 -1.86122 -8.73236 -4.85905 -8.61821 -1 0 1 -1 6 -1 10 11 
101 5 -5.03465 -7.39881 0.0132319 -3.75721 -8.18504 -6.31209 -6.61259 -1 0 1 -1 6 -1 10 11 
23 5 -4.05064 -7.18208 1.50767 -5.44357 -6.62553 -2.65771 -7.73863 -1 0 1 -1 6 -1 10 11 
25 5 -5.19768 -9.34714 1.51782 -6.69664 -9.29129 -3.69872 -9.40299 -1 0 1 -1 6 -1 10 11 
121 5 -3.43434 -6.57157 0.00172069 -1.97033 -6.89815 -4.89836 -6.24498 -1 0 1 -1 6 -1 10 11 
102 5 -4.90259 -8.0519 -0.0897456 -6.36682 -7.72628 -3.43836 -8.37752 -1 0 1 -1 6 -1 10 11 
126 5 -4.29127 -7.55572 -0.0866852 -3.03887 -8.38125 -5.54367 -6.73019 -1 0 1 -1 6 -1 10 11 
41 5 -5.22902 -6.08617 -0.0685787 -3.98876 -6.92982 -6.46928 -5.24252 -1 0 1 -1 6 -1 10 11 
44 5 -3.16189 -7.2554 1.57057 -1.69581 -7.5726 -4.62797 -6.9382 -1 0 1 -1 6 -1 10 11 
62 5 -2.32498 -7.92347 -0.0838541 -0.859803 -8.24479 -3.79016 -7.60215 -1 0 1 -1 6 -1 10 11 
182 5 -2.0157 -8.33639 -0.0612134 -3.47746 -7.99986 -0.553934 -8.67292 -1 0 1 -1 6 -1 10 11 
129 6 -3.48559 -4.36556 1.47294 -2.08689 -4.90743 -4.8843 -3.8237 0 1 2 5 7 10 11 12 
70 6 -2.62499 -5.08339 1.57811 -1.19683 -5.54206 -4.05314 -4.62472 0 1 2 5 7 10 11 12 
107 6 -3.04211 -5.0633 1.55838 -1.60242 -5.48437 -4.4818 -4.64223 0 1 2 5 7 10 11 12 
243 6 -4.96784 -5.26623 -0.00534277 -5.96902 -4.14926 -3.96665 -6.3832 0 1 2 5 7 10 11 12 
188 6 -2.8363 -4.1707 0.0938717 -4.09968 -3.36207 -1.57293 -4.97932 0 1 2 5 7 10 11 12 
125 6 -4.25866 -4.83919 -0.0866852 -5.44646 -3.92314 -3.07086 -5.75523 0 1 2 5 7 10 11 12 
122 6 -3.46748 -3.88441 0.0960758 -4.70739 -3.04024 -2.22757 -4.72858 0 1 2 5 7 10 11 12 
189 6 -2.57162 -3.41653 0.0938717 -3.49495 -2.23439 -1.64829 -4.59867 0 1 2 5 7 10 11 12 
91 6 -3.50559 -3.5695 1.57205 -4.8382 -2.8809 -2.17299 -4.2581 0 1 2 5 7 10 11 12 
141 6 -5.75579 -2.3466 -0.0153654 -6.73688 -1.21193 -4.77471 -3.48126 0 1 2 5 7 10 11 12 
207 6 -2.57351 -2.88038 0.0828931 -3.41885 -1.64126 -1.72817 -4.11949 0 1 2 5 7 10 11 12 
145 6 -2.59716 -3.28281 0.00575202 -3.53394 -2.1113 -1.66038 -4.45432 0 1 2 5 7 10 11 12 
187 6 -2.13192 -4.9035 -0.0401799 -3.60688 -4.63053 -0.656968 -5.17646 0 1 2 5 7 10 11 12 
131 7 -2.73183 -1.92362 1.51604 -1.87549 -3.15515 -3.58818 -0.692091 1 2 3 6 8 11 12 13 
48 7 -4.82577 -1.48689 1.65033 -4.41332 -2.92907 -5.23822 -0.0447048 1 2 3 6 8 11 12 13 
55 7 -4.42323 0.494736 1.65656 -5.05518 1.85512 -3.79129 -0.865648 1 2 3 6 8 11 12 13 
67 7 -3.60926 0.106885 1.63243 -3.77474 -1.38396 -3.44379 1.59773 1 2 3 6 8 11 12 13 
133 7 -2.39602 0.540122 1.59233 -2.80945 1.98202 -1.98259 -0.901778 1 2 3 6 8 11 12 13 
74 7 -4.32786 0.963868 1.64626 -4.92548 2.33968 -3.73024 -0.411942 1 2 3 6 8 11 12 13 
123 7 -4.52455 -1.65786 -0.0113081 -4.90995 -0.208211 -4.13915 -3.1075 1 2 3 6 8 11 12 13 
85 7 -2.82448 1.29676 1.60699 -2.30508 -0.110442 -3.34388 2.70397 1 2 3 6 8 11 12 13 
112 7 -2.98353 0.655999 1.63237 -3.3617 2.10755 -2.60536 -0.795548 1 2 3 6 8 11 12 13 
37 7 -5.18874 1.40478 1.66868 -4.82303 -0.0499553 -5.55444 2.85952 1 2 3 6 8 11 12 13 
34 7 -2.74598 -0.415173 1.53506 -2.2435 -1.82851 -3.24846 0.998161 1 2 3 6 8 11 12 13 
169 7 -5.46884 -0.371384 1.58895 -4.94006 -1.77509 -5.99762 1.03232 1 2 3 6 8 11 12 13 
113 7 -5.71757 0.854843 1.61256 -6.62882 2.04632 -4.80632 -0.336637 1 2 3 6 8 11 12 13 
210 8 -3.40729 5.09804 0.0886768 -4.35111 6.26389 -2.46347 3.93219 2 3 4 7 9 12 13 14 
72 8 -5.22313 5.19174 1.58781 -5.26895 6.69104 -5.17731 3.69244 2 3 4 7 9 12 13 14 
168 8 -5.43519 3.51358 -0.00214141 -6.1346 4.84054 -4.73578 2.18662 2 3 4 7 9 12 13 14 
95 8 -5.77604 3.9071 1.49327 -6.44109 5.25161 -5.11099 2.56259 2 3 4 7 9 12 13 14 
88 8 -4.40151 4.48319 1.52721 -3.94795 3.05341 -4.85508 5.91298 2 3 4 7 9 12 13 14 
175 8 -4.10553 5.87887 0.0185602 -4.97629 7.10026 -3.23477 4.65749 2 3 4 7 9 12 13 14 
138 8 -4.07636 2.91131 -0.00256941 -4.80213 4.22405 -3.3506 1.59858 2 3 4 7 9 12 13 14 
36 8 -5.65075 5.82331 1.51514 -6.07195 7.26296 -5.22956 4.38365 2 3 4 7 9 12 13 14 
90 8 -3.15655 2.83465 1.62689 -2.32192 1.58829 -3.99117 4.08101 2 3 4 7 9 12 13 14 
105 8 -2.90646 4.86233 -0.0464703 -3.69262 6.13981 -2.1203 3.58485 2 3 4 7 9 12 13 14 
155 8 -2.54944 2.40881 0.0708671 -3.12628 3.79346 -1.9726 1.02416 2 3 4 7 9 12 13 14 
97 8 -2.23576 5.49011 0.0814642 -2.96377 6.80161 -1.50776 4.17862 2 3 4 7 9 12 13 14 
86 8 -3.64117 2.63422 1.65076 -3.13822 1.22105 -4.14411 4.04739 2 3 4 7 9 12 13 14 
170 8 -2.00484 4.05046 1.62101 -2.81 5.31605 -1.19967 2.78487 2 3 4 7 9 12 13 14 
215 9 -4.83476 7.20442 -0.0463609 -6.02136 8.12202 -3.64816 6.28683 3 4 -1 8 -1 13 14 -1 
118 9 -2.63353 7.77943 -0.0705271 -4.12229 7.96269 -1.14476 7.59617 3 4 -1 8 -1 13 14 -1 
178 9 -3.08701 8.9641 0.0681749 -4.56418 8.70342 -1.60983 9.22477 3 4 -1 8 -1 13 14 -1 
136 9 -5.89265 9.72742 -0.00985311 -7.38667 9.59356 -4.39864 9.86128 3 4 -1 8 -1 13 14 -1 
117 9 -4.9943 7.65003 -0.0258068 -6.14224 8.61555 -3.84636 6.6845 3 4 -1 8 -1 13 14 -1 
76 9 -3.99171 6.97037 1.66739 -5.20319 7.85487 -2.78024 6.08588 3 4 -1 8 -1 13 14 -1 
96 9 -2.61431 8.29595 -0.0364301 -4.09588 8.06153 -1.13274 8.53036 3 4 -1 8 -1 13 14 -1 
173 9 -3.21242 9.22758 0.0946512 -4.70685 9.09849 -1.71798 9.35667 3 4 -1 8 -1 13 14 -1 
87 9 -4.15827 7.55952 1.62448 -3.05873 6.53923 -5.25782 8.57981 3 4 -1 8 -1 13 14 -1 
157 9 -4.79246 8.7515 0.0924511 -6.24193 9.13757 -3.343 8.36543 3 4 -1 8 -1 13 14 -1 
116 9 -5.84328 7.62729 0.0688266 -6.82419 8.76212 -4.86238 6.49247 3 4 -1 8 -1 13 14 -1 
158 9 -2.04909 8.5223 0.08265 -3.52157 8.2363 -0.57661 8.80831 3 4 -1 8 -1 13 14 -1 
161 10 0.504174 -7.91615 -0.0377534 1.99897 -7.79133 -0.990624 -8.04097 -1 5 6 -1 11 -1 15 16 
184 10 -0.63982 -9.82368 0.0666466 0.859938 -9.7967 -2.13958 -9.85066 -1 5 6 -1 11 -1 15 16 
146 10 0.419636 -8.08491 -0.0290627 -1.05843 -8.34051 1.8977 -7.82931 -1 5 6 -1 11 -1 15 16 
43 10 -0.846438 -8.94112 1.57954 -2.33865 -8.78844 0.645771 -9.09381 -1 5 6 -1 11 -1 15 16 
202 10 -0.623864 -8.80093 -0.0198541 -2.1049 -8.56315 0.85717 -9.0387 -1 5 6 -1 11 -1 15 16 
81 10 -1.83234 -7.37445 0.0762549 -0.360535 -7.66391 -3.30415 -7.08499 -1 5 6 -1 11 -1 15 16 
63 10 0.611582 -9.75146 -0.0838541 2.10819 -9.85229 -0.885026 -9.65062 -1 5 6 -1 11 -1 15 16 
142 10 -0.873536 -9.36198 -0.0336728 0.626321 -9.38266 -2.37339 -9.3413 -1 5 6 -1 11 -1 15 16 
244 10 -1.10325 -6.53151 0.0983097 -2.50489 -5.99728 0.298392 -7.06575 -1 5 6 -1 11 -1 15 16 
64 10 0.831108 -8.20361 1.58821 -0.664462 -8.31882 2.32668 -8.08841 -1 5 6 -1 11 -1 15 16 
227 10 -1.6761 -7.19617 0.08476 -3.13202 -6.83521 -0.220174 -7.55713 -1 5 6 -1 11 -1 15 16 
247 10 -1.63235 -6.16349 0.0105635 -3.09142 -5.81548 -0.173277 -6.51149 -1 5 6 -1 11 -1 15 16 
162 10 -0.617675 -6.22389 0.045501 0.769828 -6.79383 -2.00518 -5.65395 -1 5 6 -1 11 -1 15 16 
106 10 -1.85119 -9.74468 1.52942 -0.365871 -9.53531 -3.3365 -9.95406 -1 5 6 -1 11 -1 15 16 
132 11 0.740482 -4.57348 1.59233 -0.339373 -3.53237 1.82034 -5.61459 5 6 7 10 12 15 16 17 
226 11 -0.564441 -4.09184 -0.0370219 -1.70149 -3.11351 0.572607 -5.07016 5 6 7 10 12 15 16 17 
229 11 1.25638 -5.39309 1.56342 2.26167 -6.50637 0.251082 -4.27981 5 6 7 10 12 15 16 17 
246 11 -0.638427 -3.17479 0.0105635 -1.73456 -2.15084 0.45771 -4.19874 5 6 7 10 12 15 16 17 
264 11 1.16003 -4.21441 0.00277262 0.207209 -3.05591 2.11286 -5.37291 5 6 7 10 12 15 16 17 
250 11 1.29982 -4.76216 1.58442 0.127772 -3.82605 2.47187 -5.69827 5 6 7 10 12 15 16 17 
328 11 0.0717667 -3.43052 1.57454 -0.993906 -2.37489 1.13744 -4.48614 5 6 7 10 12 15 16 17 
185 11 1.45968 -3.0669 -0.0540477 0.300955 -2.11434 2.6184 -4.01946 5 6 7 10 12 15 16 17 
221 11 0.907279 -5.32505 -0.0620778 0.000995738 -4.12978 1.81356 -6.52031 5 6 7 10 12 15 16 17 
305 11 0.656519 -2.2549 1.52065 -0.690973 -1.59591 2.00401 -2.91389 5 6 7 10 12 15 16 17 
68 11 -1.56466 -2.95848 1.59126 -0.474856 -3.98917 -2.65446 -1.92778 5 6 7 10 12 15 16 17 
181 11 1.51739 -3.324 0.0295419 0.433139 -2.28747 2.60165 -4.36053 5 6 7 10 12 15 16 17 
144 11 -0.300067 -2.34184 0.0588998 -1.31032 -1.23306 0.71019 -3.45061 5 6 7 10 12 15 16 17 
171 11 1.23315 -2.01311 1.62101 2.52786 -2.77057 -0.0615492 -1.25565 5 6 7 10 12 15 16 17 
152 12 -0.386907 0.0245798 1.51143 -1.51673 1.01124 0.742919 -0.962078 6 7 8 11 13 16 17 18 
166 12 -0.0640034 0.123472 0.0316722 -1.10199 1.20633 0.973982 -0.959388 6 7 8 11 13 16 17 18 
216 12 1.8249 0.490845 -0.00681139 3.17808 -0.156371 0.471711 1.13806 6 7 8 11 13 16 17 18 
47 12 1.63678 -0.959201 1.60654 2.94413 -1.69462 0.329432 -0.22378 6 7 8 11 13 16 17 18 
194 12 -1.28455 -1.94637 0.0518072 -2.41535 -0.960836 -0.153744 -2.93191 6 7 8 11 13 16 17 18 
115 12 -0.038644 1.09761 0.0241251 -0.829584 2.37213 0.752296 -0.176919 6 7 8 11 13 16 17 18 
205 12 -1.02274 0.885363 -0.0835163 -2.00365 2.02019 -0.0418364 -0.249459 6 7 8 11 13 16 17 18 
270 12 1.1044 -1.41866 1.62258 -0.276754 -0.833493 2.48555 -2.00383 6 7 8 11 13 16 17 18 
330 12 1.78747 1.85603 1.4827 0.710311 2.89992 2.86463 0.812127 6 7 8 11 13 16 17 18 
287 12 1.45334 -1.87584 1.57435 0.0948675 -1.2398 2.81182 -2.51188 6 7 8 11 13 16 17 18 
212 12 0.714381 1.94869 0.0451745 -0.345207 3.01042 1.77397 0.88696 6 7 8 11 13 16 17 18 
278 13 0.436046 4.73339 -0.0548573 1.36514 3.55577 -0.493046 5.91101 7 8 9 12 14 17 18 19 
233 13 -0.11963 4.09336 0.0984411 0.903189 2.99616 -1.14245 5.19056 7 8 9 12 14 17 18 19 
312 13 0.996286 2.48783 1.55215 -0.0945716 3.51741 2.08714 1.45825 7 8 9 12 14 17 18 19 
218 13 0.119758 2.94354 0.0219677 -0.892204 4.05075 1.13172 1.83632 7 8 9 12 14 17 18 19 
214 13 1.29441 4.35209 -0.0575552 2.21817 3.17027 0.370664 5.5339 7 8 9 12 14 17 18 19 
317 13 1.23002 5.32997 0.0721344 2.3437 4.32512 0.11634 6.33481 7 8 9 12 14 17 18 19 
234 13 -0.317243 4.12273 0.0738822 -1.34881 5.2117 0.714325 3.03375 7 8 9 12 14 17 18 19 
370 13 1.39035 5.86188 1.62503 0.385229 6.97532 2.39547 4.74845 7 8 9 12 14 17 18 19 
295 13 0.976822 4.55296 -0.0909834 1.84041 3.3265 0.113235 5.77943 7 8 9 12 14 17 18 19 
284 13 0.468083 2.40848 -0.043355 -0.527723 3.53025 1.46389 1.28671 7 8 9 12 14 17 18 19 
177 13 -0.724475 3.91076 0.0410186 -1.86138 4.88925 0.412429 2.93226 7 8 9 12 14 17 18 19 
191 13 -1.15874 4.88755 -0.0803081 -2.04425 6.09828 -0.273229 3.67681 7 8 9 12 14 17 18 19 
196 13 -1.87209 2.83369 -0.0214127 -2.65335 4.11417 -1.09083 1.5532 7 8 9 12 14 17 18 19 
176 13 -0.163333 2.68289 0.0439749 -1.04539 3.89614 0.718722 1.46964 7 8 9 12 14 17 18 19 
252 13 1.06288 2.00093 1.54105 0.069686 3.12501 2.05608 0.876845 7 8 9 12 14 17 18 19 
154 13 -1.20271 5.36319 -0.0763312 -2.18942 6.49298 -0.216009 4.23341 7 8 9 12 14 17 18 19 
190 13 1.74319 5.18474 0.0938717 2.81299 4.1333 0.673387 6.23618 7 8 9 12 14 17 18 19 
150 13 -1.05885 2.68157 1.5108 -1.70269 4.03637 -0.415014 1.32678 7 8 9 12 14 17 18 19 
277 14 0.13174 9.86791 -0.0597183 1.63172 9.87532 -1.36824 9.8605 8 9 -1 13 -1 18 19 -1 
209 14 0.742424 8.43871 0.0886768 2.2273 8.22621 -0.742448 8.65121 8 9 -1 13 -1 18 19 -1 
135 14 0.435168 9.33974 -0.0784199 -1.05792 9.19592 1.92826 9.48356 8 9 -1 13 -1 18 19 -1 
114 14 -0.287564 9.14721 1.61256 -1.76889 8.91126 1.19376 9.38316 8 9 -1 13 -1 18 19 -1 
238 14 1.39205 9.20465 -0.0677189 -0.0435134 8.76972 2.82761 9.63958 8 9 -1 13 -1 18 19 -1 
255 14 0.322219 9.66306 -0.00311797 -1.17349 9.77642 1.81793 9.54971 8 9 -1 13 -1 18 19 -1 
77 14 -1.26339 7.42319 0.0753746 -2.71898 7.06087 0.192189 7.78552 8 9 -1 13 -1 18 19 -1 
253 14 -1.75996 8.91999 -0.0652644 -3.13356 8.31732 -0.38635 9.52265 8 9 -1 13 -1 18 19 -1 
137 14 1.52347 6.10843 0.027191 0.695925 7.35949 2.35102 4.85736 8 9 -1 13 -1 18 19 -1 
275 14 -0.355074 6.09882 -0.0896766 0.495451 4.86326 -1.2056 7.33438 8 9 -1 13 -1 18 19 -1 
217 14 -1.17265 6.03398 0.0193853 -2.28558 7.03966 -0.0597223 5.0283 8 9 -1 13 -1 18 19 -1 
206 15 2.44812 -9.11505 -0.08235 0.951751 -9.21929 3.9445 -9.0108 -1 10 11 -1 16 -1 20 21 
241 15 3.57275 -6.9869 -0.00257303 2.51226 -5.92606 4.63323 -8.04773 -1 10 11 -1 16 -1 20 21 
242 15 4.13328 -8.65222 -0.00484941 2.76384 -8.04015 5.50273 -9.26428 -1 10 11 -1 16 -1 20 21 
263 15 5.34764 -7.38659 0.0564466 4.43942 -6.19279 6.25586 -8.58038 -1 10 11 -1 16 -1 20 21 
283 15 5.11296 -8.08466 0.0836279 3.94926 -7.13819 6.27666 -9.03113 -1 10 11 -1 16 -1 20 21 
165 15 5.1066 -8.5007 -0.0187441 3.77923 -7.80208 6.43398 -9.19932 -1 10 11 -1 16 -1 20 21 
304 15 3.93496 -6.15908 0.0786674 2.89605 -5.0771 4.97387 -7.24105 -1 10 11 -1 16 -1 20 21 
266 15 3.58953 -6.39016 -0.0801331 2.61406 -5.25067 4.56501 -7.52966 -1 10 11 -1 16 -1 20 21 
83 15 2.58342 -8.6905 -0.0484298 1.08344 -8.69659 4.08341 -8.6844 -1 10 11 -1 16 -1 20 21 
262 15 5.70904 -9.06503 -0.0512347 4.31243 -8.51779 7.10566 -9.61226 -1 10 11 -1 16 -1 20 21 
344 15 3.39265 -6.02045 1.5878 2.48317 -4.82762 4.30214 -7.21327 -1 10 11 -1 16 -1 20 21 
164 15 2.07638 -7.21522 0.0663293 0.963988 -6.20895 3.18877 -8.22149 -1 10 11 -1 16 -1 20 21 
303 16 4.62506 -4.98728 0.0786674 3.32952 -4.23125 5.9206 -5.7433 10 11 12 15 17 20 21 22 
267 16 5.25301 -4.20616 1.47404 4.18848 -3.14939 6.31755 -5.26293 10 11 12 15 17 20 21 22 
265 16 3.78821 -4.63723 -0.0801331 2.52407 -3.82979 5.05234 -5.44468 10 11 12 15 17 20 21 22 
286 16 2.16801 -4.6818 1.62525 1.27692 -3.47517 3.0591 -5.88843 10 11 12 15 17 20 21 22 
225 16 3.15533 -4.85956 -0.0243093 1.87029 -4.08581 4.44036 -5.63331 10 11 12 15 17 20 21 22 
363 16 4.88139 -4.68888 1.63109 3.8011 -3.64822 5.96169 -5.72953 10 11 12 15 17 20 21 22 
321 16 5.9937 -4.67841 0.00346954 4.95985 -3.5916 7.02756 -5.76521 10 11 12 15 17 20 21 22 
245 16 4.25208 -4.42576 -0.0212704 3.1162 -3.44607 5.38795 -5.40545 10 11 12 15 17 20 21 22 
364 16 5.68495 -4.8246 1.6272 4.52897 -3.86871 6.84092 -5.78049 10 11 12 15 17 20 21 22 
326 16 5.20393 -2.68863 1.64329 4.12519 -1.64637 6.28267 -3.7309 10 11 12 15 17 20 21 22 
308 16 5.72573 -3.28295 1.55792 4.62409 -2.26493 6.82738 -4.30098 10 11 12 15 17 20 21 22 
261 16 2.4604 -5.14978 0.0248666 1.52985 -3.97332 3.39095 -6.32625 10 11 12 15 17 20 21 22 
292 16 3.29597 -2.3834 1.52951 2.11855 -1.45405 4.47339 -3.31275 10 11 12 15 17 20 21 22 
73 16 5.13885 -2.22448 1.49962 6.09023 -3.38417 4.18748 -1.06479 10 11 12 15 17 20 21 22 
224 16 4.2637 -5.30936 -0.0442809 3.02366 -4.46538 5.50373 -6.15335 10 11 12 15 17 20 21 22 
232 16 5.93699 -2.96072 0.0536245 6.99217 -4.02683 4.88182 -1.8946 10 11 12 15 17 20 21 22 
306 16 5.86206 -3.18167 1.66258 4.85258 -2.07219 6.87154 -4.29116 10 11 12 15 17 20 21 22 
342 16 5.91022 -4.28621 -0.0266753 4.87902 -3.19689 6.94143 -5.37553 10 11 12 15 17 20 21 22 
223 16 2.6893 -5.98241 -0.0611452 1.4998 -5.06857 3.87879 -6.89625 10 11 12 15 17 20 21 22 
211 17 3.77876 -0.434882 0.0146525 2.60819 0.503075 4.94933 -1.37284 11 12 13 16 18 21 22 23 
353 17 4.37043 0.539223 1.56506 3.16929 1.4377 5.57157 -0.359254 11 12 13 16 18 21 22 23 
309 17 3.9963 -0.468629 1.64993 2.78954 0.422289 5.20305 -1.35955 11 12 13 16 18 21 22 23 
323 17 4.59622 -0.62654 0.017917 3.47525 0.370165 5.71719 -1.62324 11 12 13 16 18 21 22 23 
208 17 3.99569 -0.0557551 0.0886768 2.87725 0.943792 5.11413 -1.0553 11 12 13 16 18 21 22 23 
333 17 4.26007 0.455806 1.58287 3.10694 1.41512 5.41321 -0.503504 11 12 13 16 18 21 22 23 
345 17 5.50087 1.14032 1.54214 5.30165 2.62703 5.70009 -0.346395 11 12 13 16 18 21 22 23 
147 17 3.32079 -0.0174975 -0.0290627 2.15624 0.927924 4.48534 -0.962919 11 12 13 16 18 21 22 23 
349 17 4.54557 -0.969928 1.62199 5.70851 -1.91733 3.38263 -0.022525 11 12 13 16 18 21 22 23 
331 17 5.03252 1.55759 1.61035 4.95617 3.05564 5.10886 0.0595298 11 12 13 16 18 21 22 23 
203 17 2.69507 -0.319063 0.0986814 1.29888 0.229263 4.09125 -0.867389 11 12 13 16 18 21 22 23 
251 17 2.36605 1.10028 1.54105 1.12796 1.94712 3.60414 0.253434 11 12 13 16 18 21 22 23 
357 17 5.74642 -0.0265986 1.6088 5.6819 -1.52521 5.81094 1.47201 11 12 13 16 18 21 22 23 
231 17 5.10391 -1.93485 1.61476 4.11664 -0.805568 6.09119 -3.06414 11 12 13 16 18 21 22 23 
316 17 2.61867 1.84277 -0.0655887 3.61643 0.722737 1.62092 2.96281 11 12 13 16 18 21 22 23 
314 18 4.80086 3.90034 1.52025 4.47997 5.36561 5.12174 2.43506 12 13 14 17 19 22 23 24 
193 18 3.45771 4.14804 0.0866947 3.65031 2.66046 3.26512 5.63563 12 13 14 17 19 22 23 24 
351 18 3.78619 3.10968 1.5717 3.52187 4.58621 4.05051 1.63315 12 13 14 17 19 22 23 24 
273 18 3.33554 2.31147 1.63076 2.42624 3.50444 4.24484 1.1185 12 13 14 17 19 22 23 24 
310 18 5.47786 3.28032 1.66042 5.24721 4.76248 5.70852 1.79816 12 13 14 17 19 22 23 24 
254 18 5.28773 5.65803 0.0939474 3.78903 5.59546 6.78642 5.7206 12 13 14 17 19 22 23 24 
334 18 5.76996 2.72504 1.49321 5.65921 4.22095 5.88072 1.22914 12 13 14 17 19 22 23 24 
249 18 4.44218 2.5179 1.49744 4.15323 3.98981 4.73112 1.046 12 13 14 17 19 22 23 24 
230 18 2.13845 2.5623 1.61476 1.15741 3.69701 3.11949 1.42759 12 13 14 17 19 22 23 24 
298 18 5.89891 3.22989 -0.0538784 5.62996 4.70558 6.16786 1.7542 12 13 14 17 19 22 23 24 
336 19 3.60252 9.6035 1.56548 2.10555 9.6988 5.09949 9.50821 13 14 -1 18 -1 23 24 -1 
373 19 2.87199 7.72219 1.55408 1.78561 6.68789 3.95837 8.75649 13 14 -1 18 -1 23 24 -1 
377 19 5.35322 8.95342 1.61999 6.84714 9.08836 3.8593 8.81847 13 14 -1 18 -1 23 24 -1 
313 19 4.56844 6.97738 1.66995 3.16867 6.43827 5.96821 7.51649 13 14 -1 18 -1 23 24 -1 
338 19 5.69379 7.72161 0.0623159 7.00531 8.44957 4.38227 6.99366 13 14 -1 18 -1 23 24 -1 
213 19 2.4087 7.7119 0.0189033 1.18784 6.84042 3.62957 8.58339 13 14 -1 18 -1 23 24 -1 
235 19 2.36894 8.2019 -0.0355828 1.01363 7.55914 3.72425 8.84466 13 14 -1 18 -1 23 24 -1 
198 19 5.3751 8.66878 -0.0460039 3.89529 8.42352 6.85492 8.91404 13 14 -1 18 -1 23 24 -1 
354 19 5.42605 9.30995 1.65873 6.92374 9.39322 3.92836 9.22669 13 14 -1 18 -1 23 24 -1 
332 19 3.40391 6.23069 1.47638 4.68283 7.0145 2.12499 5.44688 13 14 -1 18 -1 23 24 -1 
376 19 5.31216 9.90732 1.61539 3.81346 9.96985 6.81085 9.84478 13 14 -1 18 -1 23 24 -1 
156 19 2.45892 8.02447 0.0322909 1.16409 7.26723 3.75375 8.78171 13 14 -1 18 -1 23 24 -1 
236 19 5.44491 8.05519 0.0754502 6.7334 8.82317 4.15642 7.28721 13 14 -1 18 -1 23 24 -1 
337 19 3.72305 7.00444 -0.0754216 4.86454 7.97758 2.58155 6.03131 13 14 -1 18 -1 23 24 -1 
297 19 5.05488 7.5692 0.0840942 6.37879 8.27436 3.73097 6.86403 13 14 -1 18 -1 23 24 -1 
237 19 3.9663 6.05644 0.0560184 2.58445 5.47292 5.34815 6.63996 13 14 -1 18 -1 23 24 -1 
324 20 7.51809 -6.68436 1.52854 6.381 -5.70608 8.65518 -7.66263 -1 15 16 -1 21 -1 -1 -1 
325 20 9.02517 -8.23221 1.49129 8.60027 -6.79364 9.45006 -9.67077 -1 15 16 -1 21 -1 -1 -1 
343 20 9.41599 -7.98584 1.58283 9.23114 -6.49727 9.60084 -9.4744 -1 15 16 -1 21 -1 -1 -1 
201 20 7.55607 -9.59415 -0.0121466 6.10505 -9.21397 9.00709 -9.97433 -1 15 16 -1 21 -1 -1 -1 
222 20 7.52662 -8.07966 -0.0374866 6.65782 -6.85688 8.39543 -9.30243 -1 15 16 -1 21 -1 -1 -1 
186 20 7.44088 -7.65374 0.0781129 6.6731 -6.36513 8.20865 -8.94235 -1 15 16 -1 21 -1 -1 -1 
361 20 6.80521 -7.03633 0.0685141 5.94582 -5.80692 7.6646 -8.26574 -1 15 16 -1 21 -1 -1 -1 
302 20 6.96864 -7.387 -0.0541769 6.10583 -6.15999 7.83145 -8.61402 -1 15 16 -1 21 -1 -1 -1 
248 20 7.42673 -8.34468 1.55798 6.59594 -7.09576 8.25751 -9.5936 -1 15 16 -1 21 -1 -1 -1 
341 20 6.63478 -7.90872 -0.0266753 5.96789 -6.56512 7.30166 -9.25232 -1 15 16 -1 21 -1 -1 -1 
362 20 7.29656 -6.04324 1.61243 6.19361 -5.02663 8.39951 -7.05986 -1 15 16 -1 21 -1 -1 -1 
285 20 8.61707 -6.79117 -0.043355 9.35883 -8.09493 7.87532 -5.4874 -1 15 16 -1 21 -1 -1 -1 
322 20 6.30288 -6.77488 0.017917 5.47168 -5.52624 7.13408 -8.02352 -1 15 16 -1 21 -1 -1 -1 
327 20 6.12411 -7.37743 1.48248 5.37706 -6.07669 6.87116 -8.67816 -1 15 16 -1 21 -1 -1 -1 
307 21 9.26289 -3.74708 1.47786 9.12111 -2.2538 9.40467 -5.24037 15 16 17 20 22 -1 -1 -1 
301 21 7.69517 -4.73594 -0.0896105 6.80809 -3.52636 8.58226 -5.94552 15 16 17 20 22 -1 -1 -1 
346 21 8.52411 -3.78693 1.57554 7.90366 -2.42127 9.14455 -5.1526 15 16 17 20 22 -1 -1 -1 
348 21 9.12768 -3.52836 1.61413 9.02906 -2.03161 9.2263 -5.02512 15 16 17 20 22 -1 -1 -1 
228 21 8.36976 -4.47745 0.08476 7.79768 -3.09083 8.94185 -5.86407 15 16 17 20 22 -1 -1 -1 
289 21 7.6706 -3.08003 1.47494 7.17044 -1.66587 8.17077 -4.49418 15 16 17 20 22 -1 -1 -1 
288 21 7.0502 -2.20066 1.54623 7.14533 -0.703678 6.95506 -3.69764 15 16 17 20 22 -1 -1 -1 
291 21 9.06788 -5.99291 1.5682 8.81614 -4.51418 9.31962 -7.47163 15 16 17 20 22 -1 -1 -1 
271 21 6.22196 -4.10531 1.61511 5.02678 -3.19892 7.41715 -5.01169 15 16 17 20 22 -1 -1 -1 
329 22 6.71339 -0.938084 1.50539 6.89216 0.551226 6.53463 -2.42739 16 17 18 21 23 -1 -1 -1 
293 22 9.4518 0.819057 1.6695 9.37633 2.31716 9.52727 -0.679043 16 17 18 21 23 -1 -1 -1 
274 22 7.15275 1.53552 0.0303916 6.90755 3.01535 7.39795 0.0557018 16 17 18 21 23 -1 -1 -1 
268 22 7.44703 1.03488 1.57244 7.2896 2.5266 7.60447 -0.456835 16 17 18 21 23 -1 -1 -1 
372 22 8.90458 0.825776 1.51924 8.99119 2.32327 8.81798 -0.671722 16 17 18 21 23 -1 -1 -1 
366 22 8.50487 -1.44264 1.59963 8.67363 0.0478333 8.33611 -2.93312 16 17 18 21 23 -1 -1 -1 
281 22 7.93302 0.249491 0.0213392 7.75034 1.73833 8.1157 -1.23934 16 17 18 21 23 -1 -1 -1 
192 22 6.51047 -1.17196 0.060257 6.74883 0.308983 6.2721 -2.6529 16 17 18 21 23 -1 -1 -1 
368 22 9.11924 0.361055 1.67067 9.05393 1.85963 9.18455 -1.13752 16 17 18 21 23 -1 -1 -1 
282 22 7.31236 -0.556348 -0.0810843 7.03427 0.91765 7.59044 -2.03035 16 17 18 21 23 -1 -1 -1 
350 22 8.19901 1.80282 1.54919 8.05717 3.2961 8.34085 0.309545 16 17 18 21 23 -1 -1 -1 
352 22 8.82189 0.833186 1.58557 8.7007 -0.66191 8.94308 2.32828 16 17 18 21 23 -1 -1 -1 
290 22 6.04723 0.613346 1.62067 6.34079 2.08434 5.75368 -0.857649 16 17 18 21 23 -1 -1 -1 
311 22 6.76477 1.98037 1.63968 6.88095 3.47587 6.64859 0.484881 16 17 18 21 23 -1 -1 -1 
374 22 9.36467 -1.99384 1.64317 9.45509 -0.49657 9.27426 -3.49112 16 17 18 21 23 -1 -1 -1 
356 23 7.56728 4.05483 1.6088 7.17136 2.60802 7.96319 5.50163 17 18 19 22 24 -1 -1 -1 
318 23 9.35601 3.69897 0.0769724 9.27172 2.20134 9.4403 5.1966 17 18 19 22 24 -1 -1 -1 
347 23 8.49764 4.56391 1.50313 8.39867 3.06718 8.5966 6.06065 17 18 19 22 24 -1 -1 -1 
367 23 9.62566 4.30709 1.47839 9.50219 5.802 9.74914 2.81218 17 18 19 22 24 -1 -1 -1 
371 23 6.21292 3.19471 1.55579 6.23312 4.69458 6.19271 1.69485 17 18 19 22 24 -1 -1 -1 
269 23 9.09204 2.25856 1.58036 9.04113 3.75769 9.14294 0.759422 17 18 19 22 24 -1 -1 -1 
315 23 8.43117 2.85159 1.52025 8.07069 4.30763 8.79165 1.39555 17 18 19 22 24 -1 -1 -1 
335 23 8.99378 3.99856 1.56548 8.64129 2.54057 9.34628 5.45656 17 18 19 22 24 -1 -1 -1 
355 23 9.35894 5.1159 1.65228 9.19689 3.62468 9.521 6.60712 17 18 19 22 24 -1 -1 -1 
378 23 6.97599 5.9807 1.61999 7.63905 7.32619 6.31293 4.63521 17 18 19 22 24 -1 -1 -1 
365 23 8.26613 5.4888 1.61639 8.382 6.98432 8.15026 3.99329 17 18 19 22 24 -1 -1 -1 
294 23 6.64471 2.19541 1.6695 6.85538 3.68054 6.43404 0.710274 17 18 19 22 24 -1 -1 -1 
296 24 8.46042 6.70643 -0.0642139 8.26457 5.21928 8.65628 8.19359 18 19 -1 23 -1 -1 -1 -1 
358 24 9.36832 7.37524 -0.0262301 9.38486 5.87533 9.35179 8.87514 18 19 -1 23 -1 -1 -1 -1 
258 24 7.22284 9.65168 0.03131 8.69941 9.91576 5.74627 9.3876 18 19 -1 23 -1 -1 -1 -1 
276 24 8.50998 8.37748 0.0647429 9.50299 9.50173 7.51697 7.25324 18 19 -1 23 -1 -1 -1 -1 
272 24 9.82076 8.4452 1.63076 9.95469 6.95119 9.68684 9.9392 18 19 -1 23 -1 -1 -1 -1 
375 24 8.07317 8.32528 1.58201 7.11881 7.16805 9.02754 9.48252 18 19 -1 23 -1 -1 -1 -1 
257 24 7.94936 9.60608 -0.0370511 6.46406 9.3966 9.43466 9.81556 18 19 -1 23 -1 -1 -1 -1 
369 24 6.05926 6.42314 1.504 7.37387 7.14549 4.74464 5.70079 18 19 -1 23 -1 -1 -1 -1 
256 24 6.41973 7.26897 0.024088 7.73266 7.99436 5.10679 6.54357 18 19 -1 23 -1 -1 -1 -1 
195 24 7.56929 6.30211 -0.0966908 7.13443 4.86653 8.00416 7.73769 18 19 -1 23 -1 -1 -1 -1 
