148 0 -6.9724 -8.09511 1.53451 -5.54114 -8.54401 -8.40365 -7.64621 -1 -1 -1 -1 1 -1 5 6 
21 0 -7.49305 -7.14663 -0.092345 -5.99309 -7.13476 -8.993 -7.15849 -1 -1 -1 -1 1 -1 5 6 
42 0 -7.40033 -8.98145 -0.0685787 -6.12869 -9.77702 -8.67197 -8.18588 -1 -1 -1 -1 1 -1 5 6 
104 0 -8.40502 -9.36292 -0.0464703 -6.97272 -9.80847 -9.83732 -8.91736 -1 -1 -1 -1 1 -1 5 6 
204 0 -8.01899 -8.35614 0.0898347 -6.65239 -8.97453 -9.3856 -7.73776 -1 -1 -1 -1 1 -1 5 6 
143 0 -9.72013 -7.58921 0.0057508 -9.54301 -6.0997 -9.89726 -9.07871 -1 -1 -1 -1 1 -1 5 6 
65 0 -9.25748 -6.6529 1.50376 -9.61185 -8.11044 -8.90312 -5.19536 -1 -1 -1 -1 1 -1 5 6 
101 0 -6.00437 -7.3985 0.0132319 -4.50535 -7.45256 -7.5034 -7.34444 -1 -1 -1 -1 1 -1 5 6 
108 1 -8.8255 -3.22713 1.57308 -9.28113 -4.65626 -8.36987 -1.79801 -1 -1 -1 0 2 5 6 7 
24 1 -9.6281 -3.83184 1.49928 -9.76277 -5.32578 -9.49343 -2.3379 -1 -1 -1 0 2 5 6 7 
61 1 -6.43703 -5.12192 -0.0551714 -6.43352 -3.62192 -6.44054 -6.62191 -1 -1 -1 0 2 5 6 7 
103 1 -6.81609 -3.21311 -0.00949416 -6.47523 -4.67386 -7.15696 -1.75235 -1 -1 -1 0 2 5 6 7 
125 1 -7.88391 -5.26471 -0.0866852 -8.71581 -4.01654 -7.05201 -6.51289 -1 -1 -1 0 2 5 6 7 
71 1 -7.8558 -5.8094 1.61523 -6.90193 -6.96704 -8.80966 -4.65176 -1 -1 -1 0 2 5 6 7 
109 1 -7.49905 -2.59943 1.54238 -7.25908 -1.11875 -7.73902 -4.08011 -1 -1 -1 0 2 5 6 7 
69 1 -9.47222 -5.5389 1.65286 -9.76806 -7.00944 -9.17638 -4.06836 -1 -1 -1 0 2 5 6 7 
89 1 -8.22625 -2.16759 1.5963 -8.29427 -3.66605 -8.15822 -0.669136 -1 -1 -1 0 2 5 6 7 
28 1 -7.34619 -4.98465 1.47188 -6.45895 -6.19412 -8.23342 -3.77518 -1 -1 -1 0 2 5 6 7 
50 2 -8.92754 -0.595788 1.49607 -8.49612 -2.03241 -9.35896 0.840832 -1 -1 -1 1 3 6 7 8 
53 2 -8.43374 0.242606 1.64356 -8.36482 1.74102 -8.50265 -1.25581 -1 -1 -1 1 3 6 7 8 
49 2 -7.16305 -1.25151 1.53819 -7.20207 -2.751 -7.12403 0.247986 -1 -1 -1 1 3 6 7 8 
22 2 -6.6517 -0.912215 1.51221 -6.33363 -2.3781 -6.96978 0.553674 -1 -1 -1 1 3 6 7 8 
151 2 -9.56673 0.848871 1.51143 -9.36916 2.3358 -9.7643 -0.63806 -1 -1 -1 1 3 6 7 8 
124 2 -8.17256 -1.47028 -0.0693766 -8.0997 0.0279482 -8.24542 -2.96851 -1 -1 -1 1 3 6 7 8 
46 2 -7.69986 -1.62301 1.51621 -8.11105 -3.06555 -7.28866 -0.180468 -1 -1 -1 1 3 6 7 8 
38 2 -9.64932 1.22328 1.66868 -9.39804 2.70208 -9.90061 -0.255523 -1 -1 -1 1 3 6 7 8 
130 2 -7.85458 0.884256 1.60474 -7.77472 -0.613616 -7.93445 2.38213 -1 -1 -1 1 3 6 7 8 
111 2 -7.71962 0.358708 1.54961 -7.69163 -1.14103 -7.7476 1.85845 -1 -1 -1 1 3 6 7 8 
27 2 -9.49514 -1.96718 1.51453 -9.98532 -3.38483 -9.00496 -0.549537 -1 -1 -1 1 3 6 7 8 
113 2 -7.18027 1.84895 1.61256 -7.59346 3.29092 -6.76708 0.406981 -1 -1 -1 1 3 6 7 8 
35 3 -9.23662 5.87542 1.57487 -9.26349 7.37517 -9.20975 4.37566 -1 -1 -1 2 4 7 8 9 
51 3 -8.63655 3.15979 1.51942 -8.56455 1.66152 -8.70854 4.65806 -1 -1 -1 2 4 7 8 9 
29 3 -9.29985 2.99728 1.57246 -9.26467 1.49769 -9.33503 4.49687 -1 -1 -1 2 4 7 8 9 
127 3 -9.71201 3.83095 1.60202 -9.54261 2.34054 -9.8814 5.32135 -1 -1 -1 2 4 7 8 9 
30 3 -8.27351 4.15921 1.53668 -7.62353 2.80735 -8.92349 5.51107 -1 -1 -1 2 4 7 8 9 
149 3 -8.00455 5.09015 1.54739 -8.54026 6.49122 -7.46885 3.68907 -1 -1 -1 2 4 7 8 9 
26 3 -9.40802 3.98126 1.57237 -9.31074 2.48442 -9.50529 5.4781 -1 -1 -1 2 4 7 8 9 
45 3 -7.66241 2.2087 1.63561 -8.24848 3.58947 -7.07634 0.827932 -1 -1 -1 2 4 7 8 9 
75 3 -8.44545 5.63439 1.66739 -8.9994 7.02836 -7.89151 4.24042 -1 -1 -1 2 4 7 8 9 
58 3 -7.02965 5.73298 -0.0321181 -6.03372 4.61132 -8.02558 6.85464 -1 -1 -1 2 4 7 8 9 
167 3 -8.20763 2.00334 -0.00214141 -8.339 3.49758 -8.07627 0.509104 -1 -1 -1 2 4 7 8 9 
197 3 -6.03691 5.90107 -0.0313854 -7.13892 6.9187 -4.93491 4.88343 -1 -1 -1 2 4 7 8 9 
33 3 -7.89606 5.87476 1.57137 -8.88486 7.00271 -6.90727 4.7468 -1 -1 -1 2 4 7 8 9 
93 4 -9.12763 7.19768 1.57299 -9.4892 8.65345 -8.76606 5.74191 -1 -1 -1 3 -1 8 9 -1 
110 4 -7.08422 8.11518 1.47668 -5.65042 7.67448 -8.51802 8.55588 -1 -1 -1 3 -1 8 9 -1 
94 4 -8.17172 9.14831 1.49327 -9.6471 9.41898 -6.69635 8.87764 -1 -1 -1 3 -1 8 9 -1 
52 4 -8.13972 9.24039 1.65249 -9.60479 9.56218 -6.67464 8.91859 -1 -1 -1 3 -1 8 9 -1 
56 4 -6.40659 9.15879 1.5693 -7.81007 9.68818 -5.00311 8.62941 -1 -1 -1 3 -1 8 9 -1 
174 4 -7.83348 9.35229 -0.0158582 -9.30687 9.63361 -6.3601 9.07097 -1 -1 -1 3 -1 8 9 -1 
57 4 -9.69411 6.87897 1.5693 -9.76277 8.3774 -9.62546 5.38054 -1 -1 -1 3 -1 8 9 -1 
36 4 -8.34846 8.59408 1.51514 -9.83476 8.79635 -6.86217 8.3918 -1 -1 -1 3 -1 8 9 -1 
98 4 -6.7971 6.00842 0.0357864 -7.86846 7.05827 -5.72574 4.95857 -1 -1 -1 3 -1 8 9 -1 
54 4 -7.97303 6.26883 1.57851 -9.06564 7.29654 -6.88041 5.24112 -1 -1 -1 3 -1 8 9 -1 
82 5 -5.41966 -7.85293 -0.0667708 -3.9858 -8.29343 -6.85352 -7.41243 -1 0 1 -1 6 -1 10 11 
25 5 -4.27242 -8.55929 1.51782 -5.73915 -8.24514 -2.80569 -8.87344 -1 0 1 -1 6 -1 10 11 
126 5 -3.12883 -7.35072 -0.0866852 -1.90355 -8.21599 -4.35411 -6.48545 -1 0 1 -1 6 -1 10 11 
62 5 -4.64238 -7.94742 -0.0838541 -3.19144 -8.32794 -6.09331 -7.5669 -1 0 1 -1 6 -1 10 11 
243 5 -5.20081 -7.2391 -0.00534277 -6.65124 -6.85668 -3.75038 -7.62152 -1 0 1 -1 6 -1 10 11 
106 5 -3.63146 -9.6183 1.52942 -2.14036 -9.45517 -5.12256 -9.78144 -1 0 1 -1 6 -1 10 11 
163 5 -4.48902 -8.42925 0.000652872 -3.01343 -8.69874 -5.96461 -8.15975 -1 0 1 -1 6 -1 10 11 
44 5 -2.06324 -7.17883 1.57057 -1.02171 -8.25828 -3.10477 -6.09937 -1 0 1 -1 6 -1 10 11 
43 5 -3.52673 -9.27903 1.57954 -5.02444 -9.19618 -2.02902 -9.36189 -1 0 1 -1 6 -1 10 11 
41 5 -4.20362 -7.34354 -0.0685787 -2.75218 -7.72212 -5.65506 -6.96496 -1 0 1 -1 6 -1 10 11 
23 5 -3.00804 -6.61777 1.50767 -4.01989 -5.51045 -1.99619 -7.72509 -1 0 1 -1 6 -1 10 11 
227 5 -3.35758 -7.09944 0.08476 -4.54887 -6.18796 -2.16628 -8.01093 -1 0 1 -1 6 -1 10 11 
102 5 -2.28178 -9.10791 -0.0897456 -3.75283 -8.81466 -0.810724 -9.40117 -1 0 1 -1 6 -1 10 11 
63 5 -2.20208 -8.80823 -0.0838541 -0.721338 -9.04785 -3.68281 -8.56861 -1 0 1 -1 6 -1 10 11 
146 5 -2.69121 -6.12139 -0.0290627 -3.5116 -4.86562 -1.87083 -7.37717 -1 0 1 -1 6 -1 10 11 
188 6 -2.96483 -4.03637 0.0938717 -3.8144 -2.80016 -2.11525 -5.27258 0 1 2 5 7 10 11 12 
122 6 -4.24552 -5.76779 0.0960758 -5.3516 -4.75458 -3.13944 -6.781 0 1 2 5 7 10 11 12 
91 6 -3.47138 -2.58472 1.57205 -4.14745 -1.24572 -2.79531 -3.92372 0 1 2 5 7 10 11 12 
32 6 -4.95052 -2.23063 1.53486 -4.25603 -3.56018 -5.645 -0.901086 0 1 2 5 7 10 11 12 
107 6 -3.83986 -4.40962 1.55838 -3.39121 -5.84095 -4.28851 -2.97829 0 1 2 5 7 10 11 12 
153 6 -4.6068 -3.63369 0.0944598 -4.07653 -5.03684 -5.13706 -2.23054 0 1 2 5 7 10 11 12 
84 6 -5.66255 -2.97327 -0.0484298 -6.43517 -1.68756 -4.88992 -4.25898 0 1 2 5 7 10 11 12 
121 6 -5.1334 -5.74154 0.00172069 -4.24952 -6.95346 -6.01728 -4.52962 0 1 2 5 7 10 11 12 
187 6 -2.29994 -3.593 -0.0401799 -3.19976 -2.39287 -1.40012 -4.79314 0 1 2 5 7 10 11 12 
207 6 -2.18391 -3.33849 0.0828931 -3.09539 -2.14719 -1.27242 -4.52979 0 1 2 5 7 10 11 12 
66 6 -5.54685 -3.78034 1.61439 -4.36713 -4.70677 -6.72657 -2.85392 0 1 2 5 7 10 11 12 
70 6 -2.49873 -5.79746 1.57811 -1.72801 -7.08432 -3.26944 -4.5106 0 1 2 5 7 10 11 12 
48 6 -5.30688 -2.22418 1.65033 -4.90311 -3.66882 -5.71064 -0.779548 0 1 2 5 7 10 11 12 
247 6 -2.50899 -5.2345 0.0105635 -3.16143 -3.88382 -1.85655 -6.58517 0 1 2 5 7 10 11 12 
183 6 -5.57877 -2.08224 0.0928546 -5.9856 -0.638459 -5.17195 -3.52601 0 1 2 5 7 10 11 12 
55 7 -4.73527 0.547055 1.65656 -5.63471 1.74748 -3.83583 -0.653366 1 2 3 6 8 11 12 13 
74 7 -3.19796 0.572364 1.64626 -4.11386 1.76027 -2.28206 -0.615544 1 2 3 6 8 11 12 13 
34 7 -4.28211 1.05255 1.53506 -3.43683 -0.186608 -5.12739 2.2917 1 2 3 6 8 11 12 13 
169 7 -4.45349 -0.663157 1.58895 -3.55968 -1.86778 -5.3473 0.541462 1 2 3 6 8 11 12 13 
131 7 -3.54431 -0.375565 1.51604 -2.68208 -1.60299 -4.40653 0.851857 1 2 3 6 8 11 12 13 
145 7 -4.20371 -0.394371 0.00575202 -5.35221 0.57048 -3.0552 -1.35922 1 2 3 6 8 11 12 13 
37 7 -3.98845 -0.95739 1.66868 -2.9945 -2.08081 -4.98239 0.166031 1 2 3 6 8 11 12 13 
85 7 -3.33743 1.97804 1.60699 -2.58993 0.677564 -4.08493 3.27852 1 2 3 6 8 11 12 13 
112 7 -2.78387 -1.1922 1.63237 -3.59008 0.0727258 -1.97767 -2.45713 1 2 3 6 8 11 12 13 
67 7 -2.34397 -0.241377 1.63243 -1.50748 -1.48649 -3.18045 1.00373 1 2 3 6 8 11 12 13 
205 7 -2.54956 1.38427 -0.0835163 -3.23327 2.71938 -1.86585 0.0491521 1 2 3 6 8 11 12 13 
141 7 -5.48906 -1.63183 -0.0153654 -5.87946 -0.183522 -5.09866 -3.08013 1 2 3 6 8 11 12 13 
152 7 -2.08483 1.78081 1.51143 -3.09731 2.88756 -1.07235 0.674065 1 2 3 6 8 11 12 13 
123 7 -4.70932 -1.88943 -0.0113081 -5.08069 -0.43613 -4.33795 -3.34273 1 2 3 6 8 11 12 13 
133 7 -2.09653 0.116929 1.59233 -2.96857 1.33739 -1.22448 -1.10354 1 2 3 6 8 11 12 13 
95 8 -4.4445 4.94338 1.49327 -5.55529 5.95143 -3.33372 3.93534 2 3 4 7 9 12 13 14 
88 8 -4.87658 3.59514 1.52721 -3.74962 2.6052 -6.00353 4.58507 2 3 4 7 9 12 13 14 
138 8 -3.97177 4.39523 -0.00256941 -5.11096 5.37106 -2.83258 3.4194 2 3 4 7 9 12 13 14 
86 8 -3.08197 2.21925 1.65076 -2.57038 0.809186 -3.59355 3.62931 2 3 4 7 9 12 13 14 
210 8 -4.12058 4.9141 0.0886768 -5.31738 5.81835 -2.92378 4.00984 2 3 4 7 9 12 13 14 
72 8 -5.12542 5.21302 1.58781 -6.11419 6.341 -4.13664 4.08505 2 3 4 7 9 12 13 14 
128 8 -5.15408 4.27107 1.5358 -4.14357 3.16253 -6.16459 5.37961 2 3 4 7 9 12 13 14 
177 8 -2.16679 3.76068 0.0410186 -2.40854 5.24108 -1.92504 2.28029 2 3 4 7 9 12 13 14 
196 8 -2.48512 2.90255 -0.0214127 -3.28459 4.17174 -1.68566 1.63335 2 3 4 7 9 12 13 14 
170 8 -3.62015 5.25578 1.62101 -4.54202 6.43906 -2.69828 4.0725 2 3 4 7 9 12 13 14 
105 8 -4.45841 5.72039 -0.0464703 -5.52161 6.7785 -3.3952 4.66229 2 3 4 7 9 12 13 14 
31 8 -5.58841 3.96802 1.64665 -6.73109 4.93976 -4.44573 2.99628 2 3 4 7 9 12 13 14 
168 8 -4.63721 2.27652 -0.00214141 -5.49137 3.50957 -3.78304 1.04348 2 3 4 7 9 12 13 14 
92 8 -5.34327 2.1222 1.59747 -4.31 1.03484 -6.37653 3.20956 2 3 4 7 9 12 13 14 
178 9 -2.81044 9.64242 0.0681749 -4.29013 9.39643 -1.33074 9.88842 3 4 -1 8 -1 13 14 -1 
117 9 -4.03141 8.5947 -0.0258068 -5.42159 9.15809 -2.64123 8.03131 3 4 -1 8 -1 13 14 -1 
76 9 -5.5808 7.70557 1.66739 -6.69235 8.71277 -4.46925 6.69837 3 4 -1 8 -1 13 14 -1 
173 9 -3.14599 8.99326 0.0946512 -4.62431 9.24735 -1.66766 8.73916 3 4 -1 8 -1 13 14 -1 
87 9 -4.22171 7.60175 1.62448 -2.97544 6.76699 -5.46797 8.43651 3 4 -1 8 -1 13 14 -1 
157 9 -4.61712 9.37909 0.0924511 -6.1082 9.54243 -3.12604 9.21575 3 4 -1 8 -1 13 14 -1 
136 9 -4.03076 9.25994 -0.00985311 -5.51654 9.46605 -2.54499 9.05383 3 4 -1 8 -1 13 14 -1 
134 9 -5.46574 9.08982 -0.033627 -6.82233 9.72987 -4.10915 8.44977 3 4 -1 8 -1 13 14 -1 
96 9 -4.85208 8.59384 -0.0364301 -6.15117 9.34375 -3.55299 7.84393 3 4 -1 8 -1 13 14 -1 
175 9 -4.06732 6.52563 0.0185602 -5.13425 7.57999 -3.00039 5.47128 3 4 -1 8 -1 13 14 -1 
78 9 -5.22272 6.90601 0.0219834 -6.5596 7.58627 -3.88583 6.22576 3 4 -1 8 -1 13 14 -1 
172 9 -5.58143 6.22108 0.080962 -6.68001 7.24242 -4.48285 5.19974 3 4 -1 8 -1 13 14 -1 
116 9 -5.75052 6.07923 0.0688266 -6.72248 7.22173 -4.77856 4.93674 3 4 -1 8 -1 13 14 -1 
209 9 -2.15101 7.87235 0.0886768 -1.06789 6.83464 -3.23413 8.91006 3 4 -1 8 -1 13 14 -1 
215 9 -5.42355 8.60126 -0.0463609 -6.837 9.10342 -4.0101 8.09911 3 4 -1 8 -1 13 14 -1 
161 10 1.49402 -7.98255 -0.0377534 2.86239 -8.59702 0.125657 -7.36808 -1 5 6 -1 11 -1 15 16 
184 10 -0.250259 -9.63161 0.0666466 1.22692 -9.37094 -1.72744 -9.89229 -1 5 6 -1 11 -1 15 16 
202 10 -1.76855 -8.60507 -0.0198541 -3.25825 -8.42961 -0.278848 -8.78053 -1 5 6 -1 11 -1 15 16 
142 10 0.903981 -9.21642 -0.0336728 2.40352 -9.17913 -0.595555 -9.25371 -1 5 6 -1 11 -1 15 16 
244 10 -0.855605 -7.41657 0.0983097 -1.59917 -6.11383 -0.112043 -8.7193 -1 5 6 -1 11 -1 15 16 
81 10 0.459738 -7.86747 0.0762549 1.55407 -8.89336 -0.634591 -6.84159 -1 5 6 -1 11 -1 15 16 
182 10 -1.57452 -9.11506 -0.0612134 -3.05293 -8.86145 -0.0961193 -9.36867 -1 5 6 -1 11 -1 15 16 
162 10 -1.08423 -6.7527 0.045501 -0.284767 -8.0219 -1.88368 -5.4835 -1 5 6 -1 11 -1 15 16 
221 10 0.883324 -7.38851 -0.0620778 -0.419028 -6.64428 2.18568 -8.13274 -1 5 6 -1 11 -1 15 16 
264 10 1.16553 -6.67141 0.00277262 -0.152518 -5.95534 2.48358 -7.38747 -1 5 6 -1 11 -1 15 16 
132 11 0.00117058 -5.25125 1.59233 -1.08658 -4.2184 1.08893 -6.28411 5 6 7 10 12 15 16 17 
226 11 -1.1936 -2.7323 -0.0370219 -1.7074 -1.32304 -0.679807 -4.14156 5 6 7 10 12 15 16 17 
246 11 0.739668 -5.1114 0.0105635 -0.393348 -4.12841 1.87268 -6.0944 5 6 7 10 12 15 16 17 
305 11 -0.400052 -4.67 1.52065 -1.64803 -3.8378 0.847926 -5.5022 5 6 7 10 12 15 16 17 
68 11 -1.12848 -5.42722 1.59126 0.0687796 -6.33086 -2.32574 -4.52357 5 6 7 10 12 15 16 17 
250 11 1.32536 -5.11091 1.58442 0.0892047 -4.26125 2.56151 -5.96057 5 6 7 10 12 15 16 17 
261 11 1.05014 -4.97632 0.0248666 -0.168476 -4.10169 2.26876 -5.85095 5 6 7 10 12 15 16 17 
129 11 -0.115286 -5.88434 1.47294 1.19903 -6.60723 -1.4296 -5.16145 5 6 7 10 12 15 16 17 
229 11 -0.294685 -4.66536 1.56342 0.967099 -5.47648 -1.55647 -3.85425 5 6 7 10 12 15 16 17 
270 11 -0.48303 -2.95846 1.62258 -1.36717 -1.74673 0.401111 -4.17019 5 6 7 10 12 15 16 17 
328 11 -0.27249 -5.27721 1.57454 -1.35913 -4.24319 0.814156 -6.31123 5 6 7 10 12 15 16 17 
144 11 -1.42553 -2.83518 0.0588998 -2.02719 -1.46113 -0.823879 -4.20923 5 6 7 10 12 15 16 17 
171 11 0.59852 -2.12408 1.62101 1.37184 -3.40937 -0.174802 -0.838789 5 6 7 10 12 15 16 17 
194 11 -0.348511 -2.10988 0.0518072 -1.25403 -0.914036 0.557007 -3.30572 5 6 7 10 12 15 16 17 
189 11 -1.67655 -5.16646 0.0938717 -2.79401 -4.16582 -0.559083 -6.16709 5 6 7 10 12 15 16 17 
164 11 1.44023 -5.90451 0.0663293 0.36002 -4.86377 2.52044 -6.94526 5 6 7 10 12 15 16 17 
166 12 -0.582222 0.976592 0.0316722 -1.29779 2.29491 0.133342 -0.341729 6 7 8 11 13 16 17 18 
150 12 -0.696714 0.222685 1.5108 -1.82378 1.21249 0.430356 -0.767121 6 7 8 11 13 16 17 18 
287 12 -1.11788 -0.773087 1.57435 -2.18269 0.283411 -0.0530765 -1.82959 6 7 8 11 13 16 17 18 
212 12 1.40891 1.10089 0.0451745 1.37376 2.60048 1.44406 -0.398699 6 7 8 11 13 16 17 18 
251 12 1.17055 1.69478 1.54105 0.946461 3.17795 1.39465 0.211614 6 7 8 11 13 16 17 18 
176 12 -0.104506 1.32591 0.0439749 -0.869717 2.61605 0.660705 0.035775 6 7 8 11 13 16 17 18 
216 12 1.8334 0.90065 -0.00681139 2.14087 -0.567499 1.52593 2.3688 6 7 8 11 13 16 17 18 
47 12 0.772766 -1.70189 1.60654 1.54845 -2.98576 -0.00292297 -0.418029 6 7 8 11 13 16 17 18 
155 12 -1.94856 1.20684 0.0708671 -2.8792 2.38324 -1.01793 0.0304362 6 7 8 11 13 16 17 18 
278 13 -1.26828 3.94728 -0.0548573 -0.430236 2.70322 -2.10632 5.19134 7 8 9 12 14 17 18 19 
233 13 -0.356332 3.44448 0.0984411 0.405431 2.15231 -1.11809 4.73666 7 8 9 12 14 17 18 19 
218 13 0.839907 2.23829 0.0219677 0.818213 3.73813 0.861601 0.738446 7 8 9 12 14 17 18 19 
234 13 0.800851 4.97214 0.0738822 -0.0533998 6.20513 1.6551 3.73916 7 8 9 12 14 17 18 19 
252 13 1.7283 2.7781 1.54105 0.982911 4.07979 2.4737 1.47642 7 8 9 12 14 17 18 19 
284 13 -0.450093 3.01809 -0.043355 -1.16318 4.33776 0.26299 1.69843 7 8 9 12 14 17 18 19 
191 13 -0.205959 4.71009 -0.0803081 -0.326328 6.20526 -0.08559 3.21493 7 8 9 12 14 17 18 19 
230 13 0.754449 4.17867 1.61476 0.137147 5.54576 1.37175 2.81158 7 8 9 12 14 17 18 19 
273 13 1.88345 3.94395 1.63076 1.17636 5.26683 2.59053 2.62106 7 8 9 12 14 17 18 19 
154 13 -1.32067 2.3695 -0.0763312 -2.0259 3.69337 -0.615445 1.04562 7 8 9 12 14 17 18 19 
97 13 -1.74037 5.36414 0.0814642 -2.81637 6.40924 -0.664374 4.31904 7 8 9 12 14 17 18 19 
115 13 -1.41969 2.17769 0.0241251 -2.03304 3.54656 -0.806343 0.808823 7 8 9 12 14 17 18 19 
190 13 1.81292 5.6338 0.0938717 2.67394 4.40552 0.951909 6.86207 7 8 9 12 14 17 18 19 
90 13 -1.79638 2.03928 1.62689 -1.05529 0.735145 -2.53748 3.34342 7 8 9 12 14 17 18 19 
277 14 -1.11138 9.31945 -0.0597183 0.386762 9.24478 -2.60952 9.39411 8 9 -1 13 -1 18 19 -1 
135 14 0.346599 9.60014 -0.0784199 -1.14035 9.79758 1.83355 9.40271 8 9 -1 13 -1 18 19 -1 
114 14 0.475125 9.17736 1.61256 -1.01882 9.04274 1.96907 9.31199 8 9 -1 13 -1 18 19 -1 
77 14 0.609373 6.458 0.0753746 -0.414041 7.55464 1.63279 5.36136 8 9 -1 13 -1 18 19 -1 
253 14 -0.52109 8.71409 -0.0652644 -1.89202 9.32281 0.849844 8.10537 8 9 -1 13 -1 18 19 -1 
317 14 -0.963874 8.15294 0.0721344 0.529399 8.01104 -2.45715 8.29483 8 9 -1 13 -1 18 19 -1 
137 14 -0.347041 7.74093 0.027191 -1.79482 8.13328 1.10074 7.34858 8 9 -1 13 -1 18 19 -1 
255 14 0.958398 9.14071 -0.00311797 -0.540353 9.07951 2.45715 9.20192 8 9 -1 13 -1 18 19 -1 
158 14 -1.59407 8.95227 0.08265 -3.03817 9.35797 -0.149979 8.54656 8 9 -1 13 -1 18 19 -1 
373 14 1.25369 8.8859 1.55408 -0.240498 9.01777 2.74789 8.75403 8 9 -1 13 -1 18 19 -1 
118 14 -1.77372 6.54674 -0.0705271 -2.80882 7.63236 -0.73862 5.46112 8 9 -1 13 -1 18 19 -1 
156 14 1.62301 9.79507 0.0322909 0.124976 9.87182 3.12105 9.71833 8 9 -1 13 -1 18 19 -1 
332 14 1.84625 7.90422 1.47638 3.32224 7.63691 0.370263 8.17152 8 9 -1 13 -1 18 19 -1 
217 14 -1.82815 7.33522 0.0193853 -3.05814 8.19378 -0.598156 6.47667 8 9 -1 13 -1 18 19 -1 
206 15 2.53803 -9.78137 -0.08235 1.04606 -9.93638 4.03 -9.62636 -1 10 11 -1 16 -1 20 21 
283 15 4.92163 -6.95867 0.0836279 4.04458 -5.7418 5.79868 -8.17555 -1 10 11 -1 16 -1 20 21 
165 15 2.29029 -7.07965 -0.0187441 0.949624 -6.40689 3.63096 -7.75241 -1 10 11 -1 16 -1 20 21 
83 15 2.17958 -8.94318 -0.0484298 0.683863 -9.05644 3.6753 -8.82992 -1 10 11 -1 16 -1 20 21 
262 15 4.51825 -9.74018 -0.0512347 3.01865 -9.77467 6.01785 -9.70569 -1 10 11 -1 16 -1 20 21 
241 15 3.11117 -8.05903 -0.00257303 1.87178 -7.21409 4.35055 -8.90397 -1 10 11 -1 16 -1 20 21 
64 15 3.30298 -8.7053 1.58821 1.82949 -8.42456 4.77648 -8.98604 -1 10 11 -1 16 -1 20 21 
242 15 5.38676 -9.45547 -0.00484941 3.91148 -9.18425 6.86203 -9.7267 -1 10 11 -1 16 -1 20 21 
223 15 4.00733 -7.73953 -0.0611452 2.93197 -6.69377 5.08268 -8.78529 -1 10 11 -1 16 -1 20 21 
286 15 3.26547 -6.86352 1.62525 1.98382 -6.08417 4.54711 -7.64287 -1 10 11 -1 16 -1 20 21 
363 15 5.45354 -7.08427 1.63109 4.70367 -5.78516 6.20341 -8.38339 -1 10 11 -1 16 -1 20 21 
302 15 5.01003 -8.40886 -0.0541769 3.863 -7.44225 6.15706 -9.37547 -1 10 11 -1 16 -1 20 21 
327 15 5.96388 -8.44562 1.48248 4.6629 -7.69899 7.26486 -9.19224 -1 10 11 -1 16 -1 20 21 
303 16 4.47209 -3.38993 0.0786674 3.79911 -2.04937 5.14506 -4.73049 10 11 12 15 17 20 21 22 
265 16 3.75122 -5.32035 -0.0801331 2.90904 -4.07908 4.5934 -6.56161 10 11 12 15 17 20 21 22 
225 16 3.70929 -2.41588 -0.0243093 3.29213 -0.975051 4.12644 -3.8567 10 11 12 15 17 20 21 22 
245 16 5.63453 -3.79856 -0.0212704 4.64499 -2.67125 6.62406 -4.92586 10 11 12 15 17 20 21 22 
224 16 4.59206 -5.70111 -0.0442809 3.88831 -4.37645 5.2958 -7.02578 10 11 12 15 17 20 21 22 
344 16 2.19287 -5.15719 1.5878 0.97211 -4.28556 3.41363 -6.02882 10 11 12 15 17 20 21 22 
364 16 3.07752 -4.92562 1.6272 2.31852 -3.63182 3.83652 -6.21943 10 11 12 15 17 20 21 22 
308 16 5.71279 -2.60997 1.55792 4.89924 -1.34975 6.52633 -3.87019 10 11 12 15 17 20 21 22 
271 16 4.90988 -2.69857 1.61511 3.79147 -1.69898 6.02828 -3.69816 10 11 12 15 17 20 21 22 
211 16 2.52517 -3.79665 0.0146525 1.80548 -2.48058 3.24486 -5.11272 10 11 12 15 17 20 21 22 
185 16 2.35081 -2.27685 -0.0540477 1.55027 -1.00833 3.15135 -3.54536 10 11 12 15 17 20 21 22 
181 16 2.19138 -5.68095 0.0295419 0.985113 -4.78937 3.39764 -6.57254 10 11 12 15 17 20 21 22 
304 16 4.93524 -5.84348 0.0786674 4.25242 -4.5079 5.61806 -7.17905 10 11 12 15 17 20 21 22 
263 16 5.72185 -5.949 0.0564466 4.62841 -4.92216 6.81528 -6.97584 10 11 12 15 17 20 21 22 
266 16 2.1446 -5.04368 -0.0801331 0.920773 -4.17635 3.36842 -5.911 10 11 12 15 17 20 21 22 
309 17 4.07789 -1.17616 1.64993 3.2512 0.0754699 4.90458 -2.42779 11 12 13 16 18 21 22 23 
323 17 4.28716 -0.305819 0.017917 3.23848 0.766693 5.33583 -1.37833 11 12 13 16 18 21 22 23 
316 17 2.85913 0.0107597 -0.0655887 3.53216 -1.32977 2.1861 1.35129 11 12 13 16 18 21 22 23 
345 17 5.17915 0.308046 1.54214 4.6054 1.69398 5.75289 -1.07789 11 12 13 16 18 21 22 23 
249 17 3.16562 0.497639 1.49744 2.21303 1.65634 4.1182 -0.661059 11 12 13 16 18 21 22 23 
73 17 4.31855 1.33167 1.49962 5.19204 0.112232 3.44507 2.5511 11 12 13 16 18 21 22 23 
292 17 2.72561 -0.59458 1.52951 2.35831 0.859754 3.09292 -2.04891 11 12 13 16 18 21 22 23 
306 17 5.23355 -0.975905 1.66258 4.27005 0.173731 6.19705 -2.12554 11 12 13 16 18 21 22 23 
203 17 2.36795 0.333745 0.0986814 2.07064 1.80399 2.66527 -1.13649 11 12 13 16 18 21 22 23 
147 17 4.3517 -1.74352 -0.0290627 3.41147 -0.574776 5.29194 -2.91227 11 12 13 16 18 21 22 23 
331 17 5.0263 1.63913 1.61035 4.75288 3.114 5.29972 0.164261 11 12 13 16 18 21 22 23 
192 17 5.70902 0.0193945 0.060257 5.16892 1.41878 6.24912 -1.37999 11 12 13 16 18 21 22 23 
267 17 5.46069 -1.5104 1.47404 4.56747 -0.305345 6.35391 -2.71545 11 12 13 16 18 21 22 23 
295 17 2.62725 1.96932 -0.0909834 3.27908 0.618353 1.97541 3.32028 11 12 13 16 18 21 22 23 
314 18 3.05306 4.44095 1.52025 2.10289 5.60163 4.00323 3.28027 12 13 14 17 19 22 23 24 
193 18 3.24448 2.09774 0.0866947 3.91995 0.758432 2.569 3.43704 12 13 14 17 19 22 23 24 
351 18 3.52679 4.07312 1.5717 2.58622 5.24159 4.46737 2.90465 12 13 14 17 19 22 23 24 
334 18 4.56923 2.90184 1.49321 4.18794 4.35257 4.95052 1.45111 12 13 14 17 19 22 23 24 
371 18 5.45937 4.97674 1.55579 6.33723 3.76046 4.5815 6.19303 12 13 14 17 19 22 23 24 
298 18 5.60857 2.55899 -0.0538784 5.01319 3.93577 6.20394 1.18221 12 13 14 17 19 22 23 24 
254 18 4.31396 5.54617 0.0939474 3.24984 6.60337 5.37807 4.48898 12 13 14 17 19 22 23 24 
294 18 5.37937 3.99962 1.6695 4.06917 4.72994 6.68957 3.26929 12 13 14 17 19 22 23 24 
312 18 2.60718 2.46701 1.55215 1.86873 3.77265 3.34563 1.16138 12 13 14 17 19 22 23 24 
370 18 2.74983 5.55456 1.62503 1.41207 6.23308 4.0876 4.87603 12 13 14 17 19 22 23 24 
214 18 2.09024 4.82137 -0.0575552 3.01893 3.64343 1.16156 5.99931 12 13 14 17 19 22 23 24 
349 18 3.75139 2.25755 1.62199 4.70293 1.09799 2.79986 3.41711 12 13 14 17 19 22 23 24 
275 18 2.07344 5.04922 -0.0896766 2.94559 3.82882 1.20129 6.26961 12 13 14 17 19 22 23 24 
333 18 5.85446 2.19847 1.58287 5.19136 3.54394 6.51757 0.852996 12 13 14 17 19 22 23 24 
330 18 2.00732 3.0146 1.4827 1.50745 4.42886 2.50718 1.60033 12 13 14 17 19 22 23 24 
336 19 2.90485 9.17837 1.56548 1.40991 9.0552 4.39979 9.30153 13 14 -1 18 -1 23 24 -1 
377 19 5.5542 7.08791 1.61999 7.0542 7.08848 4.0542 7.08733 13 14 -1 18 -1 23 24 -1 
313 19 4.35324 7.22034 1.66995 2.85769 7.33583 5.84879 7.10485 13 14 -1 18 -1 23 24 -1 
213 19 3.14556 7.37494 0.0189033 1.65375 7.53151 4.63736 7.21837 13 14 -1 18 -1 23 24 -1 
198 19 4.11437 9.45569 -0.0460039 2.61545 9.39874 5.61329 9.51264 13 14 -1 18 -1 23 24 -1 
354 19 3.49121 8.10589 1.65873 4.98828 8.19966 1.99415 8.01213 13 14 -1 18 -1 23 24 -1 
376 19 4.31666 8.59327 1.61539 2.81888 8.51165 5.81444 8.67489 13 14 -1 18 -1 23 24 -1 
236 19 5.14798 8.05386 0.0754502 6.61564 8.36367 3.68032 7.74405 13 14 -1 18 -1 23 24 -1 
297 19 5.04121 6.05478 0.0840942 6.44855 5.53575 3.63387 6.57381 13 14 -1 18 -1 23 24 -1 
235 19 3.96506 8.03231 -0.0355828 2.47265 7.88168 5.45748 8.18295 13 14 -1 18 -1 23 24 -1 
237 19 5.21647 6.79117 0.0560184 3.7246 6.94712 6.70834 6.63522 13 14 -1 18 -1 23 24 -1 
337 19 3.64767 6.46967 -0.0754216 4.88602 5.62321 2.40933 7.31613 13 14 -1 18 -1 23 24 -1 
258 19 5.44059 9.63974 0.03131 6.93815 9.55413 3.94304 9.72535 13 14 -1 18 -1 23 24 -1 
369 19 5.23092 7.35417 1.504 6.73048 7.31753 3.73137 7.39081 13 14 -1 18 -1 23 24 -1 
238 19 2.47303 6.65973 -0.0677189 1.27447 7.56164 3.67159 5.75782 13 14 -1 18 -1 23 24 -1 
256 19 5.48215 6.5775 0.024088 6.96073 6.32491 4.00357 6.83009 13 14 -1 18 -1 23 24 -1 
324 20 8.50972 -6.51237 1.52854 8.35303 -5.02058 8.66641 -8.00416 -1 15 16 -1 21 -1 -1 -1 
325 20 7.51311 -7.81093 1.49129 6.56002 -6.65265 8.4662 -8.96921 -1 15 16 -1 21 -1 -1 -1 
343 20 9.23069 -6.99496 1.58283 8.77804 -5.56488 9.68334 -8.42503 -1 15 16 -1 21 -1 -1 -1 
201 20 7.10967 -9.85791 -0.0121466 5.61111 -9.79202 8.60822 -9.92379 -1 15 16 -1 21 -1 -1 -1 
222 20 7.72973 -8.72186 -0.0374866 6.72591 -7.60726 8.73355 -9.83647 -1 15 16 -1 21 -1 -1 -1 
186 20 8.50277 -7.32591 0.0781129 8.18677 -5.85957 8.81878 -8.79224 -1 15 16 -1 21 -1 -1 -1 
361 20 6.03909 -6.67365 0.0685141 4.93249 -5.66101 7.14569 -7.68629 -1 15 16 -1 21 -1 -1 -1 
362 20 7.27942 -6.45033 1.61243 6.60216 -5.11192 7.95667 -7.78873 -1 15 16 -1 21 -1 -1 -1 
285 20 8.09999 -8.25832 -0.043355 8.94128 -9.50018 7.2587 -7.01645 -1 15 16 -1 21 -1 -1 -1 
291 20 9.63073 -7.0071 1.5682 9.50177 -5.51265 9.75969 -8.50154 -1 15 16 -1 21 -1 -1 -1 
322 20 6.51202 -6.50507 0.017917 5.49714 -5.40052 7.5269 -7.60961 -1 15 16 -1 21 -1 -1 -1 
342 20 6.9149 -6.43849 -0.0266753 5.97457 -5.26983 7.85524 -7.60716 -1 15 16 -1 21 -1 -1 -1 
248 20 6.74482 -6.06305 1.55798 5.84731 -4.86118 7.64234 -7.26491 -1 15 16 -1 21 -1 -1 -1 
346 21 9.41958 -4.50284 1.57554 9.17521 -3.02288 9.66395 -5.9828 15 16 17 20 22 -1 -1 -1 
348 21 9.7679 -3.80853 1.61413 9.59704 -2.31829 9.93875 -5.29877 15 16 17 20 22 -1 -1 -1 
228 21 8.505 -4.17839 0.08476 8.52972 -2.67859 8.48028 -5.67818 15 16 17 20 22 -1 -1 -1 
289 21 9.7172 -4.89121 1.47494 9.44555 -3.41601 9.98885 -6.36641 15 16 17 20 22 -1 -1 -1 
232 21 8.5093 -5.86751 0.0536245 8.77258 -7.34423 8.24602 -4.3908 15 16 17 20 22 -1 -1 -1 
329 21 8.55085 -2.4613 1.50539 8.7929 -0.980963 8.30879 -3.94164 15 16 17 20 22 -1 -1 -1 
321 21 7.29919 -4.89248 0.00346954 7.04044 -3.41497 7.55795 -6.37 15 16 17 20 22 -1 -1 -1 
301 21 7.93821 -5.71161 -0.0896105 7.94689 -4.21163 7.92953 -7.21158 15 16 17 20 22 -1 -1 -1 
307 21 9.37001 -5.93732 1.47786 9.08918 -4.46384 9.65084 -7.41079 15 16 17 20 22 -1 -1 -1 
268 21 7.24194 -2.79451 1.57244 6.81781 -1.35572 7.66606 -4.2333 15 16 17 20 22 -1 -1 -1 
231 21 7.72935 -2.36074 1.61476 7.43841 -0.889226 8.02029 -3.83226 15 16 17 20 22 -1 -1 -1 
326 21 6.51383 -2.30004 1.64329 6.13666 -0.84823 6.891 -3.75184 15 16 17 20 22 -1 -1 -1 
341 21 6.1975 -5.95153 -0.0266753 5.26363 -4.77769 7.13137 -7.12537 15 16 17 20 22 -1 -1 -1 
293 22 9.06246 1.62785 1.6695 9.61398 3.02278 8.51095 0.232916 16 17 18 21 23 -1 -1 -1 
281 22 7.60943 1.09176 0.0213392 7.54906 2.59054 7.66981 -0.407026 16 17 18 21 23 -1 -1 -1 
368 22 8.40714 0.606811 1.67067 8.09559 2.0741 8.7187 -0.860476 16 17 18 21 23 -1 -1 -1 
352 22 8.83872 -0.659537 1.58557 8.53734 -2.12895 9.14011 0.809875 16 17 18 21 23 -1 -1 -1 
290 22 6.91367 0.894982 1.62067 6.45496 2.32312 7.37237 -0.53316 16 17 18 21 23 -1 -1 -1 
374 22 9.30356 -0.231159 1.64317 9.25062 1.26791 9.35649 -1.73022 16 17 18 21 23 -1 -1 -1 
350 22 7.73349 1.28224 1.54919 7.54304 2.7701 7.92393 -0.205622 16 17 18 21 23 -1 -1 -1 
288 22 8.89053 -1.92443 1.54623 9.02469 -0.430442 8.75637 -3.41842 16 17 18 21 23 -1 -1 -1 
372 22 9.16688 1.15973 1.51924 9.6681 2.57352 8.66567 -0.254048 16 17 18 21 23 -1 -1 -1 
353 22 6.97361 -1.35658 1.56506 6.19444 -0.0748242 7.75278 -2.63833 16 17 18 21 23 -1 -1 -1 
282 22 8.08375 -0.700523 -0.0810843 8.10555 0.799319 8.06196 -2.20036 16 17 18 21 23 -1 -1 -1 
208 22 6.51477 1.44416 0.0886768 5.92325 2.82261 7.10628 0.0657182 16 17 18 21 23 -1 -1 -1 
357 22 6.21331 0.196459 1.6088 6.99433 -1.08417 5.43229 1.47709 16 17 18 21 23 -1 -1 -1 
366 22 9.45902 -1.77735 1.59963 9.69149 -0.295469 9.22655 -3.25922 16 17 18 21 23 -1 -1 -1 
310 22 6.949 1.50917 1.66042 6.35118 2.88489 7.54682 0.133447 16 17 18 21 23 -1 -1 -1 
318 23 9.76563 4.0112 0.0769724 9.97309 2.52561 9.55817 5.49678 17 18 19 22 24 -1 -1 -1 
347 23 7.47334 4.72867 1.50313 8.1266 3.37839 6.82008 6.07895 17 18 19 22 24 -1 -1 -1 
365 23 7.76171 3.56288 1.61639 7.30925 4.99301 8.21417 2.13274 17 18 19 22 24 -1 -1 -1 
311 23 8.12137 3.88685 1.63968 7.96355 5.37853 8.27918 2.39518 17 18 19 22 24 -1 -1 -1 
315 23 8.99577 3.72994 1.52025 9.40072 5.17424 8.59082 2.28563 17 18 19 22 24 -1 -1 -1 
378 23 6.76962 5.13384 1.61999 5.91477 6.36642 7.62447 3.90127 17 18 19 22 24 -1 -1 -1 
274 23 6.7503 3.33996 0.0303916 6.08428 4.68398 7.41633 1.99593 17 18 19 22 24 -1 -1 -1 
355 23 7.82776 5.88275 1.65228 7.95027 7.37774 7.70525 4.38776 17 18 19 22 24 -1 -1 -1 
269 23 8.34318 2.97647 1.58036 8.1582 4.46502 8.52816 1.48792 17 18 19 22 24 -1 -1 -1 
335 23 8.54531 5.25021 1.56548 8.27913 3.77402 8.81149 6.72641 17 18 19 22 24 -1 -1 -1 
296 24 7.69234 9.36109 -0.0642139 6.22954 9.0291 9.15514 9.69308 18 19 -1 23 -1 -1 -1 -1 
358 24 9.0472 6.46282 -0.0262301 8.98592 4.96407 9.10848 7.96157 18 19 -1 23 -1 -1 -1 -1 
276 24 6.97611 8.16419 0.0647429 8.36478 8.7313 5.58745 7.59707 18 19 -1 23 -1 -1 -1 -1 
272 24 8.91176 8.0605 1.63076 9.03314 6.56541 8.79038 9.55558 18 19 -1 23 -1 -1 -1 -1 
257 24 8.16397 9.84649 -0.0370511 6.6703 9.70881 9.65764 9.98417 18 19 -1 23 -1 -1 -1 -1 
195 24 7.15059 8.87646 -0.0966908 5.68012 8.58025 8.62105 9.17267 18 19 -1 23 -1 -1 -1 -1 
338 24 7.47718 9.63138 0.0623159 8.95725 9.87511 5.99711 9.38765 18 19 -1 23 -1 -1 -1 -1 
356 24 6.67895 7.50347 1.6088 5.17966 7.45739 8.17824 7.54954 18 19 -1 23 -1 -1 -1 -1 
375 24 7.05861 9.29484 1.58201 5.58931 8.99294 8.52792 9.59674 18 19 -1 23 -1 -1 -1 -1 
367 24 9.91966 6.24108 1.47839 9.96506 7.74039 9.87425 4.74176 18 19 -1 23 -1 -1 -1 -1 
