204 0 -8.12806 -7.413 0.0898347 -9.48538 -8.0515 -6.77074 -6.7745 -1 -1 -1 -1 1 -1 5 6 
104 0 -7.36472 -8.50929 -0.0464703 -5.86679 -8.43045 -8.86265 -8.58814 -1 -1 -1 -1 1 -1 5 6 
126 0 -7.81748 -6.64321 -0.0866852 -9.30131 -6.86286 -6.33365 -6.42355 -1 -1 -1 -1 1 -1 5 6 
25 0 -8.13623 -8.31274 1.51782 -9.63347 -8.40379 -6.639 -8.22169 -1 -1 -1 -1 1 -1 5 6 
101 0 -7.05496 -7.05726 0.0132319 -5.71556 -6.38198 -8.39436 -7.73254 -1 -1 -1 -1 1 -1 5 6 
163 0 -8.45293 -9.45364 0.000652872 -9.93471 -9.22054 -6.97115 -9.68674 -1 -1 -1 -1 1 -1 5 6 
102 0 -7.74443 -6.87915 -0.0897456 -6.28608 -6.52813 -9.20278 -7.23017 -1 -1 -1 -1 1 -1 5 6 
141 0 -6.38449 -6.4921 -0.0153654 -4.9359 -6.10279 -7.83309 -6.88142 -1 -1 -1 -1 1 -1 5 6 
23 0 -6.41131 -8.03126 1.50767 -4.91565 -8.14529 -7.90697 -7.91722 -1 -1 -1 -1 1 -1 5 6 
143 0 -9.59827 -6.0476 0.0057508 -9.2123 -4.59811 -9.98424 -7.49709 -1 -1 -1 -1 1 -1 5 6 
46 1 -8.93124 -4.08654 1.51621 -8.96018 -5.58626 -8.9023 -2.58682 -1 -1 -1 0 2 5 6 7 
69 1 -8.29293 -3.7803 1.65286 -8.64211 -5.23909 -7.94375 -2.32151 -1 -1 -1 0 2 5 6 7 
108 1 -7.68282 -4.46991 1.57308 -8.79262 -5.47905 -6.57303 -3.46077 -1 -1 -1 0 2 5 6 7 
84 1 -8.02694 -3.32693 -0.0484298 -7.57812 -1.89565 -8.47576 -4.75821 -1 -1 -1 0 2 5 6 7 
124 1 -6.55453 -4.87689 -0.0693766 -5.17989 -4.27659 -7.92917 -5.47718 -1 -1 -1 0 2 5 6 7 
65 1 -8.57464 -2.41522 1.50376 -8.39948 -3.90496 -8.74981 -0.925486 -1 -1 -1 0 2 5 6 7 
32 1 -7.32591 -4.46832 1.53486 -8.57022 -5.30599 -6.0816 -3.63064 -1 -1 -1 0 2 5 6 7 
50 1 -9.40177 -2.64271 1.49607 -9.52528 -4.13761 -9.27825 -1.1478 -1 -1 -1 0 2 5 6 7 
28 1 -9.88869 -2.62227 1.47188 -9.93549 -4.12154 -9.84189 -1.123 -1 -1 -1 0 2 5 6 7 
61 1 -7.5765 -5.53167 -0.0551714 -6.0829 -5.39319 -9.07009 -5.67016 -1 -1 -1 0 2 5 6 7 
103 1 -6.57565 -5.62581 -0.00949416 -8.04535 -5.92575 -5.10594 -5.32587 -1 -1 -1 0 2 5 6 7 
21 1 -7.81365 -5.9831 -0.092345 -6.31471 -5.92665 -9.31258 -6.03954 -1 -1 -1 0 2 5 6 7 
27 2 -9.2433 -0.251631 1.51453 -9.41748 -1.74148 -9.06912 1.23822 -1 -1 -1 1 3 6 7 8 
26 2 -8.49804 0.484813 1.57237 -7.84415 -0.865161 -9.15193 1.83479 -1 -1 -1 1 3 6 7 8 
89 2 -7.60601 0.984719 1.5963 -6.95071 -0.364566 -8.26132 2.334 -1 -1 -1 1 3 6 7 8 
24 2 -9.10372 -1.97802 1.49928 -9.24272 -3.47156 -8.96471 -0.48447 -1 -1 -1 1 3 6 7 8 
151 2 -7.98265 0.906304 1.51143 -8.46812 2.32557 -7.49718 -0.512963 -1 -1 -1 1 3 6 7 8 
66 2 -7.90764 -0.504048 1.61439 -7.60949 -1.97412 -8.2058 0.966021 -1 -1 -1 1 3 6 7 8 
167 2 -6.28904 -0.157681 -0.00214141 -7.06034 1.12882 -5.51774 -1.44419 -1 -1 -1 1 3 6 7 8 
109 2 -9.18514 -1.83425 1.54238 -8.9863 -0.347492 -9.38397 -3.32102 -1 -1 -1 1 3 6 7 8 
53 2 -9.51144 0.105049 1.64356 -9.36999 1.59836 -9.6529 -1.38827 -1 -1 -1 1 3 6 7 8 
130 2 -7.54796 1.39086 1.60474 -6.73706 0.128942 -8.35886 2.65278 -1 -1 -1 1 3 6 7 8 
127 2 -8.52045 -1.47985 1.60202 -8.44686 -2.97804 -8.59404 0.0183475 -1 -1 -1 1 3 6 7 8 
149 2 -6.20067 1.3831 1.54739 -6.50064 2.8528 -5.90069 -0.0866015 -1 -1 -1 1 3 6 7 8 
22 2 -6.0016 -1.60584 1.51221 -5.51593 -3.02503 -6.48727 -0.186638 -1 -1 -1 1 3 6 7 8 
35 3 -8.20394 4.00808 1.57487 -8.53992 5.46997 -7.86797 2.54619 -1 -1 -1 2 4 7 8 9 
33 3 -6.3819 3.60547 1.57137 -7.42058 4.68767 -5.34323 2.52327 -1 -1 -1 2 4 7 8 9 
49 3 -9.13081 3.86979 1.53819 -8.84519 2.39723 -9.41643 5.34234 -1 -1 -1 2 4 7 8 9 
38 3 -8.92434 3.38685 1.66868 -9.2644 4.84779 -8.58428 1.9259 -1 -1 -1 2 4 7 8 9 
111 3 -6.94851 3.9866 1.54961 -6.08063 2.76316 -7.81639 5.21003 -1 -1 -1 2 4 7 8 9 
92 3 -7.76343 3.08563 1.59747 -7.6484 1.59005 -7.87847 4.58122 -1 -1 -1 2 4 7 8 9 
75 3 -9.61099 4.16134 1.66739 -9.78844 5.65081 -9.43355 2.67188 -1 -1 -1 2 4 7 8 9 
37 3 -7.24592 2.43141 1.66868 -6.7394 1.01952 -7.75244 3.84331 -1 -1 -1 2 4 7 8 9 
94 3 -8.92398 5.21176 1.49327 -9.59568 6.55296 -8.25227 3.87056 -1 -1 -1 2 4 7 8 9 
51 3 -6.47409 4.48451 1.51942 -5.6318 3.24332 -7.31638 5.7257 -1 -1 -1 2 4 7 8 9 
128 3 -6.47013 4.52825 1.5358 -5.60862 3.30033 -7.33165 5.75617 -1 -1 -1 2 4 7 8 9 
29 3 -9.76198 5.73067 1.57246 -9.53218 4.24838 -9.99177 7.21297 -1 -1 -1 2 4 7 8 9 
56 3 -7.59006 5.47727 1.5693 -8.36574 6.76114 -6.81438 4.1934 -1 -1 -1 2 4 7 8 9 
58 3 -8.59416 5.88524 -0.0321181 -7.59734 4.76437 -9.59097 7.00612 -1 -1 -1 2 4 7 8 9 
45 3 -9.65675 2.04562 1.63561 -9.56519 3.54282 -9.74831 0.548415 -1 -1 -1 2 4 7 8 9 
93 4 -8.99171 6.99294 1.57299 -9.66294 8.33438 -8.32047 5.65151 -1 -1 -1 3 -1 8 9 -1 
174 4 -8.53039 9.03605 -0.0158582 -9.91728 9.60749 -7.1435 8.4646 -1 -1 -1 3 -1 8 9 -1 
110 4 -7.0851 7.86359 1.47668 -5.59659 7.67835 -8.57362 8.04883 -1 -1 -1 3 -1 8 9 -1 
52 4 -7.0133 7.81571 1.65249 -8.49869 8.02453 -5.5279 7.6069 -1 -1 -1 3 -1 8 9 -1 
96 4 -7.38836 9.59437 -0.0364301 -8.88252 9.72666 -5.89421 9.46207 -1 -1 -1 3 -1 8 9 -1 
54 4 -7.0239 7.96706 1.57851 -8.50551 8.20119 -5.54228 7.73293 -1 -1 -1 3 -1 8 9 -1 
98 4 -8.83258 6.98262 0.0357864 -9.57143 8.28803 -8.09373 5.67721 -1 -1 -1 3 -1 8 9 -1 
197 4 -7.30598 9.8035 -0.0313854 -8.80507 9.75138 -5.80688 9.85561 -1 -1 -1 3 -1 8 9 -1 
57 4 -9.77359 7.10141 1.5693 -9.89301 8.59665 -9.65417 5.60617 -1 -1 -1 3 -1 8 9 -1 
116 4 -6.77965 8.50325 0.0688266 -8.05932 9.28583 -5.49997 7.72067 -1 -1 -1 3 -1 8 9 -1 
134 4 -6.696 7.00508 -0.033627 -8.17986 7.22454 -5.21214 6.78561 -1 -1 -1 3 -1 8 9 -1 
81 5 -3.07844 -8.69525 0.0762549 -1.79439 -9.47063 -4.36249 -7.91987 -1 0 1 -1 6 -1 10 11 
82 5 -4.6156 -8.98585 -0.0667708 -3.18334 -9.43153 -6.04786 -8.54017 -1 0 1 -1 6 -1 10 11 
64 5 -3.27471 -7.05581 1.58821 -4.73166 -6.69905 -1.81775 -7.41256 -1 0 1 -1 6 -1 10 11 
121 5 -3.02202 -6.58446 0.00172069 -1.52424 -6.666 -4.5198 -6.50291 -1 0 1 -1 6 -1 10 11 
202 5 -2.86809 -9.72451 -0.0198541 -4.3604 -9.87617 -1.37577 -9.57285 -1 0 1 -1 6 -1 10 11 
42 5 -5.0703 -7.56436 -0.0685787 -3.57248 -7.64527 -6.56811 -7.48346 -1 0 1 -1 6 -1 10 11 
43 5 -2.56303 -8.48799 1.57954 -3.81767 -7.66587 -1.30839 -9.31012 -1 0 1 -1 6 -1 10 11 
148 5 -5.19598 -9.4528 1.53451 -6.6838 -9.26202 -3.70816 -9.64359 -1 0 1 -1 6 -1 10 11 
63 5 -2.99244 -7.80619 -0.0838541 -1.55383 -8.23094 -4.43105 -7.38145 -1 0 1 -1 6 -1 10 11 
44 5 -5.41475 -6.39091 1.57057 -6.70068 -7.16317 -4.12882 -5.61864 -1 0 1 -1 6 -1 10 11 
107 5 -4.10864 -6.22178 1.55838 -2.7063 -5.68938 -5.51098 -6.75418 -1 0 1 -1 6 -1 10 11 
125 6 -3.02497 -3.47371 -0.0866852 -4.52428 -3.42841 -1.52565 -3.519 0 1 2 5 7 10 11 12 
48 6 -4.11377 -4.3677 1.65033 -2.64661 -4.05552 -5.58092 -4.67987 0 1 2 5 7 10 11 12 
129 6 -3.06664 -4.03776 1.47294 -1.61032 -3.67843 -4.52297 -4.3971 0 1 2 5 7 10 11 12 
71 6 -4.23994 -4.64531 1.61523 -5.66259 -5.12075 -2.81728 -4.16987 0 1 2 5 7 10 11 12 
189 6 -2.89361 -2.88693 0.0938717 -4.32323 -2.43287 -1.46398 -3.34098 0 1 2 5 7 10 11 12 
68 6 -2.93142 -2.65703 1.59126 -1.52475 -3.1779 -4.33808 -2.13616 0 1 2 5 7 10 11 12 
70 6 -4.38333 -5.68888 1.57811 -2.96899 -5.18924 -5.79766 -6.18853 0 1 2 5 7 10 11 12 
183 6 -4.07746 -4.04705 0.0928546 -5.56869 -4.2091 -2.58624 -3.88501 0 1 2 5 7 10 11 12 
41 6 -3.6966 -5.92052 -0.0685787 -2.31178 -5.3441 -5.08143 -6.49693 0 1 2 5 7 10 11 12 
169 7 -5.20708 0.385745 1.58895 -4.49757 -0.935843 -5.91659 1.70733 1 2 3 6 8 11 12 13 
123 7 -4.29515 -0.740609 -0.0113081 -5.03379 0.564924 -3.55651 -2.04614 1 2 3 6 8 11 12 13 
153 7 -5.58297 -0.677851 0.0944598 -5.77201 0.81019 -5.39393 -2.16589 1 2 3 6 8 11 12 13 
188 7 -4.65966 -1.61032 0.0938717 -5.15782 -0.195453 -4.16151 -3.02518 1 2 3 6 8 11 12 13 
207 7 -3.63739 0.209649 0.0828931 -3.56959 1.70812 -3.7052 -1.28882 1 2 3 6 8 11 12 13 
67 7 -3.16845 0.0252628 1.63243 -2.84105 -1.43857 -3.49584 1.4891 1 2 3 6 8 11 12 13 
131 7 -2.84656 -0.943352 1.51604 -2.45451 -2.39121 -3.23861 0.504507 1 2 3 6 8 11 12 13 
85 7 -2.89849 0.853156 1.60699 -2.15398 -0.449034 -3.64301 2.15535 1 2 3 6 8 11 12 13 
34 7 -4.74632 1.35615 1.53506 -3.88185 0.130305 -5.61078 2.582 1 2 3 6 8 11 12 13 
133 7 -2.66053 -0.609642 1.59233 -3.08144 0.830093 -2.23963 -2.04938 1 2 3 6 8 11 12 13 
30 7 -5.49586 1.71848 1.53668 -5.0352 0.290965 -5.95651 3.14599 1 2 3 6 8 11 12 13 
74 8 -4.1286 2.68514 1.64626 -5.25217 3.67891 -3.00502 1.69137 2 3 4 7 9 12 13 14 
210 8 -4.20479 4.41628 0.0886768 -5.62347 4.90345 -2.7861 3.92911 2 3 4 7 9 12 13 14 
155 8 -4.50851 2.62795 0.0708671 -5.42188 3.81781 -3.59514 1.43809 2 3 4 7 9 12 13 14 
90 8 -3.38398 3.32522 1.62689 -1.97844 2.80134 -4.78952 3.84911 2 3 4 7 9 12 13 14 
88 8 -5.20279 5.37793 1.52721 -3.91641 4.60641 -6.48916 6.14946 2 3 4 7 9 12 13 14 
172 8 -4.68633 4.89505 0.080962 -6.07277 5.46757 -3.29989 4.32253 2 3 4 7 9 12 13 14 
138 8 -5.02477 5.30943 -0.00256941 -6.31341 6.07716 -3.73613 4.54169 2 3 4 7 9 12 13 14 
87 8 -3.14628 3.49428 1.62448 -1.78261 2.86946 -4.50996 4.11909 2 3 4 7 9 12 13 14 
31 8 -5.67655 4.79821 1.64665 -6.97239 5.55373 -4.38072 4.0427 2 3 4 7 9 12 13 14 
78 8 -3.89064 4.93776 0.0219834 -5.12128 5.79538 -2.65999 4.08014 2 3 4 7 9 12 13 14 
55 8 -4.83127 2.38993 1.65656 -5.63666 3.65537 -4.02587 1.12449 2 3 4 7 9 12 13 14 
86 8 -4.37645 5.58217 1.65076 -3.2447 4.59773 -5.50821 6.56662 2 3 4 7 9 12 13 14 
175 8 -4.18366 5.58595 0.0185602 -5.29324 6.59532 -3.07407 4.57659 2 3 4 7 9 12 13 14 
95 8 -5.45755 4.54857 1.49327 -6.79701 5.22375 -4.1181 3.87339 2 3 4 7 9 12 13 14 
168 8 -2.37076 2.16814 -0.00214141 -3.48994 3.16687 -1.25159 1.16942 2 3 4 7 9 12 13 14 
113 8 -5.64265 3.3591 1.61256 -6.465 4.61359 -4.82031 2.10461 2 3 4 7 9 12 13 14 
177 8 -2.15351 5.45562 0.0410186 -2.50135 6.91473 -1.80567 3.99651 2 3 4 7 9 12 13 14 
97 9 -5.26294 7.86073 0.0814642 -6.33709 8.90773 -4.1888 6.81372 3 4 -1 8 -1 13 14 -1 
72 9 -3.59081 6.72589 1.58781 -4.27898 8.05871 -2.90265 5.39306 3 4 -1 8 -1 13 14 -1 
215 9 -4.5977 8.19774 -0.0463609 -6.038 8.61669 -3.15739 7.77878 3 4 -1 8 -1 13 14 -1 
76 9 -4.09695 6.13955 1.66739 -5.1501 7.20767 -3.04381 5.07143 3 4 -1 8 -1 13 14 -1 
157 9 -4.92974 7.42017 0.0924511 -6.00018 8.47095 -3.85929 6.36938 3 4 -1 8 -1 13 14 -1 
77 9 -3.81316 9.57379 0.0753746 -5.2868 9.85378 -2.33953 9.2938 3 4 -1 8 -1 13 14 -1 
118 9 -4.48458 8.74628 -0.0705271 -5.66727 9.66891 -3.30189 7.82365 3 4 -1 8 -1 13 14 -1 
158 9 -4.43702 8.99165 0.08265 -5.72541 9.7598 -3.14864 8.2235 3 4 -1 8 -1 13 14 -1 
154 9 -2.13146 7.17686 -0.0763312 -3.61757 6.97323 -0.645341 7.38049 3 4 -1 8 -1 13 14 -1 
117 9 -3.5981 6.01478 -0.0258068 -4.465 7.23891 -2.73121 4.79065 3 4 -1 8 -1 13 14 -1 
36 9 -4.61424 6.23118 1.51514 -5.69172 7.27475 -3.53675 5.18762 3 4 -1 8 -1 13 14 -1 
178 9 -2.40367 9.50517 0.0681749 -3.90041 9.60412 -0.906941 9.40622 3 4 -1 8 -1 13 14 -1 
253 9 -2.29811 9.62057 -0.0652644 -3.798 9.60179 -0.79823 9.63936 3 4 -1 8 -1 13 14 -1 
136 9 -2.19042 7.91141 -0.00985311 -3.42412 7.05818 -0.956725 8.76463 3 4 -1 8 -1 13 14 -1 
161 10 0.662341 -7.85699 -0.0377534 1.92493 -8.66685 -0.600247 -7.04713 -1 5 6 -1 11 -1 15 16 
182 10 0.159532 -8.0027 -0.0612134 -1.02476 -7.08213 1.34382 -8.92328 -1 5 6 -1 11 -1 15 16 
83 10 -0.524248 -9.31974 -0.0484298 -2.01368 -9.49752 0.965179 -9.14196 -1 5 6 -1 11 -1 15 16 
184 10 -0.797096 -7.78714 0.0666466 0.203425 -8.90471 -1.79762 -6.66957 -1 5 6 -1 11 -1 15 16 
142 10 0.556634 -9.9527 -0.0336728 2.05663 -9.95398 -0.943365 -9.95142 -1 5 6 -1 11 -1 15 16 
146 10 0.139479 -7.80681 -0.0290627 -1.07891 -6.93186 1.35787 -8.68175 -1 5 6 -1 11 -1 15 16 
223 10 0.805804 -6.02458 -0.0611452 -0.0505778 -4.79308 1.66219 -7.25609 -1 5 6 -1 11 -1 15 16 
62 10 -1.30727 -9.74016 -0.0838541 0.186111 -9.59946 -2.80066 -9.88087 -1 5 6 -1 11 -1 15 16 
227 10 1.57319 -7.52949 0.08476 0.573007 -6.41163 2.57338 -8.64736 -1 5 6 -1 11 -1 15 16 
106 10 0.391171 -8.45461 1.52942 1.48256 -9.48362 -0.700223 -7.4256 -1 5 6 -1 11 -1 15 16 
242 10 1.87041 -9.67779 -0.00484941 0.393187 -9.93821 3.34763 -9.41737 -1 5 6 -1 11 -1 15 16 
162 10 -1.05665 -6.61882 0.045501 -2.12839 -5.56935 0.0150907 -7.66828 -1 5 6 -1 11 -1 15 16 
144 11 1.78142 -3.35855 0.0588998 1.00151 -2.07725 2.56134 -4.63986 5 6 7 10 12 15 16 17 
244 11 0.642909 -4.54087 0.0983097 -0.0217943 -3.19619 1.30761 -5.88555 5 6 7 10 12 15 16 17 
344 11 1.24528 -4.84832 1.5878 0.363524 -3.63486 2.12704 -6.06179 5 6 7 10 12 15 16 17 
132 11 -0.0772212 -3.41613 1.59233 -0.786739 -2.09454 0.632296 -4.73771 5 6 7 10 12 15 16 17 
145 11 -0.518326 -5.28394 0.00575202 -1.3243 -4.01887 0.287647 -6.54901 5 6 7 10 12 15 16 17 
266 11 1.60463 -2.90541 -0.0801331 0.739063 -1.68034 2.47019 -4.13048 5 6 7 10 12 15 16 17 
243 11 -0.790036 -5.49839 -0.00534277 -1.44885 -4.15081 -0.131222 -6.84596 5 6 7 10 12 15 16 17 
264 11 1.18422 -3.6275 0.00277262 0.0679027 -2.62558 2.30053 -4.62942 5 6 7 10 12 15 16 17 
181 11 1.28576 -4.46843 0.0295419 0.346214 -3.29913 2.22531 -5.63772 5 6 7 10 12 15 16 17 
231 11 1.59731 -2.3198 1.61476 0.830262 -1.03075 2.36435 -3.60885 5 6 7 10 12 15 16 17 
187 11 -1.43764 -5.72016 -0.0401799 -2.52478 -4.68666 -0.3505 -6.75366 5 6 7 10 12 15 16 17 
226 11 -1.69063 -3.99981 -0.0370219 -3.17784 -4.19522 -0.203409 -3.8044 5 6 7 10 12 15 16 17 
164 11 -0.0565086 -5.93889 0.0663293 -0.841835 -4.6609 0.728818 -7.21688 5 6 7 10 12 15 16 17 
229 11 0.49516 -2.32979 1.56342 1.60271 -3.34139 -0.612392 -1.3182 5 6 7 10 12 15 16 17 
122 11 -1.99341 -2.76724 0.0960758 -3.43293 -2.34558 -0.553894 -3.18889 5 6 7 10 12 15 16 17 
328 12 -1.35004 -1.12214 1.57454 -1.50253 0.370087 -1.19754 -2.61437 6 7 8 11 13 16 17 18 
171 12 1.12443 1.65797 1.62101 1.83021 0.334386 0.418651 2.98156 6 7 8 11 13 16 17 18 
196 12 -1.01685 0.189107 -0.0214127 -1.75179 1.49672 -0.281906 -1.11851 6 7 8 11 13 16 17 18 
115 12 -0.0274661 -0.385096 0.0241251 -0.808198 0.895708 0.753265 -1.6659 6 7 8 11 13 16 17 18 
205 12 -0.228713 1.81296 -0.0835163 -0.470228 3.29339 0.0128015 0.332533 6 7 8 11 13 16 17 18 
246 12 0.350368 0.0827475 0.0105635 -0.00757958 1.53941 0.708316 -1.37392 6 7 8 11 13 16 17 18 
312 12 1.29721 1.58406 1.55215 0.684817 2.95336 1.9096 0.214762 6 7 8 11 13 16 17 18 
305 12 1.28595 -0.115618 1.52065 0.642814 1.23951 1.92908 -1.47075 6 7 8 11 13 16 17 18 
91 12 -1.78402 -1.44329 1.57205 -2.15268 0.0107042 -1.41537 -2.89728 6 7 8 11 13 16 17 18 
251 12 0.935705 1.35769 1.54105 0.133939 2.62543 1.73747 0.0899469 6 7 8 11 13 16 17 18 
112 12 -1.01668 0.851019 1.63237 -1.74976 2.15968 -0.283597 -0.457642 6 7 8 11 13 16 17 18 
185 12 -0.288991 0.971832 -0.0540477 -0.624849 2.43375 0.0468681 -0.490084 6 7 8 11 13 16 17 18 
152 12 1.12 -0.293833 1.51143 0.357488 0.997901 1.88251 -1.58557 6 7 8 11 13 16 17 18 
194 12 -1.77669 -1.07598 0.0518072 -2.25432 0.345945 -1.29906 -2.4979 6 7 8 11 13 16 17 18 
150 12 -0.997328 1.20951 1.5108 -1.81913 2.46435 -0.175524 -0.0453407 6 7 8 11 13 16 17 18 
330 12 1.67918 0.993269 1.4827 1.09251 2.37378 2.26585 -0.387244 6 7 8 11 13 16 17 18 
166 12 -0.276897 -1.14115 0.0316722 -1.42466 -0.175414 0.870863 -2.10689 6 7 8 11 13 16 17 18 
105 12 -1.95897 0.299799 -0.0464703 -2.41146 1.72992 -1.50647 -1.13032 6 7 8 11 13 16 17 18 
252 13 0.341004 3.4172 1.54105 -0.557747 4.61813 1.23976 2.21626 7 8 9 12 14 17 18 19 
170 13 -1.08327 3.73125 1.62101 -1.69561 5.10056 -0.470924 2.36193 7 8 9 12 14 17 18 19 
176 13 -0.680224 4.13046 0.0439749 -1.51833 5.37448 0.157886 2.88645 7 8 9 12 14 17 18 19 
191 13 -0.419562 4.10179 -0.0803081 -1.26295 5.34223 0.423824 2.86134 7 8 9 12 14 17 18 19 
212 13 -1.18013 2.9244 0.0451745 -1.40964 4.40674 -0.950619 1.44207 7 8 9 12 14 17 18 19 
316 13 -0.0840749 4.90769 -0.0655887 1.02755 3.90057 -1.1957 5.91481 7 8 9 12 14 17 18 19 
278 13 1.09902 5.34558 -0.0548573 2.49044 4.78526 -0.292397 5.90591 7 8 9 12 14 17 18 19 
273 13 0.876235 2.99156 1.63076 0.208969 4.33498 1.5435 1.64815 7 8 9 12 14 17 18 19 
351 13 1.52906 3.12871 1.5717 1.01365 4.53738 2.04446 1.72004 7 8 9 12 14 17 18 19 
233 13 -0.308603 5.41572 0.0984411 0.942813 4.58871 -1.56002 6.24274 7 8 9 12 14 17 18 19 
234 13 -1.64352 5.94648 0.0738822 -2.60028 7.10173 -0.686753 4.79123 7 8 9 12 14 17 18 19 
193 13 1.67312 3.08624 0.0866947 1.20558 4.51151 2.14067 1.66097 7 8 9 12 14 17 18 19 
47 13 -1.99911 3.71155 1.60654 -1.12761 2.49069 -2.87062 4.9324 7 8 9 12 14 17 18 19 
218 14 -0.791876 7.86343 0.0219677 -2.18507 7.30753 0.601314 8.41933 8 9 -1 13 -1 18 19 -1 
156 14 0.610674 8.58295 0.0322909 -0.732913 7.91603 1.95426 9.24986 8 9 -1 13 -1 18 19 -1 
277 14 0.384656 8.22836 -0.0597183 1.62655 9.06961 -0.857241 7.38712 8 9 -1 13 -1 18 19 -1 
137 14 -0.0831412 6.93065 0.027191 -1.58164 6.86348 1.41535 6.99782 8 9 -1 13 -1 18 19 -1 
114 14 0.207341 8.83114 1.61256 -1.21558 8.35648 1.63026 9.30581 8 9 -1 13 -1 18 19 -1 
217 14 -1.06277 9.13991 0.0193853 -2.54313 8.89802 0.4176 9.38181 8 9 -1 13 -1 18 19 -1 
209 14 0.876909 7.79509 0.0886768 2.21511 8.47274 -0.461295 7.11744 8 9 -1 13 -1 18 19 -1 
135 14 0.344745 9.4769 -0.0784199 -1.14508 9.30246 1.83457 9.65134 8 9 -1 13 -1 18 19 -1 
238 14 1.3292 9.00685 -0.0677189 -0.00952813 8.33023 2.66793 9.68346 8 9 -1 13 -1 18 19 -1 
198 14 1.62598 7.63506 -0.0460039 0.164344 7.29797 3.08761 7.97215 8 9 -1 13 -1 18 19 -1 
173 14 -1.85781 8.60785 0.0946512 -3.2786 8.12684 -0.437026 9.08886 8 9 -1 13 -1 18 19 -1 
275 14 -0.23299 6.37835 -0.0896766 1.24288 6.11035 -1.70885 6.64635 8 9 -1 13 -1 18 19 -1 
165 15 4.10894 -7.41912 -0.0187441 3.95713 -5.92682 4.26075 -8.91141 -1 10 11 -1 16 -1 20 21 
206 15 3.34343 -8.51192 -0.08235 2.25542 -7.47933 4.43144 -9.5445 -1 10 11 -1 16 -1 20 21 
248 15 5.39976 -9.059 1.55798 3.90133 -8.99024 6.89818 -9.12776 -1 10 11 -1 16 -1 20 21 
224 15 3.60721 -7.39743 -0.0442809 3.37006 -5.9163 3.84435 -8.87857 -1 10 11 -1 16 -1 20 21 
322 15 5.78479 -9.92449 0.017917 4.28489 -9.94206 7.28468 -9.90693 -1 10 11 -1 16 -1 20 21 
186 15 5.00192 -9.55656 0.0781129 3.51682 -9.7675 6.48701 -9.34562 -1 10 11 -1 16 -1 20 21 
241 15 2.3196 -7.05532 -0.00257303 1.42576 -5.85073 3.21344 -8.25992 -1 10 11 -1 16 -1 20 21 
263 15 5.40245 -7.57527 0.0564466 4.22305 -6.64845 6.58186 -8.5021 -1 10 11 -1 16 -1 20 21 
327 15 5.41035 -7.4175 1.48248 4.18179 -6.5569 6.63891 -8.2781 -1 10 11 -1 16 -1 20 21 
225 15 3.82132 -6.60377 -0.0243093 3.79464 -5.10401 3.848 -8.10353 -1 10 11 -1 16 -1 20 21 
221 15 2.61647 -6.82855 -0.0620778 1.69904 -5.64182 3.5339 -8.01527 -1 10 11 -1 16 -1 20 21 
247 15 2.34944 -8.08195 0.0105635 1.5084 -6.83991 3.19048 -9.32398 -1 10 11 -1 16 -1 20 21 
261 15 2.12061 -6.43718 0.0248666 1.32063 -5.1683 2.92058 -7.70605 -1 10 11 -1 16 -1 20 21 
286 16 3.11355 -4.91255 1.62525 2.54222 -3.52561 3.68487 -6.29948 10 11 12 15 17 20 21 22 
283 16 5.65128 -4.76214 0.0836279 4.46022 -3.85035 6.84235 -5.67393 10 11 12 15 17 20 21 22 
303 16 2.58468 -5.158 0.0786674 1.94653 -3.80052 3.22283 -6.51548 10 11 12 15 17 20 21 22 
267 16 4.02432 -3.9615 1.47404 2.96354 -2.90097 5.08511 -5.02204 10 11 12 15 17 20 21 22 
250 16 2.60336 -3.12573 1.58442 1.54879 -2.05902 3.65794 -4.19244 10 11 12 15 17 20 21 22 
304 16 4.68515 -4.67425 0.0786674 3.61674 -3.62139 5.75356 -5.7271 10 11 12 15 17 20 21 22 
265 16 5.67331 -5.67805 -0.0801331 4.42436 -4.84732 6.92227 -6.50878 10 11 12 15 17 20 21 22 
245 16 2.43796 -2.29022 -0.0212704 1.16349 -1.49918 3.71242 -3.08126 10 11 12 15 17 20 21 22 
147 16 2.54429 -2.16654 -0.0290627 1.21465 -1.47225 3.87394 -2.86084 10 11 12 15 17 20 21 22 
271 16 5.99555 -2.0156 1.61511 5.44532 -0.620167 6.54578 -3.41104 10 11 12 15 17 20 21 22 
287 17 2.92452 -1.22156 1.57435 1.72263 -0.324093 4.12642 -2.11903 11 12 13 16 18 21 22 23 
292 17 3.99205 0.287459 1.52951 3.03598 1.44328 4.94812 -0.868365 11 12 13 16 18 21 22 23 
208 17 3.24715 0.620286 0.0886768 2.27994 1.7668 4.21436 -0.526234 11 12 13 16 18 21 22 23 
309 17 3.74115 1.06593 1.64993 2.86581 2.28403 4.61649 -0.152174 11 12 13 16 18 21 22 23 
232 17 5.41315 -1.47611 0.0536245 5.91135 -2.89096 4.91494 -0.06126 11 12 13 16 18 21 22 23 
326 17 3.84482 0.72019 1.64329 2.8821 1.87048 4.80754 -0.430104 11 12 13 16 18 21 22 23 
284 17 2.10777 1.25675 -0.043355 1.64894 2.68485 2.5666 -0.171356 11 12 13 16 18 21 22 23 
230 17 3.9596 -0.250134 1.61476 2.94797 0.857387 4.97123 -1.35765 11 12 13 16 18 21 22 23 
270 17 3.32123 -0.0644013 1.62258 2.49316 1.18632 4.14929 -1.31512 11 12 13 16 18 21 22 23 
357 17 4.97997 0.567071 1.6088 5.81583 -0.678463 4.14412 1.8126 11 12 13 16 18 21 22 23 
203 17 3.2463 -0.29355 0.0986814 2.48463 0.99868 4.00797 -1.58578 11 12 13 16 18 21 22 23 
323 17 2.74146 1.79644 0.017917 2.03758 3.12103 3.44534 0.471843 11 12 13 16 18 21 22 23 
290 17 5.72013 -0.193695 1.62067 5.02271 1.13431 6.41755 -1.5217 11 12 13 16 18 21 22 23 
211 17 4.76307 -1.98403 0.0146525 3.68087 -0.945346 5.84526 -3.02271 11 12 13 16 18 21 22 23 
310 17 3.4155 1.89941 1.66042 2.23719 2.82762 4.59381 0.971186 11 12 13 16 18 21 22 23 
216 17 2.05948 0.939665 -0.00681139 2.46129 -0.505515 1.65766 2.38484 11 12 13 16 18 21 22 23 
254 18 5.35686 4.62791 0.0939474 6.73322 5.22426 3.98051 4.03155 12 13 14 17 19 22 23 24 
249 18 5.24024 3.05987 1.49744 5.68638 4.49199 4.79409 1.62776 12 13 14 17 19 22 23 24 
295 18 3.01057 3.00134 -0.0909834 4.44896 2.57589 1.57217 3.4268 12 13 14 17 19 22 23 24 
332 18 5.81675 5.56778 1.47638 7.31636 5.60192 4.31714 5.53364 12 13 14 17 19 22 23 24 
334 18 5.59292 2.68996 1.49321 5.78652 4.17741 5.39933 1.2025 12 13 14 17 19 22 23 24 
195 18 3.82701 3.92592 -0.0966908 5.07894 3.09968 2.57508 4.75216 12 13 14 17 19 22 23 24 
335 18 4.842 5.01272 1.56548 6.34104 5.06642 3.34296 4.95902 12 13 14 17 19 22 23 24 
370 18 3.19977 5.18122 1.62503 1.70798 5.33787 4.69157 5.02457 12 13 14 17 19 22 23 24 
333 18 3.00651 3.74076 1.58287 1.81779 4.6556 4.19524 2.82592 12 13 14 17 19 22 23 24 
314 18 4.59798 2.16455 1.52025 4.10555 3.58142 5.0904 0.747685 12 13 14 17 19 22 23 24 
237 18 3.11195 5.43803 0.0560184 1.62142 5.60629 4.60249 5.26978 12 13 14 17 19 22 23 24 
190 18 2.24799 5.9806 0.0938717 3.73015 6.21127 0.76583 5.74993 12 13 14 17 19 22 23 24 
255 19 3.88163 9.41164 -0.00311797 2.4976 8.83332 5.26566 9.98997 13 14 -1 18 -1 23 24 -1 
336 19 3.50331 7.42414 1.56548 2.01173 7.26545 4.9949 7.58283 13 14 -1 18 -1 23 24 -1 
373 19 5.54639 7.38433 1.55408 4.04816 7.4571 7.04462 7.31155 13 14 -1 18 -1 23 24 -1 
377 19 2.728 8.3895 1.61999 4.1637 8.82399 1.29231 7.95501 13 14 -1 18 -1 23 24 -1 
337 19 5.34924 8.16904 -0.0754216 6.7339 8.74586 3.96459 7.59222 13 14 -1 18 -1 23 24 -1 
376 19 5.25797 9.27038 1.61539 3.76991 9.08148 6.74603 9.45928 13 14 -1 18 -1 23 24 -1 
276 19 5.24598 6.52826 0.0647429 6.6692 6.05451 3.82276 7.00202 13 14 -1 18 -1 23 24 -1 
313 19 3.95686 6.2054 1.66995 2.54081 6.70018 5.37291 5.71062 13 14 -1 18 -1 23 24 -1 
235 19 2.94581 9.26239 -0.0355828 1.50994 8.82849 4.38169 9.6963 13 14 -1 18 -1 23 24 -1 
258 19 5.57349 9.36198 0.03131 7.06662 9.50544 4.08037 9.21853 13 14 -1 18 -1 23 24 -1 
213 19 2.17384 6.95953 0.0189033 0.699254 6.68456 3.64842 7.23449 13 14 -1 18 -1 23 24 -1 
214 19 2.03134 6.65562 -0.0575552 3.47816 7.05149 0.584524 6.25975 13 14 -1 18 -1 23 24 -1 
317 19 2.02238 7.05863 0.0721344 3.50352 7.29574 0.541234 6.82153 13 14 -1 18 -1 23 24 -1 
362 20 7.72137 -7.5581 1.61243 6.72486 -6.43695 8.71787 -8.67925 -1 15 16 -1 21 -1 -1 -1 
324 20 8.73082 -8.48047 1.52854 7.95517 -7.19658 9.50647 -9.76436 -1 15 16 -1 21 -1 -1 -1 
228 20 9.02362 -7.01586 0.08476 9.07117 -5.51661 8.97607 -8.5151 -1 15 16 -1 21 -1 -1 -1 
325 20 9.6522 -7.70241 1.49129 9.84352 -6.21466 9.46088 -9.19016 -1 15 16 -1 21 -1 -1 -1 
343 20 8.76007 -8.13476 1.58283 8.13292 -6.77215 9.38722 -9.49736 -1 15 16 -1 21 -1 -1 -1 
262 20 8.35338 -9.04659 -0.0512347 7.12506 -8.18564 9.5817 -9.90754 -1 15 16 -1 21 -1 -1 -1 
341 20 6.69315 -9.03916 -0.0266753 5.19666 -8.93651 8.18963 -9.14181 -1 15 16 -1 21 -1 -1 -1 
201 20 6.66067 -8.79167 -0.0121466 5.16964 -8.62779 8.15169 -8.95555 -1 15 16 -1 21 -1 -1 -1 
222 20 6.83557 -9.45807 -0.0374866 5.36442 -9.75086 8.30672 -9.16529 -1 15 16 -1 21 -1 -1 -1 
291 20 9.28204 -6.90212 1.5682 9.26364 -5.40223 9.30044 -8.40201 -1 15 16 -1 21 -1 -1 -1 
285 20 6.29375 -8.57185 -0.043355 7.76941 -8.84097 4.81808 -8.30274 -1 15 16 -1 21 -1 -1 -1 
302 20 6.21197 -7.37683 -0.0541769 4.80402 -6.85948 7.61993 -7.89418 -1 15 16 -1 21 -1 -1 -1 
308 21 7.92102 -4.41866 1.55792 6.64992 -3.62222 9.19212 -5.21509 15 16 17 20 22 -1 -1 -1 
288 21 9.12023 -4.01624 1.54623 9.02716 -2.51913 9.21329 -5.51335 15 16 17 20 22 -1 -1 -1 
307 21 9.39457 -3.20385 1.47786 8.97939 -1.76245 9.80974 -4.64525 15 16 17 20 22 -1 -1 -1 
342 21 7.1162 -4.0635 -0.0266753 5.78774 -3.36694 8.44466 -4.76006 15 16 17 20 22 -1 -1 -1 
301 21 7.76731 -5.3467 -0.0896105 6.82837 -4.17692 8.70625 -6.51648 15 16 17 20 22 -1 -1 -1 
346 21 9.41315 -5.35202 1.57554 9.13698 -3.87767 9.68933 -6.82638 15 16 17 20 22 -1 -1 -1 
366 21 8.8515 -3.36095 1.59963 8.79688 -1.86194 8.90611 -4.85995 15 16 17 20 22 -1 -1 -1 
321 21 7.16643 -4.95623 0.00346954 6.15715 -3.84656 8.1757 -6.0659 15 16 17 20 22 -1 -1 -1 
192 21 8.66069 -2.25602 0.060257 8.50172 -0.764464 8.81966 -3.74757 15 16 17 20 22 -1 -1 -1 
361 21 6.61507 -4.68026 0.0685141 5.65134 -3.53081 7.57879 -5.82971 15 16 17 20 22 -1 -1 -1 
364 21 6.10077 -5.69597 1.6272 4.93341 -4.75401 7.26812 -6.63792 15 16 17 20 22 -1 -1 -1 
368 21 9.0214 -2.09389 1.67067 8.82914 -0.606264 9.21365 -3.58152 15 16 17 20 22 -1 -1 -1 
306 21 7.18851 -5.84698 1.66258 6.29777 -4.64009 8.07925 -7.05387 15 16 17 20 22 -1 -1 -1 
289 21 7.57453 -2.09299 1.47494 7.18719 -0.643863 7.96187 -3.54212 15 16 17 20 22 -1 -1 -1 
348 21 9.30917 -2.00435 1.61413 9.12511 -0.515685 9.49323 -3.49301 15 16 17 20 22 -1 -1 -1 
329 22 7.8451 -0.0267019 1.50539 7.70938 1.46715 7.98081 -1.52055 16 17 18 21 23 -1 -1 -1 
372 22 8.1936 -1.82564 1.51924 8.13777 -0.32668 8.24943 -3.3246 16 17 18 21 23 -1 -1 -1 
365 22 7.71193 0.484171 1.61639 7.55148 1.97556 7.87238 -1.00722 16 17 18 21 23 -1 -1 -1 
374 22 9.83831 0.341603 1.64317 9.82939 1.84158 9.84723 -1.15837 16 17 18 21 23 -1 -1 -1 
350 22 9.06804 0.126049 1.54919 9.071 1.62605 9.06508 -1.37395 16 17 18 21 23 -1 -1 -1 
352 22 9.24727 1.78112 1.58557 9.08026 0.290446 9.41429 3.27179 16 17 18 21 23 -1 -1 -1 
331 22 6.71429 1.47098 1.61035 6.38056 2.93338 7.04802 0.00857366 16 17 18 21 23 -1 -1 -1 
349 22 7.33095 -0.16724 1.62199 7.52914 -1.65409 7.13277 1.31961 16 17 18 21 23 -1 -1 -1 
293 22 8.34517 1.09904 1.6695 8.31275 2.59869 8.37758 -0.400609 16 17 18 21 23 -1 -1 -1 
274 22 8.8874 0.707143 0.0303916 8.71812 2.19756 9.05668 -0.783274 16 17 18 21 23 -1 -1 -1 
311 22 7.04518 0.427342 1.63968 7.02457 1.9272 7.06579 -1.07252 16 17 18 21 23 -1 -1 -1 
353 22 6.62591 -0.499539 1.56506 6.31762 0.968437 6.9342 -1.96752 16 17 18 21 23 -1 -1 -1 
281 22 8.04535 -1.0385 0.0213392 8.15812 0.457251 7.93258 -2.53426 16 17 18 21 23 -1 -1 -1 
345 22 6.25121 1.23642 1.54214 5.66684 2.61791 6.83557 -0.145077 16 17 18 21 23 -1 -1 -1 
73 22 6.40824 -0.810766 1.49962 6.78579 -2.26247 6.0307 0.640943 16 17 18 21 23 -1 -1 -1 
268 22 6.95242 -1.73066 1.57244 6.79114 -0.239356 7.11369 -3.22197 16 17 18 21 23 -1 -1 -1 
363 22 6.21173 -1.93502 1.63109 5.84048 -0.481683 6.58297 -3.38835 16 17 18 21 23 -1 -1 -1 
269 22 8.59661 1.7732 1.58036 8.35056 3.25288 8.84267 0.293515 16 17 18 21 23 -1 -1 -1 
282 22 7.33535 -1.95039 -0.0810843 6.86037 -0.527575 7.81033 -3.3732 16 17 18 21 23 -1 -1 -1 
356 23 9.21727 3.32744 1.6088 9.02821 1.8394 9.40633 4.81548 17 18 19 22 24 -1 -1 -1 
355 23 9.69782 5.38224 1.65228 9.68753 3.88227 9.70811 6.8822 17 18 19 22 24 -1 -1 -1 
272 23 7.49035 3.67094 1.63076 8.24714 2.37585 6.73356 4.96604 17 18 19 22 24 -1 -1 -1 
318 23 9.56252 3.14004 0.0769724 9.59163 1.64032 9.5334 4.63975 17 18 19 22 24 -1 -1 -1 
347 23 8.92536 3.35524 1.50313 8.77885 1.86241 9.07187 4.84807 17 18 19 22 24 -1 -1 -1 
367 23 9.86599 4.80919 1.47839 9.89786 6.30885 9.83411 3.30953 17 18 19 22 24 -1 -1 -1 
294 23 6.69107 3.23774 1.6695 6.12392 4.62639 7.25822 1.84909 17 18 19 22 24 -1 -1 -1 
371 23 7.23242 3.13878 1.55579 6.81615 4.57986 7.6487 1.6977 17 18 19 22 24 -1 -1 -1 
298 23 6.15042 3.07761 -0.0538784 6.01691 4.57166 6.28393 1.58357 17 18 19 22 24 -1 -1 -1 
296 24 9.22084 7.03379 -0.0642139 9.37938 5.54219 9.0623 8.52539 18 19 -1 23 -1 -1 -1 -1 
358 24 9.69518 7.37086 -0.0262301 9.39981 5.90023 9.99055 8.84149 18 19 -1 23 -1 -1 -1 -1 
236 24 7.33356 6.76693 0.0754502 8.82185 6.95402 5.84528 6.57983 18 19 -1 23 -1 -1 -1 -1 
354 24 7.97276 8.66179 1.65873 9.08427 9.66904 6.86125 7.65454 18 19 -1 23 -1 -1 -1 -1 
297 24 7.10546 9.27655 0.0840942 8.5977 9.42897 5.61322 9.12413 18 19 -1 23 -1 -1 -1 -1 
369 24 8.08438 8.54469 1.504 9.11722 9.63246 7.05154 7.45692 18 19 -1 23 -1 -1 -1 -1 
256 24 6.74295 8.91399 0.024088 8.21087 9.22253 5.27502 8.60546 18 19 -1 23 -1 -1 -1 -1 
315 24 7.24986 6.42657 1.52025 5.75034 6.38876 8.74939 6.46439 18 19 -1 23 -1 -1 -1 -1 
338 24 6.62271 6.97227 0.0623159 8.12152 6.91273 5.12389 7.03182 18 19 -1 23 -1 -1 -1 -1 
378 24 7.71254 6.36156 1.61999 9.20754 6.484 6.21755 6.23912 18 19 -1 23 -1 -1 -1 -1 
375 24 6.20135 8.58449 1.58201 4.78601 8.08767 7.61669 9.0813 18 19 -1 23 -1 -1 -1 -1 
257 24 6.17574 9.80099 -0.0370511 4.67779 9.72267 7.67369 9.87931 18 19 -1 23 -1 -1 -1 -1 
