21 0 -9.61017 -8.20145 -0.092345 -9.80895 -6.71468 -9.41139 -9.68822 -1 -1 -1 -1 1 -1 5 6 
22 0 -9.22543 -8.02025 1.51221 -9.40574 -9.50937 -9.04512 -6.53112 -1 -1 -1 -1 1 -1 5 6 
41 0 -7.25358 -8.46223 -0.0685787 -5.99276 -7.64962 -8.5144 -9.27484 -1 -1 -1 -1 1 -1 5 6 
62 0 -8.00183 -7.1231 -0.0838541 -6.85542 -6.15576 -9.14824 -8.09044 -1 -1 -1 -1 1 -1 5 6 
63 0 -7.31174 -7.36136 -0.0838541 -6.04438 -6.55898 -8.57909 -8.16374 -1 -1 -1 -1 1 -1 5 6 
61 0 -7.41378 -7.90375 -0.0551714 -6.04722 -7.28528 -8.78034 -8.52222 -1 -1 -1 -1 1 -1 5 6 
81 0 -7.6446 -8.99877 0.0762549 -6.44102 -8.10357 -8.84818 -9.89398 -1 -1 -1 -1 1 -1 5 6 
25 1 -7.06338 -5.07443 1.51782 -8.54242 -4.82456 -5.58434 -5.3243 -1 -1 -1 0 2 5 6 7 
26 1 -8.05658 -2.79217 1.57237 -9.51237 -3.15367 -6.60079 -2.43068 -1 -1 -1 0 2 5 6 7 
27 1 -7.90521 -2.17741 1.51453 -9.27944 -2.77863 -6.53097 -1.57619 -1 -1 -1 0 2 5 6 7 
45 1 -8.57063 -4.23442 1.63561 -9.99531 -4.70376 -7.14595 -3.76508 -1 -1 -1 0 2 5 6 7 
46 1 -7.77941 -2.6014 1.51621 -9.2385 -2.94933 -6.32032 -2.25348 -1 -1 -1 0 2 5 6 7 
64 1 -7.01075 -5.13199 1.58821 -8.4863 -4.86227 -5.5352 -5.40171 -1 -1 -1 0 2 5 6 7 
65 1 -8.27272 -3.621 1.50376 -9.76671 -3.48677 -6.77874 -3.75523 -1 -1 -1 0 2 5 6 7 
24 1 -8.4019 -4.51457 1.49928 -9.86513 -4.84465 -6.93866 -4.1845 -1 -1 -1 0 2 5 6 7 
87 1 -6.95182 -2.26373 1.62448 -8.38992 -2.69021 -5.51373 -1.83725 -1 -1 -1 0 2 5 6 7 
86 1 -7.15712 -3.04922 1.65076 -8.62768 -3.34494 -5.68656 -2.7535 -1 -1 -1 0 2 5 6 7 
23 1 -7.61961 -5.41347 1.50767 -9.11954 -5.42791 -6.11968 -5.39904 -1 -1 -1 0 2 5 6 7 
44 1 -8.01856 -5.72286 1.57057 -9.49067 -6.01077 -6.54645 -5.43495 -1 -1 -1 0 2 5 6 7 
43 1 -8.14614 -5.97769 1.57954 -9.61754 -6.2692 -6.67474 -5.68618 -1 -1 -1 0 2 5 6 7 
28 1 -7.41321 -2.08878 1.47188 -8.80593 -2.64586 -6.0205 -1.53169 -1 -1 -1 0 2 5 6 7 
29 1 -8.45821 -2.09675 1.57246 -9.92092 -2.42915 -6.99551 -1.76435 -1 -1 -1 0 2 5 6 7 
30 2 -8.13554 -1.07773 1.53668 -9.55488 -1.56301 -6.71621 -0.592454 -1 -1 -1 1 3 6 7 8 
31 2 -7.34426 0.562266 1.64665 -8.71784 -0.0404515 -5.97068 1.16498 -1 -1 -1 1 3 6 7 8 
49 2 -6.96651 -0.83827 1.53819 -8.28647 -1.5508 -5.64655 -0.125736 -1 -1 -1 1 3 6 7 8 
51 2 -7.07318 1.62307 1.51942 -8.54354 1.9198 -5.60283 1.32633 -1 -1 -1 1 3 6 7 8 
70 2 -8.42319 -0.478673 1.57811 -9.85733 -0.91825 -6.98904 -0.0390963 -1 -1 -1 1 3 6 7 8 
71 2 -7.69927 0.213269 1.61523 -9.08798 -0.353722 -6.31055 0.78026 -1 -1 -1 1 3 6 7 8 
32 2 -8.27609 1.03541 1.53486 -9.77531 1.08394 -6.77688 0.986889 -1 -1 -1 1 3 6 7 8 
48 2 -8.29282 -1.79542 1.65033 -9.76032 -2.10597 -6.82532 -1.48487 -1 -1 -1 1 3 6 7 8 
50 2 -6.42978 -0.790076 1.49607 -7.8079 -1.38235 -5.05166 -0.197801 -1 -1 -1 1 3 6 7 8 
33 3 -6.90819 2.57723 1.57137 -8.08349 3.50925 -5.73288 1.64522 -1 -1 -1 2 4 7 8 9 
34 3 -7.74255 4.04938 1.53506 -8.73916 5.17043 -6.74593 2.92833 -1 -1 -1 2 4 7 8 9 
53 3 -8.79734 4.82865 1.64356 -9.8537 5.89359 -7.74098 3.76371 -1 -1 -1 2 4 7 8 9 
54 3 -7.98061 4.33683 1.57851 -8.98132 5.45423 -6.9799 3.21943 -1 -1 -1 2 4 7 8 9 
92 3 -8.1683 3.24223 1.59747 -7.49953 1.89957 -8.83706 4.5849 -1 -1 -1 2 4 7 8 9 
74 3 -7.37543 4.23052 1.64626 -8.40756 5.31897 -6.3433 3.14208 -1 -1 -1 2 4 7 8 9 
93 3 -6.97283 4.5054 1.57299 -8.28717 5.22825 -5.65849 3.78255 -1 -1 -1 2 4 7 8 9 
52 3 -9.0948 2.82575 1.65249 -9.6346 4.22525 -8.555 1.42624 -1 -1 -1 2 4 7 8 9 
151 3 -6.04478 3.69048 1.51143 -7.3529 4.42454 -4.73667 2.95643 -1 -1 -1 2 4 7 8 9 
56 3 -8.62104 5.6788 1.5693 -9.88537 6.48593 -7.3567 4.87167 -1 -1 -1 2 4 7 8 9 
36 3 -7.58561 5.7763 1.51514 -8.92075 6.45997 -6.25048 5.09263 -1 -1 -1 2 4 7 8 9 
38 4 -8.18484 8.24166 1.66868 -9.61036 8.70847 -6.75933 7.77485 -1 -1 -1 3 -1 8 9 -1 
57 4 -8.384 7.67314 1.5693 -9.87494 7.83771 -6.89305 7.50857 -1 -1 -1 3 -1 8 9 -1 
58 4 -8.49359 8.52719 -0.0321181 -7.11444 7.93732 -9.87274 9.11706 -1 -1 -1 3 -1 8 9 -1 
76 4 -6.50289 6.49434 1.66739 -7.68775 7.41418 -5.31803 5.5745 -1 -1 -1 3 -1 8 9 -1 
37 4 -7.4731 6.26035 1.66868 -8.87568 6.7921 -6.07052 5.72859 -1 -1 -1 3 -1 8 9 -1 
77 4 -7.30423 6.77339 0.0753746 -8.60048 7.52819 -6.00797 6.01859 -1 -1 -1 3 -1 8 9 -1 
98 4 -7.77065 9.50542 0.0357864 -9.22133 9.8869 -6.31997 9.12395 -1 -1 -1 3 -1 8 9 -1 
55 4 -8.08408 6.42862 1.65656 -9.45642 7.03417 -6.71174 5.82307 -1 -1 -1 3 -1 8 9 -1 
35 4 -7.80958 6.09513 1.57487 -9.20064 6.65632 -6.41851 5.53393 -1 -1 -1 3 -1 8 9 -1 
75 4 -6.10462 7.39281 1.66739 -7.49503 7.95563 -4.71421 6.83 -1 -1 -1 3 -1 8 9 -1 
78 4 -6.08207 8.07802 0.0219834 -7.48657 8.60468 -4.67757 7.55136 -1 -1 -1 3 -1 8 9 -1 
94 4 -6.05186 6.5844 1.49327 -7.32825 7.37232 -4.77546 5.79648 -1 -1 -1 3 -1 8 9 -1 
82 5 -5.20043 -7.17033 -0.0667708 -4.32534 -5.95204 -6.07552 -8.38862 -1 0 1 -1 6 -1 10 11 
101 5 -5.31481 -7.64045 0.0132319 -4.45589 -6.41071 -6.17372 -8.87019 -1 0 1 -1 6 -1 10 11 
102 5 -4.37543 -8.65065 -0.0897456 -3.52723 -7.41349 -5.22363 -9.88781 -1 0 1 -1 6 -1 10 11 
121 5 -3.0353 -8.38411 0.00172069 -2.89468 -6.89072 -3.17592 -9.87751 -1 0 1 -1 6 -1 10 11 
142 5 -2.97719 -9.88368 -0.0336728 -1.4794 -9.80219 -4.47497 -9.96518 -1 0 1 -1 6 -1 10 11 
184 5 -2.7481 -8.23624 0.0666466 -2.33897 -6.79312 -3.15723 -9.67937 -1 0 1 -1 6 -1 10 11 
143 5 -4.59802 -7.68273 0.0057508 -3.73303 -6.45726 -5.46301 -8.90821 -1 0 1 -1 6 -1 10 11 
123 5 -2.41562 -6.11307 -0.0113081 -1.29275 -5.1185 -3.53849 -7.10764 -1 0 1 -1 6 -1 10 11 
42 5 -5.64722 -7.58858 -0.0685787 -4.67847 -6.44337 -6.61598 -8.7338 -1 0 1 -1 6 -1 10 11 
84 6 -4.65163 -3.33004 -0.0484298 -3.23656 -2.83246 -6.0667 -3.82762 0 1 2 5 7 10 11 12 
105 6 -4.59025 -3.58841 -0.0464703 -3.21473 -2.99013 -5.96577 -4.18669 0 1 2 5 7 10 11 12 
106 6 -4.36544 -3.03547 1.52942 -5.79197 -3.49917 -2.93891 -2.57178 0 1 2 5 7 10 11 12 
124 6 -5.44593 -3.88324 -0.0693766 -4.05049 -3.33302 -6.84137 -4.43346 0 1 2 5 7 10 11 12 
125 6 -2.97255 -4.04816 -0.0866852 -1.96502 -2.9369 -3.98008 -5.15941 0 1 2 5 7 10 11 12 
126 6 -5.30247 -4.24434 -0.0866852 -3.93702 -3.62342 -6.66792 -4.86527 0 1 2 5 7 10 11 12 
144 6 -2.91298 -4.67826 0.0588998 -2.22516 -3.34525 -3.60079 -6.01127 0 1 2 5 7 10 11 12 
169 6 -5.13153 -3.13096 1.58895 -6.46761 -3.8128 -3.79546 -2.44912 0 1 2 5 7 10 11 12 
47 6 -5.75759 -2.87112 1.60654 -7.06168 -3.61229 -4.45349 -2.12994 0 1 2 5 7 10 11 12 
189 6 -2.30601 -3.9677 0.0938717 -1.70279 -2.59434 -2.90924 -5.34106 0 1 2 5 7 10 11 12 
103 6 -4.53684 -4.51692 -0.00949416 -3.60343 -3.34273 -5.47026 -5.69112 0 1 2 5 7 10 11 12 
167 6 -4.27498 -3.09604 -0.00214141 -2.85274 -2.61935 -5.69722 -3.57274 0 1 2 5 7 10 11 12 
83 6 -4.7903 -5.35463 -0.0484298 -3.80405 -4.22446 -5.77656 -6.48481 0 1 2 5 7 10 11 12 
66 6 -5.86999 -3.35528 1.61439 -7.21135 -4.02667 -4.52863 -2.68389 0 1 2 5 7 10 11 12 
168 6 -2.24686 -2.03307 -0.00214141 -0.907557 -1.3576 -3.58617 -2.70854 0 1 2 5 7 10 11 12 
122 6 -2.061 -3.76988 0.0960758 -1.54705 -2.36068 -2.57496 -5.17908 0 1 2 5 7 10 11 12 
148 6 -2.2762 -2.12232 1.53451 -3.62536 -2.77788 -0.927041 -1.46675 0 1 2 5 7 10 11 12 
104 6 -5.66742 -5.94251 -0.0464703 -4.95707 -4.62137 -6.37777 -7.26365 0 1 2 5 7 10 11 12 
89 7 -3.80172 0.433684 1.5963 -5.30172 0.433817 -2.30172 0.433552 1 2 3 6 8 11 12 13 
108 7 -2.19941 -1.36692 1.57308 -3.54706 -2.0256 -0.851769 -0.708244 1 2 3 6 8 11 12 13 
110 7 -5.1718 0.480692 1.47668 -6.59665 0.0118535 -3.74695 0.94953 1 2 3 6 8 11 12 13 
111 7 -5.04872 0.087696 1.54961 -6.54681 0.0120754 -3.55062 0.163317 1 2 3 6 8 11 12 13 
129 7 -2.62992 -0.239335 1.47294 -4.11887 -0.421095 -1.14097 -0.0575755 1 2 3 6 8 11 12 13 
130 7 -3.9559 1.16618 1.60474 -5.35682 1.7023 -2.55498 0.630062 1 2 3 6 8 11 12 13 
131 7 -2.9549 -1.04332 1.51604 -4.41481 -1.38777 -1.49498 -0.698869 1 2 3 6 8 11 12 13 
67 7 -5.72709 -0.585694 1.63243 -7.07074 -1.25249 -4.38345 0.0810976 1 2 3 6 8 11 12 13 
90 7 -5.91951 1.20711 1.62689 -7.40476 1.41697 -4.43426 0.99725 1 2 3 6 8 11 12 13 
107 7 -5.0428 -1.07229 1.55838 -6.39857 -1.71407 -3.68703 -0.430507 1 2 3 6 8 11 12 13 
88 7 -5.00753 -0.649054 1.52721 -6.38951 -1.23226 -3.62555 -0.0658441 1 2 3 6 8 11 12 13 
128 7 -3.04323 1.4528 1.5358 -3.93056 2.6622 -2.1559 0.243402 1 2 3 6 8 11 12 13 
127 7 -4.45995 -1.62876 1.60202 -5.86202 -2.16185 -3.05787 -1.09566 1 2 3 6 8 11 12 13 
112 7 -4.04149 1.50701 1.63237 -5.35702 2.22769 -2.72596 0.786332 1 2 3 6 8 11 12 13 
68 7 -5.4807 -1.71782 1.59126 -6.8868 -2.24019 -4.07459 -1.19544 1 2 3 6 8 11 12 13 
132 7 -2.28878 1.58868 1.59233 -3.42956 2.56264 -1.14799 0.614713 1 2 3 6 8 11 12 13 
91 7 -5.305 1.26412 1.57205 -6.79601 1.42807 -3.81399 1.10017 1 2 3 6 8 11 12 13 
109 7 -5.93573 0.617696 1.54238 -7.39885 0.287098 -4.47262 0.948294 1 2 3 6 8 11 12 13 
170 7 -2.61299 -0.1249 1.62101 -4.09175 -0.3764 -1.13422 0.1266 1 2 3 6 8 11 12 13 
147 7 -2.41675 -1.714 -0.0290627 -1.00735 -1.20059 -3.82615 -2.2274 1 2 3 6 8 11 12 13 
69 7 -5.37211 -1.00888 1.65286 -6.79623 -1.47994 -3.948 -0.537815 1 2 3 6 8 11 12 13 
85 7 -5.43917 -1.63773 1.60699 -6.85406 -2.13581 -4.02428 -1.13965 1 2 3 6 8 11 12 13 
153 8 -2.41583 3.97357 0.0944598 -3.41367 5.09353 -1.41799 2.85361 2 3 4 7 9 12 13 14 
95 8 -5.60873 4.64479 1.49327 -6.48145 5.86478 -4.73602 3.42481 2 3 4 7 9 12 13 14 
72 8 -3.33749 3.66673 1.58781 -4.69865 4.297 -1.97633 3.03646 2 3 4 7 9 12 13 14 
73 8 -3.12392 2.53708 1.49962 -4.418 3.29561 -1.82984 1.77856 2 3 4 7 9 12 13 14 
213 8 -2.83878 2.30771 0.0189033 -4.15688 3.02368 -1.52068 1.59175 2 3 4 7 9 12 13 14 
149 8 -3.88885 2.66903 1.54739 -4.87718 3.79739 -2.90053 1.54066 2 3 4 7 9 12 13 14 
173 8 -2.71684 4.79592 0.0946512 -3.52067 6.06235 -1.91302 3.52948 2 3 4 7 9 12 13 14 
134 8 -4.37377 5.95323 -0.033627 -5.62702 6.77746 -3.12052 5.129 2 3 4 7 9 12 13 14 
113 8 -5.43344 2.69084 1.61256 -6.92995 2.79314 -3.93693 2.58855 2 3 4 7 9 12 13 14 
136 8 -2.96557 5.99781 -0.00985311 -3.85842 7.20315 -2.07272 4.79248 2 3 4 7 9 12 13 14 
97 9 -5.74223 8.39681 0.0814642 -7.07697 9.08127 -4.4075 7.71235 3 4 -1 8 -1 13 14 -1 
117 9 -2.83225 7.88797 -0.0258068 -3.26602 9.32388 -2.39848 6.45206 3 4 -1 8 -1 13 14 -1 
118 9 -4.58535 9.69696 -0.0705271 -6.08161 9.59104 -3.0891 9.80288 3 4 -1 8 -1 13 14 -1 
137 9 -3.27381 6.71127 0.027191 -4.11103 7.95588 -2.43658 5.46666 3 4 -1 8 -1 13 14 -1 
138 9 -2.2999 6.09302 -0.00256941 -3.19346 7.29782 -1.40634 4.88821 3 4 -1 8 -1 13 14 -1 
116 9 -4.10898 6.20709 0.0688266 -5.14024 7.29635 -3.07771 5.11782 3 4 -1 8 -1 13 14 -1 
96 9 -4.07634 8.3037 -0.0364301 -5.14534 9.35596 -3.00735 7.25143 3 4 -1 8 -1 13 14 -1 
135 9 -2.00217 7.06705 -0.0784199 -2.71971 8.3843 -1.28462 5.74981 3 4 -1 8 -1 13 14 -1 
157 9 -2.2675 8.07007 0.0924511 -2.92143 9.42002 -1.61357 6.72012 3 4 -1 8 -1 13 14 -1 
115 9 -4.07485 7.08979 0.0241251 -4.58914 8.49887 -3.56055 5.68071 3 4 -1 8 -1 13 14 -1 
154 9 -2.78334 6.22811 -0.0763312 -3.70795 7.40925 -1.85873 5.04697 3 4 -1 8 -1 13 14 -1 
114 9 -5.02098 6.10282 1.61256 -6.34014 6.81683 -3.70182 5.3888 3 4 -1 8 -1 13 14 -1 
198 9 -2.02785 7.92167 -0.0460039 -2.72349 9.25061 -1.3322 6.59273 3 4 -1 8 -1 13 14 -1 
161 10 -0.616033 -9.53401 -0.0377534 0.882162 -9.46043 -2.11423 -9.60759 -1 5 6 -1 11 -1 15 16 
162 10 -1.52027 -6.80672 0.045501 -0.986366 -5.40495 -2.05417 -8.20848 -1 5 6 -1 11 -1 15 16 
181 10 -0.483626 -7.2778 0.0295419 -0.425865 -5.77891 -0.541388 -8.77668 -1 5 6 -1 11 -1 15 16 
182 10 0.626008 -8.89723 -0.0612134 -0.421719 -7.8238 1.67374 -9.97067 -1 5 6 -1 11 -1 15 16 
201 10 1.47087 -8.48721 -0.0121466 1.00096 -7.06272 1.94078 -9.91171 -1 5 6 -1 11 -1 15 16 
202 10 -0.756413 -9.80208 -0.0198541 -2.25227 -9.91345 0.739447 -9.69071 -1 5 6 -1 11 -1 15 16 
203 10 1.14426 -7.52791 0.0986814 0.701988 -6.0946 1.58654 -8.96123 -1 5 6 -1 11 -1 15 16 
141 10 -1.01925 -7.3936 -0.0153654 -0.484487 -5.99217 -1.55401 -8.79504 -1 5 6 -1 11 -1 15 16 
186 10 -1.22044 -7.62149 0.0781129 -0.747874 -6.19788 -1.69301 -9.04511 -1 5 6 -1 11 -1 15 16 
241 10 1.12734 -8.16008 -0.00257303 0.699716 -6.72233 1.55496 -9.59784 -1 5 6 -1 11 -1 15 16 
185 10 0.482092 -6.49685 -0.0540477 0.179967 -5.02759 0.784217 -7.96611 -1 5 6 -1 11 -1 15 16 
163 10 -1.50986 -6.69794 0.000652872 -0.99162 -5.29031 -2.0281 -8.10557 -1 5 6 -1 11 -1 15 16 
242 10 0.995412 -6.38018 -0.00484941 0.638936 -4.92315 1.35189 -7.8372 -1 5 6 -1 11 -1 15 16 
206 10 0.60222 -6.19794 -0.08235 0.474357 -4.7034 0.730083 -7.69248 -1 5 6 -1 11 -1 15 16 
223 10 1.92434 -8.13523 -0.0611452 1.24124 -6.79979 2.60744 -9.47066 -1 5 6 -1 11 -1 15 16 
221 10 1.20127 -6.82687 -0.0620778 0.817388 -5.37682 1.58515 -8.27692 -1 5 6 -1 11 -1 15 16 
164 10 -1.89084 -7.36035 0.0663293 -1.49461 -5.91363 -2.28708 -8.80707 -1 5 6 -1 11 -1 15 16 
187 11 0.203071 -2.74054 -0.0401799 -0.407102 -1.37025 0.813244 -4.11083 5 6 7 10 12 15 16 17 
204 11 0.180378 -4.0332 0.0898347 -0.118123 -2.5632 0.47888 -5.5032 5 6 7 10 12 15 16 17 
205 11 0.814014 -5.12878 -0.0835163 0.443262 -3.67532 1.18477 -6.58223 5 6 7 10 12 15 16 17 
224 11 0.78491 -3.2675 -0.0442809 0.0506126 -1.95952 1.51921 -4.57548 5 6 7 10 12 15 16 17 
226 11 0.20805 -5.25158 -0.0370219 -0.0509641 -3.77411 0.467064 -6.72905 5 6 7 10 12 15 16 17 
145 11 -0.320014 -4.85962 0.00575202 -0.373896 -3.36059 -0.266132 -6.35865 5 6 7 10 12 15 16 17 
146 11 -0.919551 -5.0581 -0.0290627 -0.801836 -3.56273 -1.03727 -6.55348 5 6 7 10 12 15 16 17 
247 11 1.81513 -3.01209 0.0105635 0.779175 -1.92728 2.85108 -4.09689 5 6 7 10 12 15 16 17 
207 11 -1.46147 -2.96349 0.0828931 -0.769897 -1.63243 -2.15305 -4.29455 5 6 7 10 12 15 16 17 
165 11 -1.15668 -4.06485 -0.0187441 -0.493396 -2.71946 -1.81996 -5.41023 5 6 7 10 12 15 16 17 
166 11 -1.39718 -3.32393 0.0316722 -0.585471 -2.06253 -2.2089 -4.58532 5 6 7 10 12 15 16 17 
248 11 1.38846 -3.42968 1.55798 0.326397 -2.37043 2.45053 -4.48894 5 6 7 10 12 15 16 17 
183 11 0.0626572 -5.62078 0.0928546 -0.206306 -4.14509 0.33162 -7.09647 5 6 7 10 12 15 16 17 
264 11 1.69295 -5.95545 0.00277262 1.35374 -4.49431 2.03215 -7.4166 5 6 7 10 12 15 16 17 
188 11 -0.466138 -2.77115 0.0938717 -0.556237 -1.27386 -0.376039 -4.26844 5 6 7 10 12 15 16 17 
246 11 1.90488 -2.97576 0.0105635 0.934498 -1.83193 2.87526 -4.1196 5 6 7 10 12 15 16 17 
227 11 0.595772 -2.30873 0.08476 -0.295783 -1.10244 1.48733 -3.51501 5 6 7 10 12 15 16 17 
171 12 0.374782 -0.953287 1.62101 1.42426 -2.02501 -0.674699 0.118436 6 7 8 11 13 16 17 18 
190 12 0.750043 -0.195926 0.0938717 0.0226227 1.11589 1.47746 -1.50774 6 7 8 11 13 16 17 18 
191 12 -0.106493 1.2927 -0.0803081 -1.09525 2.42069 0.882261 0.164709 6 7 8 11 13 16 17 18 
211 12 0.630323 -0.425063 0.0146525 -0.213309 0.815214 1.47396 -1.66534 6 7 8 11 13 16 17 18 
229 12 0.903158 -0.986619 1.56342 1.85354 -2.14713 -0.0472205 0.17389 6 7 8 11 13 16 17 18 
231 12 1.73604 0.26514 1.61476 0.569359 1.20794 2.90271 -0.677656 6 7 8 11 13 16 17 18 
192 12 1.57264 0.445523 0.060257 0.380079 1.35536 2.7652 -0.464315 6 7 8 11 13 16 17 18 
269 12 1.59899 1.49188 1.58036 0.515716 2.52943 2.68227 0.454328 6 7 8 11 13 16 17 18 
210 12 -0.463058 -0.60897 0.0886768 -1.33157 0.614016 0.405448 -1.83196 6 7 8 11 13 16 17 18 
194 12 0.178758 1.75123 0.0518072 -0.966556 2.71987 1.32407 0.782597 6 7 8 11 13 16 17 18 
152 12 -0.459399 1.20219 1.51143 -1.47032 2.31036 0.551523 0.0940193 6 7 8 11 13 16 17 18 
208 12 0.730107 -1.94832 0.0886768 -0.105313 -0.702498 1.56553 -3.19414 6 7 8 11 13 16 17 18 
209 12 0.0784656 1.53817 0.0886768 -0.9113 2.66528 1.06823 0.41107 6 7 8 11 13 16 17 18 
232 12 1.93907 1.95073 0.0536245 1.03832 3.15017 2.83983 0.751297 6 7 8 11 13 16 17 18 
133 12 -1.03158 1.69209 1.59233 -1.94566 2.8814 -0.117507 0.502779 6 7 8 11 13 16 17 18 
172 13 -1.2828 3.46 0.080962 -1.81564 4.86217 -0.749951 2.05783 7 8 9 12 14 17 18 19 
195 13 -0.253178 3.40261 -0.0966908 -0.490695 4.88369 -0.0156603 1.92154 7 8 9 12 14 17 18 19 
214 13 1.22181 5.83352 -0.0575552 1.93838 7.1513 0.505245 4.51575 7 8 9 12 14 17 18 19 
215 13 -0.486215 5.25824 -0.0463609 -0.855188 6.71215 -0.117242 3.80433 7 8 9 12 14 17 18 19 
196 13 0.259447 3.51925 -0.0214127 0.181375 5.01722 0.337518 2.02128 7 8 9 12 14 17 18 19 
156 13 -0.993453 4.35109 0.0322909 -1.73382 5.65564 -0.253086 3.04654 7 8 9 12 14 17 18 19 
212 13 -1.68215 4.20014 0.0451745 -2.2901 5.57142 -1.07421 2.82886 7 8 9 12 14 17 18 19 
216 13 0.930026 4.4523 -0.00681139 1.30759 5.90401 0.552464 3.0006 7 8 9 12 14 17 18 19 
253 13 1.35368 4.38376 -0.0652644 1.42137 5.88223 1.28599 2.88529 7 8 9 12 14 17 18 19 
233 13 1.83236 5.50058 0.0984411 2.08307 6.97948 1.58164 4.02168 7 8 9 12 14 17 18 19 
150 13 -1.86556 2.14685 1.5108 -2.8906 3.24198 -0.840529 1.05173 7 8 9 12 14 17 18 19 
174 13 -1.8666 5.22412 -0.0158582 -2.78116 6.41306 -0.952046 4.03518 7 8 9 12 14 17 18 19 
193 13 -1.88841 3.9426 0.0866947 -2.66574 5.22548 -1.11109 2.65973 7 8 9 12 14 17 18 19 
177 14 -1.60846 7.80505 0.0410186 -2.14575 9.20552 -1.07117 6.40457 8 9 -1 13 -1 18 19 -1 
197 14 -0.993658 7.63086 -0.0313854 -1.13366 9.12431 -0.853653 6.13741 8 9 -1 13 -1 18 19 -1 
217 14 -1.0938 8.19966 0.0193853 -1.18028 9.69716 -1.00733 6.70215 8 9 -1 13 -1 18 19 -1 
218 14 0.252268 8.10157 0.0219677 0.387124 9.5955 0.117413 6.60765 8 9 -1 13 -1 18 19 -1 
236 14 1.11085 8.38205 0.0754502 1.76953 9.72969 0.452166 7.03441 8 9 -1 13 -1 18 19 -1 
238 14 1.44563 6.95362 -0.0677189 2.22071 8.23785 0.670549 5.66939 8 9 -1 13 -1 18 19 -1 
178 14 -1.40247 6.88115 0.0681749 -1.99473 8.25927 -0.810197 5.50302 8 9 -1 13 -1 18 19 -1 
176 14 -1.10494 6.78379 0.0439749 -1.54083 8.21906 -0.669053 5.34852 8 9 -1 13 -1 18 19 -1 
237 14 0.653333 6.04038 0.0560184 1.36267 7.36206 -0.0560017 4.71869 8 9 -1 13 -1 18 19 -1 
235 14 0.450523 7.22355 -0.0355828 0.82569 8.67588 0.0753557 5.77123 8 9 -1 13 -1 18 19 -1 
234 14 -0.653466 6.23623 0.0738822 -0.992294 7.69746 -0.314638 4.775 8 9 -1 13 -1 18 19 -1 
175 14 -0.321259 7.74215 0.0185602 -0.858786 9.14253 0.216269 6.34177 8 9 -1 13 -1 18 19 -1 
158 14 -1.61203 9.69769 0.08265 -3.08863 9.43378 -0.135427 9.96161 8 9 -1 13 -1 18 19 -1 
155 14 -1.88682 6.9726 0.0708671 -2.63999 8.2698 -1.13364 5.6754 8 9 -1 13 -1 18 19 -1 
263 15 4.17929 -6.25347 0.0564466 4.107 -4.75521 4.25158 -7.75173 -1 10 11 -1 16 -1 20 21 
302 15 4.33791 -8.2554 -0.0541769 3.59521 -6.95217 5.08061 -9.55863 -1 10 11 -1 16 -1 20 21 
243 15 3.39 -8.40323 -0.00534277 2.32541 -7.34652 4.4546 -9.45995 -1 10 11 -1 16 -1 20 21 
222 15 3.78449 -7.7642 -0.0374866 3.03417 -6.46535 4.53481 -9.06306 -1 10 11 -1 16 -1 20 21 
304 15 4.74308 -7.01244 0.0786674 4.17848 -5.62276 5.30768 -8.40213 -1 10 11 -1 16 -1 20 21 
262 15 3.3365 -6.96511 -0.0512347 2.58327 -5.66794 4.08973 -8.26228 -1 10 11 -1 16 -1 20 21 
225 15 2.71803 -6.99929 -0.0243093 1.73541 -5.86595 3.70064 -8.13263 -1 10 11 -1 16 -1 20 21 
324 15 4.94818 -6.07779 1.52854 4.39797 -4.68235 5.4984 -7.47324 -1 10 11 -1 16 -1 20 21 
261 15 2.27338 -7.46732 0.0248666 1.86269 -6.02463 2.68408 -8.91 -1 10 11 -1 16 -1 20 21 
245 16 3.48411 -3.99984 -0.0212704 2.88575 -2.62435 4.08248 -5.37532 10 11 12 15 17 20 21 22 
265 16 4.64703 -3.01616 -0.0801331 3.67576 -1.87308 5.61831 -4.15924 10 11 12 15 17 20 21 22 
266 16 2.05673 -2.09233 -0.0801331 1.65724 -0.646505 2.45622 -3.53815 10 11 12 15 17 20 21 22 
286 16 4.76354 -3.86896 1.62525 3.96064 -2.60194 5.56643 -5.13599 10 11 12 15 17 20 21 22 
305 16 2.74005 -2.92357 1.52065 1.93656 -1.65692 3.54355 -4.19022 10 11 12 15 17 20 21 22 
267 16 5.0195 -2.41462 1.47404 4.26703 -1.11702 5.77197 -3.71223 10 11 12 15 17 20 21 22 
301 16 2.701 -5.01092 -0.0896105 1.64789 -3.94276 3.75411 -6.07907 10 11 12 15 17 20 21 22 
283 16 2.93286 -4.78427 0.0836279 1.94487 -3.6556 3.92085 -5.91293 10 11 12 15 17 20 21 22 
323 16 5.76268 -4.19532 0.017917 4.9508 -2.93402 6.57456 -5.45661 10 11 12 15 17 20 21 22 
325 16 5.23154 -3.24905 1.49129 4.3338 -2.04736 6.12929 -4.45074 10 11 12 15 17 20 21 22 
284 16 2.6768 -5.61158 -0.043355 1.77327 -4.41424 3.58033 -6.80892 10 11 12 15 17 20 21 22 
282 16 4.85116 -5.41181 -0.0810843 4.1141 -4.10539 5.58822 -6.71824 10 11 12 15 17 20 21 22 
270 16 4.55171 -2.08516 1.62258 3.66745 -0.873523 5.43598 -3.2968 10 11 12 15 17 20 21 22 
228 16 3.0418 -5.6849 0.08476 2.10436 -4.51391 3.97925 -6.85588 10 11 12 15 17 20 21 22 
244 16 2.30858 -5.56053 0.0983097 1.64992 -4.21288 2.96723 -6.90818 10 11 12 15 17 20 21 22 
287 16 5.80254 -2.65059 1.57435 5.02643 -1.36698 6.57866 -3.93419 10 11 12 15 17 20 21 22 
326 16 5.77059 -2.88779 1.64329 4.93234 -1.64387 6.60883 -4.13171 10 11 12 15 17 20 21 22 
268 17 4.04438 0.351369 1.57244 3.37877 1.6956 4.71 -0.992861 11 12 13 16 18 21 22 23 
271 17 5.87573 0.0363963 1.61511 4.57916 0.790653 7.1723 -0.717861 11 12 13 16 18 21 22 23 
289 17 4.17836 -0.286374 1.47494 3.33381 0.953277 5.02291 -1.52602 11 12 13 16 18 21 22 23 
330 17 2.30568 0.664201 1.4827 1.0766 1.52406 3.53476 -0.195656 11 12 13 16 18 21 22 23 
291 17 4.44226 -0.0698958 1.5682 3.74179 1.2565 5.14274 -1.3963 11 12 13 16 18 21 22 23 
308 17 4.46043 -1.04974 1.55792 3.68175 0.232316 5.23911 -2.33179 11 12 13 16 18 21 22 23 
328 17 4.8604 -1.86439 1.57454 3.94759 -0.674102 5.7732 -3.05468 11 12 13 16 18 21 22 23 
249 17 2.49434 -1.38592 1.49744 1.69108 -0.119126 3.2976 -2.65272 11 12 13 16 18 21 22 23 
252 17 2.27336 1.74739 1.54105 1.46079 3.00823 3.08592 0.486538 11 12 13 16 18 21 22 23 
307 17 5.53399 -1.51587 1.47786 4.69094 -0.27519 6.37703 -2.75654 11 12 13 16 18 21 22 23 
272 17 2.2719 1.89042 1.63076 1.43005 3.13191 3.11374 0.64893 11 12 13 16 18 21 22 23 
251 17 2.50095 -0.194672 1.54105 1.40727 0.831913 3.59462 -1.22126 11 12 13 16 18 21 22 23 
292 17 5.64575 0.951363 1.52951 4.29516 1.60398 6.99634 0.298747 11 12 13 16 18 21 22 23 
230 17 2.23036 -1.26844 1.61476 1.41348 -0.0103872 3.04724 -2.5265 11 12 13 16 18 21 22 23 
250 17 5.90502 -1.33585 1.58442 5.01816 -0.126114 6.79188 -2.54559 11 12 13 16 18 21 22 23 
275 18 3.39657 5.33799 -0.0896766 4.1108 6.65704 2.68233 4.01895 12 13 14 17 19 22 23 24 
293 18 4.8699 5.52048 1.6695 4.34063 4.11696 5.39916 6.92401 12 13 14 17 19 22 23 24 
294 18 3.24111 4.61832 1.6695 2.48991 3.31998 3.9923 5.91667 12 13 14 17 19 22 23 24 
313 18 4.8459 4.01252 1.66995 3.436 3.50049 6.2558 4.52456 12 13 14 17 19 22 23 24 
314 18 4.27308 3.9852 1.52025 2.82061 3.61059 5.72554 4.35982 12 13 14 17 19 22 23 24 
354 18 4.49811 3.62055 1.65873 3.02086 3.36034 5.97537 3.88076 12 13 14 17 19 22 23 24 
312 18 3.70945 2.54799 1.55215 2.59034 1.54919 4.82856 3.54678 12 13 14 17 19 22 23 24 
290 18 3.91508 2.30927 1.62067 2.65068 1.50225 5.17948 3.11629 12 13 14 17 19 22 23 24 
254 18 2.89505 5.4742 0.0939474 3.39304 6.88912 2.39707 4.05927 12 13 14 17 19 22 23 24 
276 18 3.14931 5.46447 0.0647429 3.66443 6.87325 2.6342 4.05569 12 13 14 17 19 22 23 24 
311 18 4.40974 2.44126 1.63968 3.18443 1.57603 5.63504 3.30649 12 13 14 17 19 22 23 24 
310 18 4.7529 2.43701 1.66042 3.5776 1.50497 5.92819 3.36904 12 13 14 17 19 22 23 24 
273 18 2.19939 3.69642 1.63076 2.36494 2.20558 2.03383 5.18725 12 13 14 17 19 22 23 24 
256 18 3.02744 5.95105 0.024088 3.52461 7.36627 2.53028 4.53584 12 13 14 17 19 22 23 24 
334 18 5.8499 5.06201 1.49321 4.62951 4.18985 7.07028 5.93416 12 13 14 17 19 22 23 24 
255 18 2.03519 5.61666 -0.00311797 2.18261 7.1094 1.88778 4.12392 12 13 14 17 19 22 23 24 
277 19 2.6299 6.27805 -0.0597183 3.16012 7.68121 2.09967 4.87489 13 14 -1 18 -1 23 24 -1 
278 19 4.04102 8.87027 -0.0548573 5.45591 9.36833 2.62612 8.37221 13 14 -1 18 -1 23 24 -1 
296 19 4.08133 9.27576 -0.0642139 5.56226 9.51414 2.60039 9.03737 13 14 -1 18 -1 23 24 -1 
297 19 2.82333 9.89721 0.0840942 4.32323 9.91428 1.32343 9.88013 13 14 -1 18 -1 23 24 -1 
298 19 3.49042 9.82261 -0.0538784 4.98631 9.93357 1.99453 9.71165 13 14 -1 18 -1 23 24 -1 
317 19 3.17607 8.9217 0.0721344 4.62095 9.3246 1.73119 8.5188 13 14 -1 18 -1 23 24 -1 
257 19 3.16604 6.3956 -0.0370511 3.67666 7.80601 2.65542 4.98518 13 14 -1 18 -1 23 24 -1 
258 19 4.78969 9.65853 0.03131 6.28233 9.51005 3.29706 9.807 13 14 -1 18 -1 23 24 -1 
316 19 4.4438 7.83999 -0.0655887 5.41307 8.98476 3.47452 6.69521 13 14 -1 18 -1 23 24 -1 
295 19 5.08122 6.29171 -0.0909834 5.68705 7.66392 4.47538 4.9195 13 14 -1 18 -1 23 24 -1 
274 19 4.46411 6.02363 0.0303916 5.42475 7.17566 3.50348 4.8716 13 14 -1 18 -1 23 24 -1 
321 20 8.12143 -9.80195 0.00346954 6.62869 -9.65458 9.61417 -9.94931 -1 15 16 -1 21 -1 -1 -1 
341 20 8.24128 -9.58162 -0.0266753 6.74134 -9.5684 9.74122 -9.59485 -1 15 16 -1 21 -1 -1 -1 
342 20 9.76181 -6.86816 -0.0266753 9.83264 -5.36983 9.69097 -8.36649 -1 15 16 -1 21 -1 -1 -1 
343 20 7.52046 -9.07637 1.58283 6.10905 -8.56851 8.93187 -9.58423 -1 15 16 -1 21 -1 -1 -1 
361 20 9.08522 -7.33844 0.0685141 9.70624 -5.97303 8.46421 -8.70384 -1 15 16 -1 21 -1 -1 -1 
363 20 7.11622 -6.65472 1.63109 6.63781 -5.23306 7.59463 -8.07638 -1 15 16 -1 21 -1 -1 -1 
281 20 8.10687 -8.02406 0.0213392 7.63759 -6.59935 8.57616 -9.44876 -1 15 16 -1 21 -1 -1 -1 
322 20 6.97694 -9.52234 0.017917 5.48013 -9.62016 8.47375 -9.42452 -1 15 16 -1 21 -1 -1 -1 
362 20 9.2163 -6.42252 1.61243 9.85952 -5.06743 8.57309 -7.77761 -1 15 16 -1 21 -1 -1 -1 
346 20 8.80936 -6.50329 1.57554 9.28567 -5.08093 8.33305 -7.92566 -1 15 16 -1 21 -1 -1 -1 
303 20 6.31617 -6.10095 0.0786674 5.53224 -4.8221 7.1001 -7.3798 -1 15 16 -1 21 -1 -1 -1 
285 20 6.08894 -8.58974 -0.043355 7.05589 -7.443 5.12199 -9.73648 -1 15 16 -1 21 -1 -1 -1 
347 21 7.23542 -2.6471 1.50313 6.69956 -1.24608 7.77128 -4.04812 15 16 17 20 22 -1 -1 -1 
365 21 9.54144 -3.38841 1.61639 9.92687 -1.93878 9.15602 -4.83805 15 16 17 20 22 -1 -1 -1 
366 21 7.87115 -3.07287 1.59963 7.1339 -1.76656 8.6084 -4.37919 15 16 17 20 22 -1 -1 -1 
348 21 8.65443 -2.45273 1.61413 8.73398 -0.954836 8.57489 -3.95061 15 16 17 20 22 -1 -1 -1 
306 21 6.87503 -3.4614 1.66258 5.9281 -2.29807 7.82196 -4.62472 15 16 17 20 22 -1 -1 -1 
327 21 7.02495 -2.42013 1.48248 6.3947 -1.05896 7.6552 -3.7813 15 16 17 20 22 -1 -1 -1 
367 21 8.35646 -3.44304 1.47839 7.80446 -2.04829 8.90845 -4.83778 15 16 17 20 22 -1 -1 -1 
345 21 6.66654 -4.58637 1.54214 5.66193 -3.47247 7.67115 -5.70026 15 16 17 20 22 -1 -1 -1 
344 21 7.87467 -5.24464 1.5878 7.11873 -3.94905 8.63061 -6.54023 15 16 17 20 22 -1 -1 -1 
364 21 9.18551 -5.9892 1.6272 9.65163 -4.56346 8.71939 -7.41494 15 16 17 20 22 -1 -1 -1 
329 22 8.60674 -0.208996 1.50539 7.30475 0.535878 9.90872 -0.95387 16 17 18 21 23 -1 -1 -1 
349 22 7.85729 -0.0114036 1.62199 6.50612 0.640021 9.20845 -0.662828 16 17 18 21 23 -1 -1 -1 
350 22 6.66633 -0.789955 1.54919 5.33189 -0.104926 8.00078 -1.47498 16 17 18 21 23 -1 -1 -1 
351 22 7.79966 1.3102 1.5717 6.30884 1.47588 9.29048 1.14453 16 17 18 21 23 -1 -1 -1 
368 22 9.76967 0.67276 1.67067 9.56052 2.15811 9.97882 -0.812587 16 17 18 21 23 -1 -1 -1 
309 22 6.93664 1.12246 1.64993 5.49809 1.54739 8.37519 0.697523 16 17 18 21 23 -1 -1 -1 
288 22 6.80887 -0.941901 1.54623 5.49379 -0.220395 8.12394 -1.66341 16 17 18 21 23 -1 -1 -1 
369 22 8.54482 1.89439 1.504 7.10362 1.47856 9.98603 2.31023 16 17 18 21 23 -1 -1 -1 
332 23 6.87859 3.10649 1.47638 5.44223 2.67421 8.31495 3.53878 17 18 19 22 24 -1 -1 -1 
335 23 6.80828 4.33617 1.56548 5.31824 4.16357 8.29832 4.50876 17 18 19 22 24 -1 -1 -1 
374 23 6.17094 5.18034 1.64317 4.91649 4.35794 7.4254 6.00274 17 18 19 22 24 -1 -1 -1 
375 23 8.71576 5.84815 1.58201 8.37374 4.38767 9.05778 7.30864 17 18 19 22 24 -1 -1 -1 
352 23 7.49673 3.39217 1.58557 8.96541 3.69707 6.02804 3.08728 17 18 19 22 24 -1 -1 -1 
372 23 7.72399 2.15397 1.51924 6.23151 2.00396 9.21647 2.30397 17 18 19 22 24 -1 -1 -1 
376 23 8.571 4.01554 1.61539 9.98303 4.52166 7.15896 3.50942 17 18 19 22 24 -1 -1 -1 
331 23 7.64008 2.9241 1.61035 6.20193 2.49782 9.07823 3.35039 17 18 19 22 24 -1 -1 -1 
353 23 7.72775 2.77928 1.56506 6.30613 2.30076 9.14938 3.2578 17 18 19 22 24 -1 -1 -1 
370 23 8.45246 2.72277 1.62503 7.07421 2.13082 9.83072 3.31473 17 18 19 22 24 -1 -1 -1 
333 23 6.23372 2.20126 1.58287 4.80322 1.74996 7.66422 2.65256 17 18 19 22 24 -1 -1 -1 
371 23 8.43552 2.07601 1.55579 6.96893 1.76118 9.90211 2.39084 17 18 19 22 24 -1 -1 -1 
358 24 6.94746 7.37997 -0.0262301 6.42133 5.97527 7.47358 8.78467 18 19 -1 23 -1 -1 -1 -1 
377 24 8.52298 7.04919 1.61999 7.52043 5.93344 9.52553 8.16493 18 19 -1 23 -1 -1 -1 -1 
356 24 9.67719 8.44827 1.6088 9.46576 6.96324 9.88861 9.93329 18 19 -1 23 -1 -1 -1 -1 
337 24 8.23136 8.54767 -0.0754216 7.20252 7.45612 9.26021 9.63922 18 19 -1 23 -1 -1 -1 -1 
357 24 7.51632 6.63568 1.6088 6.37208 5.66577 8.66056 7.60558 18 19 -1 23 -1 -1 -1 -1 
355 24 6.2278 7.1409 1.65228 6.04121 5.65255 6.41439 8.62925 18 19 -1 23 -1 -1 -1 -1 
378 24 6.51678 9.41808 1.61999 5.04454 9.13081 7.98901 9.70534 18 19 -1 23 -1 -1 -1 -1 
336 24 8.06924 6.65644 1.56548 7.08393 5.52544 9.05454 7.78745 18 19 -1 23 -1 -1 -1 -1 
318 24 6.77949 9.94668 0.0769724 8.27939 9.9294 5.27959 9.96396 18 19 -1 23 -1 -1 -1 -1 
338 24 6.29773 8.62116 0.0623159 7.71149 9.12244 4.88396 8.11989 18 19 -1 23 -1 -1 -1 -1 
373 24 9.42282 6.3692 1.55408 9.44875 4.86943 9.3969 7.86898 18 19 -1 23 -1 -1 -1 -1 
315 24 6.05363 7.14484 1.52025 5.72282 5.68177 6.38443 8.60791 18 19 -1 23 -1 -1 -1 -1 
