21 0 -8.67069 -7.32919 -0.092345 -9.06644 -5.88234 -8.27494 -8.77604 -1 -1 -1 -1 1 -1 5 6 
41 0 -6.74373 -7.12873 -0.0685787 -6.2378 -5.71663 -7.24966 -8.54083 -1 -1 -1 -1 1 -1 5 6 
62 0 -7.1578 -9.74003 -0.0838541 -5.66285 -9.86297 -8.65276 -9.61709 -1 -1 -1 -1 1 -1 5 6 
101 0 -7.85245 -9.63373 0.0132319 -6.35581 -9.73405 -9.34909 -9.53341 -1 -1 -1 -1 1 -1 5 6 
143 0 -6.36924 -7.98437 0.0057508 -5.49596 -6.7648 -7.24253 -9.20395 -1 -1 -1 -1 1 -1 5 6 
42 0 -6.70679 -7.30877 -0.0685787 -6.23593 -5.88459 -7.17766 -8.73295 -1 -1 -1 -1 1 -1 5 6 
102 0 -6.72067 -8.25483 -0.0897456 -5.75865 -7.10395 -7.68268 -9.4057 -1 -1 -1 -1 1 -1 5 6 
104 0 -7.11562 -7.71184 -0.0464703 -6.56107 -6.31811 -7.67017 -9.10557 -1 -1 -1 -1 1 -1 5 6 
43 0 -6.82207 -6.70329 1.57954 -7.46983 -8.05621 -6.17432 -5.35036 -1 -1 -1 -1 1 -1 5 6 
124 0 -6.80431 -6.14592 -0.0693766 -6.33887 -4.71996 -7.26974 -7.57189 -1 -1 -1 -1 1 -1 5 6 
25 1 -8.47899 -4.64244 1.51782 -8.56104 -6.14019 -8.39694 -3.14468 -1 -1 -1 0 2 5 6 7 
65 1 -6.6046 -3.31008 1.50376 -7.21236 -4.68144 -5.99685 -1.93871 -1 -1 -1 0 2 5 6 7 
44 1 -6.29735 -3.82671 1.57057 -7.11276 -5.08571 -5.48193 -2.5677 -1 -1 -1 0 2 5 6 7 
167 1 -7.29549 -4.81827 -0.00214141 -7.46085 -3.32741 -7.13012 -6.30912 -1 -1 -1 0 2 5 6 7 
45 1 -9.19148 -5.84034 1.63561 -9.24833 -7.33926 -9.13464 -4.34142 -1 -1 -1 0 2 5 6 7 
84 1 -7.99767 -4.84818 -0.0484298 -8.35899 -3.39235 -7.63635 -6.30402 -1 -1 -1 0 2 5 6 7 
28 1 -7.41913 -2.81453 1.47188 -7.62474 -4.30037 -7.21351 -1.32869 -1 -1 -1 0 2 5 6 7 
22 1 -9.47034 -5.67812 1.51221 -9.39064 -7.176 -9.55004 -4.18024 -1 -1 -1 0 2 5 6 7 
46 1 -7.58473 -2.20141 1.51621 -7.72726 -3.69462 -7.4422 -0.708199 -1 -1 -1 0 2 5 6 7 
30 2 -9.66204 -0.197427 1.53668 -9.73923 -1.69544 -9.58485 1.30059 -1 -1 -1 1 3 6 7 8 
32 2 -6.55804 -1.09206 1.53486 -7.16691 -2.46293 -5.94917 0.278803 -1 -1 -1 1 3 6 7 8 
111 2 -7.02893 -1.77578 1.54961 -7.43593 -3.21951 -6.62193 -0.332053 -1 -1 -1 1 3 6 7 8 
86 2 -9.00473 1.07269 1.65076 -9.16045 -0.419211 -8.84902 2.56458 -1 -1 -1 1 3 6 7 8 
49 2 -8.64691 -0.458485 1.53819 -8.94924 -1.9277 -8.34458 1.01073 -1 -1 -1 1 3 6 7 8 
29 2 -9.32342 0.264016 1.57246 -9.28935 -1.2356 -9.35749 1.76363 -1 -1 -1 1 3 6 7 8 
88 2 -6.65375 1.5109 1.52721 -8.02246 0.897203 -5.28503 2.1246 -1 -1 -1 1 3 6 7 8 
37 2 -7.44646 1.57857 1.66868 -8.80692 0.946798 -6.086 2.21035 -1 -1 -1 1 3 6 7 8 
151 2 -9.4155 0.445491 1.51143 -9.36065 1.94449 -9.47036 -1.05351 -1 -1 -1 1 3 6 7 8 
71 2 -8.09149 -1.57162 1.61523 -8.2321 -0.0782243 -7.95089 -3.06502 -1 -1 -1 1 3 6 7 8 
27 2 -7.2094 -1.45312 1.51453 -7.3884 -2.9424 -7.03039 0.0361588 -1 -1 -1 1 3 6 7 8 
69 2 -6.08081 -1.41633 1.65286 -7.00142 -2.60058 -5.1602 -0.232067 -1 -1 -1 1 3 6 7 8 
108 2 -6.13064 -1.6838 1.57308 -7.00243 -2.90445 -5.25885 -0.463144 -1 -1 -1 1 3 6 7 8 
56 3 -8.59191 4.74412 1.5693 -9.84928 5.56205 -7.33454 3.92618 -1 -1 -1 2 4 7 8 9 
92 3 -8.83167 2.93511 1.59747 -8.63705 1.44779 -9.02629 4.42243 -1 -1 -1 2 4 7 8 9 
52 3 -9.77225 3.27201 1.65249 -9.70353 4.77044 -9.84098 1.77359 -1 -1 -1 2 4 7 8 9 
33 3 -8.73395 4.29048 1.57137 -9.93242 5.19252 -7.53549 3.38844 -1 -1 -1 2 4 7 8 9 
31 3 -6.46599 2.84865 1.64665 -7.96203 2.73965 -4.96996 2.95764 -1 -1 -1 2 4 7 8 9 
113 3 -6.94466 2.49269 1.61256 -8.42901 2.27663 -5.4603 2.70875 -1 -1 -1 2 4 7 8 9 
112 3 -6.75196 3.68446 1.63237 -8.20684 4.04962 -5.29709 3.31929 -1 -1 -1 2 4 7 8 9 
109 3 -9.60337 2.0676 1.54238 -9.21518 3.5165 -9.99157 0.618699 -1 -1 -1 2 4 7 8 9 
75 3 -7.16445 5.33416 1.66739 -8.05649 6.54009 -6.27241 4.12823 -1 -1 -1 2 4 7 8 9 
55 3 -6.66782 3.96576 1.65656 -8.07745 4.47854 -5.25819 3.45298 -1 -1 -1 2 4 7 8 9 
95 3 -6.1992 2.73604 1.49327 -7.69547 2.63027 -4.70294 2.84182 -1 -1 -1 2 4 7 8 9 
51 3 -6.88061 2.02274 1.51942 -5.47539 2.54749 -8.28583 1.49799 -1 -1 -1 2 4 7 8 9 
38 4 -6.72249 6.54575 1.66868 -6.65468 8.04422 -6.79029 5.04728 -1 -1 -1 3 -1 8 9 -1 
57 4 -7.26998 7.26325 1.5693 -7.48184 8.74821 -7.05812 5.77828 -1 -1 -1 3 -1 8 9 -1 
58 4 -8.13762 9.95993 -0.0321181 -6.63765 9.96966 -9.63759 9.95021 -1 -1 -1 3 -1 8 9 -1 
77 4 -7.67691 7.46717 0.0753746 -8.13039 8.89698 -7.22342 6.03736 -1 -1 -1 3 -1 8 9 -1 
93 4 -8.20614 8.39646 1.57299 -8.79129 9.77762 -7.62099 7.0153 -1 -1 -1 3 -1 8 9 -1 
36 4 -9.54323 8.01505 1.51514 -9.44233 9.51166 -9.64413 6.51845 -1 -1 -1 3 -1 8 9 -1 
98 4 -6.54443 9.47667 0.0357864 -8.03508 9.64388 -5.05378 9.30946 -1 -1 -1 3 -1 8 9 -1 
94 4 -8.33964 6.30206 1.49327 -9.39754 7.36547 -7.28173 5.23864 -1 -1 -1 3 -1 8 9 -1 
35 4 -8.38214 7.72263 1.57487 -8.90908 9.12703 -7.85519 6.31824 -1 -1 -1 3 -1 8 9 -1 
78 4 -6.06267 6.30041 0.0219834 -6.48615 7.73939 -5.6392 4.86142 -1 -1 -1 3 -1 8 9 -1 
82 5 -3.59167 -9.59901 -0.0667708 -2.09168 -9.59478 -5.09167 -9.60324 -1 0 1 -1 6 -1 10 11 
184 5 -3.45192 -9.103 0.0666466 -1.95442 -9.18965 -4.94941 -9.01636 -1 0 1 -1 6 -1 10 11 
83 5 -4.56844 -7.66699 -0.0484298 -3.0706 -7.58668 -6.06629 -7.74731 -1 0 1 -1 6 -1 10 11 
81 5 -2.52817 -9.89937 0.0762549 -1.03082 -9.98851 -4.02552 -9.81022 -1 0 1 -1 6 -1 10 11 
202 5 -4.3549 -8.61595 -0.0198541 -5.76488 -9.12777 -2.94492 -8.10413 -1 0 1 -1 6 -1 10 11 
142 5 -5.40484 -8.48276 -0.0336728 -4.12017 -7.7084 -6.6895 -9.25712 -1 0 1 -1 6 -1 10 11 
63 5 -4.22778 -7.02787 -0.0838541 -2.84033 -6.45781 -5.61524 -7.59794 -1 0 1 -1 6 -1 10 11 
61 5 -5.68115 -9.40212 -0.0551714 -4.18374 -9.31391 -7.17855 -9.49034 -1 0 1 -1 6 -1 10 11 
23 5 -2.79616 -6.17473 1.50767 -2.68715 -7.67077 -2.90517 -4.6787 -1 0 1 -1 6 -1 10 11 
144 5 -2.05174 -6.78003 0.0588998 -1.58334 -5.35504 -2.52013 -8.20503 -1 0 1 -1 6 -1 10 11 
123 6 -2.27241 -4.71672 -0.0113081 -2.17908 -3.21963 -2.36573 -6.21382 0 1 2 5 7 10 11 12 
148 6 -3.39934 -5.21881 1.53451 -4.11804 -6.53543 -2.68065 -3.90219 0 1 2 5 7 10 11 12 
68 6 -2.95632 -3.64479 1.59126 -3.3515 -5.0918 -2.56114 -2.19778 0 1 2 5 7 10 11 12 
106 6 -2.5272 -4.47134 1.52942 -2.49097 -5.9709 -2.56343 -2.97177 0 1 2 5 7 10 11 12 
66 6 -4.03279 -3.66674 1.61439 -4.39772 -5.12167 -3.66786 -2.21181 0 1 2 5 7 10 11 12 
169 6 -5.09717 -4.00855 1.58895 -6.08303 -5.13907 -4.11131 -2.87802 0 1 2 5 7 10 11 12 
126 6 -5.29406 -5.17635 -0.0866852 -4.45822 -3.93082 -6.12991 -6.42189 0 1 2 5 7 10 11 12 
64 6 -5.2552 -4.28885 1.58821 -6.27861 -5.3855 -4.2318 -3.19219 0 1 2 5 7 10 11 12 
107 6 -4.74109 -2.50313 1.55838 -5.54689 -3.76831 -3.93528 -1.23796 0 1 2 5 7 10 11 12 
121 6 -4.28898 -5.11911 0.00172069 -3.70787 -3.73625 -4.87009 -6.50198 0 1 2 5 7 10 11 12 
207 6 -2.47076 -5.99844 0.0828931 -2.27432 -4.51135 -2.66719 -7.48552 0 1 2 5 7 10 11 12 
105 6 -2.45305 -2.29636 -0.0464703 -2.64123 -0.808209 -2.26486 -3.78451 0 1 2 5 7 10 11 12 
103 6 -5.5379 -5.49603 -0.00949416 -4.72808 -4.23341 -6.34772 -6.75864 0 1 2 5 7 10 11 12 
24 6 -5.70563 -2.09491 1.49928 -6.38106 -3.43423 -5.0302 -0.75558 0 1 2 5 7 10 11 12 
89 7 -4.41635 -1.01894 1.5963 -5.15696 -2.32335 -3.67574 0.285475 1 2 3 6 8 11 12 13 
131 7 -3.46464 -1.37166 1.51604 -3.67043 -2.85748 -3.25884 0.114154 1 2 3 6 8 11 12 13 
67 7 -3.05587 0.669432 1.63243 -3.35871 -0.79968 -2.75304 2.13854 1 2 3 6 8 11 12 13 
90 7 -4.57502 0.463203 1.62689 -5.16819 -0.914529 -3.98185 1.84094 1 2 3 6 8 11 12 13 
147 7 -2.78337 -0.627834 -0.0290627 -2.81734 0.871781 -2.7494 -2.12745 1 2 3 6 8 11 12 13 
87 7 -2.42161 -0.133347 1.62448 -2.35216 -1.63174 -2.49106 1.36504 1 2 3 6 8 11 12 13 
34 7 -4.45795 1.44697 1.53506 -5.38381 0.266804 -3.5321 2.62714 1 2 3 6 8 11 12 13 
48 7 -4.26539 -0.31102 1.65033 -5.05065 -1.58906 -3.48014 0.967016 1 2 3 6 8 11 12 13 
50 7 -5.41537 1.49448 1.49607 -6.79859 0.91422 -4.03215 2.07474 1 2 3 6 8 11 12 13 
128 7 -5.69827 1.13972 1.5358 -7.08242 0.561682 -4.31412 1.71776 1 2 3 6 8 11 12 13 
70 7 -4.97478 -1.0312 1.57811 -5.58917 -2.3996 -4.36038 0.337201 1 2 3 6 8 11 12 13 
129 7 -2.85163 -1.07302 1.47294 -2.7727 -2.57094 -2.93057 0.424907 1 2 3 6 8 11 12 13 
47 7 -4.62604 -1.51762 1.60654 -5.36205 -2.82464 -3.89003 -0.210608 1 2 3 6 8 11 12 13 
127 7 -5.37962 -1.09817 1.60202 -6.03756 -2.44618 -4.72169 0.249836 1 2 3 6 8 11 12 13 
110 7 -5.94358 1.56135 1.47668 -7.28494 0.889954 -4.60223 2.23275 1 2 3 6 8 11 12 13 
91 7 -2.04202 1.07366 1.57205 -2.5598 2.48146 -1.52423 -0.334137 1 2 3 6 8 11 12 13 
130 7 -5.39834 1.60369 1.60474 -6.75048 0.954286 -4.04621 2.25309 1 2 3 6 8 11 12 13 
125 7 -2.59421 -1.79792 -0.0866852 -2.76456 -0.307625 -2.42385 -3.28821 1 2 3 6 8 11 12 13 
26 7 -5.71595 -0.64152 1.57237 -6.62603 -1.83389 -4.80586 0.55085 1 2 3 6 8 11 12 13 
168 7 -3.17271 -1.965 -0.00214141 -3.28145 -0.468943 -3.06398 -3.46105 1 2 3 6 8 11 12 13 
85 7 -2.04667 -0.802603 1.60699 -1.80821 -2.28353 -2.28514 0.67832 1 2 3 6 8 11 12 13 
72 8 -3.26861 5.02932 1.58781 -3.71777 6.46049 -2.81945 3.59814 2 3 4 7 9 12 13 14 
153 8 -2.56141 5.36021 0.0944598 -3.13456 6.74639 -1.98827 3.97402 2 3 4 7 9 12 13 14 
74 8 -3.54245 3.45733 1.64626 -4.71444 4.39351 -2.37047 2.52114 2 3 4 7 9 12 13 14 
149 8 -4.59638 4.10746 1.54739 -5.42312 5.35906 -3.76965 2.85586 2 3 4 7 9 12 13 14 
53 8 -5.85436 3.99579 1.64356 -7.30432 4.37998 -4.40439 3.6116 2 3 4 7 9 12 13 14 
54 8 -3.14551 3.31716 1.57851 -4.33746 4.22779 -1.95356 2.40652 2 3 4 7 9 12 13 14 
132 8 -3.38654 3.20133 1.59233 -4.53309 4.1685 -2.23999 2.23416 2 3 4 7 9 12 13 14 
114 8 -4.78489 5.38128 1.61256 -5.55667 6.66749 -4.01311 4.09506 2 3 4 7 9 12 13 14 
137 8 -4.3398 5.48141 0.027191 -5.33466 6.60402 -3.34494 4.3588 2 3 4 7 9 12 13 14 
155 8 -2.54409 4.6368 0.0708671 -3.08656 6.03527 -2.00161 3.23833 2 3 4 7 9 12 13 14 
134 8 -4.86964 5.63437 -0.033627 -5.64075 6.92098 -4.09852 4.34775 2 3 4 7 9 12 13 14 
117 9 -4.53547 6.6884 -0.0258068 -5.22789 8.01902 -3.84304 5.35778 3 4 -1 8 -1 13 14 -1 
96 9 -5.34407 7.52047 -0.0364301 -6.20055 8.75191 -4.48759 6.28903 3 4 -1 8 -1 13 14 -1 
158 9 -2.86782 9.7805 0.08265 -4.36232 9.90879 -1.37331 9.65222 3 4 -1 8 -1 13 14 -1 
97 9 -3.84413 6.86938 0.0814642 -4.43502 8.2481 -3.25324 5.49067 3 4 -1 8 -1 13 14 -1 
116 9 -3.03303 6.95452 0.0688266 -3.4637 8.39136 -2.60235 5.51768 3 4 -1 8 -1 13 14 -1 
173 9 -4.9701 7.74835 0.0946512 -5.59712 9.11102 -4.34309 6.38569 3 4 -1 8 -1 13 14 -1 
135 9 -3.27436 7.38974 -0.0784199 -3.80435 8.79299 -2.74437 5.98649 3 4 -1 8 -1 13 14 -1 
157 9 -4.89346 9.62186 0.0924511 -6.38384 9.79149 -3.40309 9.45223 3 4 -1 8 -1 13 14 -1 
215 9 -2.23134 6.89182 -0.0463609 -2.67459 8.32483 -1.7881 5.4588 3 4 -1 8 -1 13 14 -1 
118 9 -5.69147 9.21031 -0.0705271 -7.18734 9.09902 -4.19561 9.3216 3 4 -1 8 -1 13 14 -1 
136 9 -3.43895 6.26748 -0.00985311 -3.83626 7.7139 -3.04164 4.82105 3 4 -1 8 -1 13 14 -1 
174 9 -2.81533 7.45459 -0.0158582 -2.98807 8.94461 -2.6426 5.96457 3 4 -1 8 -1 13 14 -1 
138 9 -5.62447 7.08908 -0.00256941 -6.54006 8.27723 -4.70889 5.90093 3 4 -1 8 -1 13 14 -1 
76 9 -5.47515 6.22437 1.66739 -6.21779 7.52763 -4.73251 4.92111 3 4 -1 8 -1 13 14 -1 
261 10 0.864202 -6.61422 0.0248666 0.0627041 -5.34631 1.6657 -7.88214 -1 5 6 -1 11 -1 15 16 
163 10 -1.38468 -8.10796 0.000652872 -1.76971 -6.65822 -0.999647 -9.55771 -1 5 6 -1 11 -1 15 16 
204 10 -1.71476 -6.42407 0.0898347 -1.36493 -4.96544 -2.06459 -7.88271 -1 5 6 -1 11 -1 15 16 
145 10 -0.797563 -7.26705 0.00575202 -0.920549 -5.7721 -0.674576 -8.762 -1 5 6 -1 11 -1 15 16 
165 10 -0.111172 -7.77664 -0.0187441 -0.662024 -6.38145 0.439681 -9.17183 -1 5 6 -1 11 -1 15 16 
164 10 -0.32628 -7.78451 0.0663293 -0.86427 -6.38431 0.21171 -9.18471 -1 5 6 -1 11 -1 15 16 
181 10 -0.00313051 -7.3774 0.0295419 -0.463519 -5.9498 0.457258 -8.805 -1 5 6 -1 11 -1 15 16 
244 10 1.45112 -7.12745 0.0983097 0.867906 -5.74547 2.03434 -8.50942 -1 5 6 -1 11 -1 15 16 
186 10 1.90065 -9.02182 0.0781129 0.523286 -8.42779 3.27801 -9.61586 -1 5 6 -1 11 -1 15 16 
227 10 1.96852 -7.52372 0.08476 1.34057 -6.16148 2.59647 -8.88595 -1 5 6 -1 11 -1 15 16 
264 10 1.85981 -6.34181 0.00277262 0.88535 -5.20145 2.83426 -7.48218 -1 5 6 -1 11 -1 15 16 
161 10 -1.47932 -9.66891 -0.0377534 0.0180137 -9.57949 -2.97665 -9.75833 -1 5 6 -1 11 -1 15 16 
182 10 1.90324 -9.5344 -0.0612134 0.421036 -9.30405 3.38545 -9.76474 -1 5 6 -1 11 -1 15 16 
225 10 1.80454 -6.02651 -0.0243093 0.907158 -4.82455 2.70192 -7.22847 -1 5 6 -1 11 -1 15 16 
187 11 -0.832152 -3.23649 -0.0401799 -0.788578 -1.73712 -0.875725 -4.73586 5 6 7 10 12 15 16 17 
226 11 0.571779 -4.52662 -0.0370219 -0.347089 -3.34101 1.49065 -5.71224 5 6 7 10 12 15 16 17 
203 11 0.557568 -2.11533 0.0986814 -0.0579467 -0.747433 1.17308 -3.48323 5 6 7 10 12 15 16 17 
171 11 1.17312 -2.9459 1.62101 1.84931 -4.28484 0.496923 -1.60696 5 6 7 10 12 15 16 17 
162 11 -0.114126 -5.48911 0.045501 -0.611545 -4.07399 0.383292 -6.90424 5 6 7 10 12 15 16 17 
122 11 -1.57185 -2.23822 0.0960758 -1.40374 -0.747668 -1.73997 -3.72877 5 6 7 10 12 15 16 17 
205 11 1.3917 -2.95075 -0.0835163 0.860733 -1.54787 1.92267 -4.35363 5 6 7 10 12 15 16 17 
241 11 1.45194 -5.37791 -0.00257303 0.575339 -4.16071 2.32855 -6.5951 5 6 7 10 12 15 16 17 
146 11 -0.225635 -4.24746 -0.0290627 -0.453774 -2.76491 0.00250454 -5.73001 5 6 7 10 12 15 16 17 
141 11 -1.22474 -4.80872 -0.0153654 -1.09395 -3.31443 -1.35553 -6.303 5 6 7 10 12 15 16 17 
185 11 1.41186 -4.30527 -0.0540477 0.472632 -3.13571 2.35108 -5.47482 5 6 7 10 12 15 16 17 
189 11 -1.22841 -3.37098 0.0938717 -0.822981 -1.92681 -1.63383 -4.81515 5 6 7 10 12 15 16 17 
223 11 1.24205 -4.32235 -0.0611452 0.265227 -3.18402 2.21888 -5.46069 5 6 7 10 12 15 16 17 
183 11 -1.92847 -4.79566 0.0928546 -1.81 -3.30035 -2.04695 -6.29098 5 6 7 10 12 15 16 17 
221 11 -0.615923 -5.15089 -0.0620778 -0.736462 -3.65574 -0.495385 -6.64604 5 6 7 10 12 15 16 17 
266 11 1.40189 -5.10906 -0.0801331 0.60861 -3.83599 2.19517 -6.38213 5 6 7 10 12 15 16 17 
206 11 0.815313 -5.947 -0.08235 0.237226 -4.56287 1.3934 -7.33113 5 6 7 10 12 15 16 17 
230 11 1.98002 -2.12737 1.61476 1.08285 -0.925256 2.87719 -3.32949 5 6 7 10 12 15 16 17 
133 12 -0.523683 -1.66166 1.59233 -0.975041 -0.231181 -0.0723236 -3.09214 6 7 8 11 13 16 17 18 
150 12 -0.935828 -0.891551 1.5108 -1.34529 0.551482 -0.526369 -2.33458 6 7 8 11 13 16 17 18 
194 12 -0.578288 -0.207236 0.0518072 -0.819133 1.2733 -0.337443 -1.68777 6 7 8 11 13 16 17 18 
188 12 -1.66232 1.69938 0.0938717 -1.81442 3.19164 -1.51023 0.207108 6 7 8 11 13 16 17 18 
208 12 0.715034 -0.879474 0.0886768 0.228378 0.539387 1.20169 -2.29833 6 7 8 11 13 16 17 18 
166 12 -0.139307 -0.612305 0.0316722 -0.345432 0.873465 0.0668173 -2.09807 6 7 8 11 13 16 17 18 
172 12 -0.712292 0.304562 0.080962 -0.881189 1.79502 -0.543394 -1.1859 6 7 8 11 13 16 17 18 
231 12 1.92661 0.556343 1.61476 0.434023 0.705264 3.4192 0.407421 6 7 8 11 13 16 17 18 
211 12 1.24949 -0.987298 0.0146525 0.347314 0.211068 2.15166 -2.18566 6 7 8 11 13 16 17 18 
246 12 0.677521 -1.75306 0.0105635 -0.0307498 -0.430803 1.38579 -3.07531 6 7 8 11 13 16 17 18 
73 12 1.96336 -1.07367 1.49962 0.751612 -0.189551 3.17512 -1.95778 6 7 8 11 13 16 17 18 
170 12 -1.62723 1.06542 1.62101 -1.7666 2.55893 -1.48785 -0.428093 6 7 8 11 13 16 17 18 
196 13 -1.07712 4.82084 -0.0214127 -1.74221 6.16533 -0.412026 3.47636 7 8 9 12 14 17 18 19 
252 13 1.25951 2.93694 1.54105 2.44058 3.86164 0.0784378 2.01225 7 8 9 12 14 17 18 19 
193 13 -1.90574 2.78906 0.0866947 -1.98686 4.28686 -1.82463 1.29125 7 8 9 12 14 17 18 19 
191 13 -0.127752 3.15749 -0.0803081 0.387919 4.56607 -0.643424 1.74892 7 8 9 12 14 17 18 19 
233 13 -0.968603 5.6606 0.0984411 -1.89702 6.83875 -0.040183 4.48245 7 8 9 12 14 17 18 19 
209 13 -0.206009 3.40653 0.0886768 0.217784 4.84542 -0.629803 1.96764 7 8 9 12 14 17 18 19 
177 13 -1.31437 5.62949 0.0410186 -2.01347 6.95662 -0.615268 4.30237 7 8 9 12 14 17 18 19 
190 13 0.813646 3.12355 0.0938717 1.98856 4.05606 -0.361266 2.19103 7 8 9 12 14 17 18 19 
175 13 -1.07977 4.87005 0.0185602 -1.73497 6.21939 -0.424581 3.52071 7 8 9 12 14 17 18 19 
176 13 -1.04268 5.6086 0.0439749 -1.90702 6.83454 -0.178339 4.38267 7 8 9 12 14 17 18 19 
213 13 -0.897173 5.12373 0.0189033 -1.67087 6.4088 -0.12348 3.83867 7 8 9 12 14 17 18 19 
212 13 -1.07958 3.14658 0.0451745 -1.21182 4.64074 -0.947337 1.65242 7 8 9 12 14 17 18 19 
232 13 1.38831 2.83004 0.0536245 0.251305 1.85166 2.52532 3.80841 7 8 9 12 14 17 18 19 
115 13 -1.89403 4.38545 0.0241251 -2.17931 5.85808 -1.60876 2.91283 7 8 9 12 14 17 18 19 
197 13 -1.86329 5.27839 -0.0313854 -2.24491 6.72903 -1.48168 3.82774 7 8 9 12 14 17 18 19 
210 13 0.750146 2.04908 0.0886768 1.90225 3.00963 -0.401959 1.08853 7 8 9 12 14 17 18 19 
218 14 1.16936 8.41323 0.0219677 -0.330281 8.44614 2.669 8.38031 8 9 -1 13 -1 18 19 -1 
237 14 0.473843 8.03301 0.0560184 -0.942182 8.52786 1.88987 7.53817 8 9 -1 13 -1 18 19 -1 
214 14 0.689036 6.22447 -0.0575552 -0.359382 7.29723 1.73746 5.1517 8 9 -1 13 -1 18 19 -1 
255 14 0.528209 9.02325 -0.00311797 -0.923375 9.40127 1.97979 8.64523 8 9 -1 13 -1 18 19 -1 
238 14 -0.426732 8.82451 -0.0677189 -1.89837 9.11481 1.04491 8.53422 8 9 -1 13 -1 18 19 -1 
154 14 0.370198 7.54056 -0.0763312 -0.9946 8.16291 1.735 6.9182 8 9 -1 13 -1 18 19 -1 
235 14 -1.1333 8.06167 -0.0355828 -2.04057 9.25619 -0.226029 6.86716 8 9 -1 13 -1 18 19 -1 
297 14 0.21688 9.93926 0.0840942 1.71626 9.98248 -1.2825 9.89604 8 9 -1 13 -1 18 19 -1 
278 14 -0.421284 9.42896 -0.0548573 1.06613 9.23508 -1.9087 9.62283 8 9 -1 13 -1 18 19 -1 
253 14 -1.19467 6.61269 -0.0652644 -2.17717 7.74614 -0.212175 5.47925 8 9 -1 13 -1 18 19 -1 
317 14 -0.514478 9.39834 0.0721344 0.970997 9.1901 -1.99995 9.60658 8 9 -1 13 -1 18 19 -1 
178 14 -1.57897 7.90497 0.0681749 -2.60739 8.99692 -0.550552 6.81302 8 9 -1 13 -1 18 19 -1 
195 14 -0.32481 6.4466 -0.0966908 -1.39733 7.49527 0.747713 5.39794 8 9 -1 13 -1 18 19 -1 
156 14 0.0780194 6.4918 0.0322909 -1.04887 7.48181 1.20491 5.50179 8 9 -1 13 -1 18 19 -1 
217 14 -1.07939 6.39738 0.0193853 -2.0967 7.49969 -0.0620808 5.29508 8 9 -1 13 -1 18 19 -1 
198 14 -1.2772 6.20106 -0.0460039 -2.13335 7.43273 -0.421052 4.96939 8 9 -1 13 -1 18 19 -1 
234 14 -1.81433 7.7761 0.0738822 -2.81605 8.8926 -0.812615 6.6596 8 9 -1 13 -1 18 19 -1 
276 14 1.94454 6.9832 0.0647429 2.60267 8.33112 1.28642 5.63529 8 9 -1 13 -1 18 19 -1 
302 15 3.64876 -8.4634 -0.0541769 2.47277 -7.53224 4.82474 -9.39456 -1 10 11 -1 16 -1 20 21 
201 15 4.68491 -7.59103 -0.0121466 3.39734 -6.82152 5.97249 -8.36055 -1 10 11 -1 16 -1 20 21 
222 15 4.06242 -6.42638 -0.0374866 2.88181 -5.50109 5.24303 -7.35166 -1 10 11 -1 16 -1 20 21 
263 15 5.0702 -7.16729 0.0564466 3.89465 -6.23559 6.24576 -8.09899 -1 10 11 -1 16 -1 20 21 
341 15 5.21542 -6.73836 -0.0266753 4.10513 -5.72976 6.3257 -7.74696 -1 10 11 -1 16 -1 20 21 
243 15 3.9194 -6.14049 -0.00534277 2.71837 -5.24187 5.12043 -7.03912 -1 10 11 -1 16 -1 20 21 
245 16 5.42492 -4.06782 -0.0212704 4.26321 -3.11891 6.58663 -5.01673 10 11 12 15 17 20 21 22 
286 16 5.06366 -5.05861 1.62525 4.22772 -3.81314 5.89959 -6.30409 10 11 12 15 17 20 21 22 
283 16 3.0273 -3.58718 0.0836279 2.37892 -2.23456 3.67568 -4.93981 10 11 12 15 17 20 21 22 
282 16 3.61582 -4.1547 -0.0810843 2.84807 -2.86607 4.38357 -5.44333 10 11 12 15 17 20 21 22 
248 16 4.18723 -4.58525 1.55798 3.67327 -3.17605 4.70118 -5.99445 10 11 12 15 17 20 21 22 
326 16 4.47561 -2.97535 1.64329 3.19547 -2.19352 5.75575 -3.75717 10 11 12 15 17 20 21 22 
291 16 4.63805 -2.86331 1.5682 3.33513 -2.12008 5.94098 -3.60653 10 11 12 15 17 20 21 22 
152 16 3.22491 -2.82292 1.51143 2.5089 -1.50484 3.94092 -4.14099 10 11 12 15 17 20 21 22 
224 16 2.55683 -3.34118 -0.0442809 1.80279 -2.04448 3.31087 -4.63788 10 11 12 15 17 20 21 22 
270 16 2.84081 -3.73689 1.62258 2.12198 -2.42035 3.55965 -5.05343 10 11 12 15 17 20 21 22 
303 16 4.41094 -5.08126 0.0786674 3.86716 -3.6833 4.95473 -6.47923 10 11 12 15 17 20 21 22 
229 16 3.15442 -3.45284 1.56342 3.95107 -4.72381 2.35778 -2.18187 10 11 12 15 17 20 21 22 
242 16 2.57153 -5.13493 -0.00484941 1.7901 -3.85455 3.35296 -6.41531 10 11 12 15 17 20 21 22 
344 16 5.71174 -4.7212 1.5878 4.49203 -3.84809 6.93144 -5.59431 10 11 12 15 17 20 21 22 
247 16 2.26701 -3.55062 0.0105635 1.23555 -2.46154 3.29847 -4.6397 10 11 12 15 17 20 21 22 
284 16 2.03676 -4.97803 -0.043355 1.15985 -3.76105 2.91366 -6.195 10 11 12 15 17 20 21 22 
323 16 5.93206 -2.79986 0.017917 4.66101 -2.00334 7.2031 -3.59638 10 11 12 15 17 20 21 22 
330 17 5.30138 -0.0654627 1.4827 3.81091 0.1034 6.79184 -0.234325 11 12 13 16 18 21 22 23 
305 17 2.63389 -1.31538 1.52065 1.47696 -0.360653 3.79083 -2.27011 11 12 13 16 18 21 22 23 
249 17 3.35365 1.0892 1.49744 1.86469 0.907576 4.84261 1.27082 11 12 13 16 18 21 22 23 
287 17 2.72354 0.098021 1.57435 1.22368 0.0781429 4.22341 0.117899 11 12 13 16 18 21 22 23 
250 17 3.7196 -1.99383 1.58442 2.53818 -1.06958 4.90102 -2.91808 11 12 13 16 18 21 22 23 
309 17 5.37673 0.379382 1.64993 3.90115 0.648912 6.85232 0.109852 11 12 13 16 18 21 22 23 
328 17 3.20765 0.297445 1.57454 1.72593 0.530922 4.68937 0.063967 11 12 13 16 18 21 22 23 
351 17 3.16994 0.455705 1.5717 1.68199 0.645496 4.65788 0.265914 11 12 13 16 18 21 22 23 
269 17 3.73401 0.91898 1.58036 2.23797 0.810082 5.23005 1.02788 11 12 13 16 18 21 22 23 
308 17 4.08929 -0.558493 1.55792 2.73529 0.0870159 5.44329 -1.204 11 12 13 16 18 21 22 23 
289 17 5.31293 0.47552 1.47494 3.83597 0.737439 6.78989 0.213601 11 12 13 16 18 21 22 23 
311 17 4.07343 1.66651 1.63968 2.58647 1.46916 5.56039 1.86386 11 12 13 16 18 21 22 23 
334 18 3.65765 4.7473 1.49321 2.40276 3.92557 4.91254 5.56904 12 13 14 17 19 22 23 24 
293 18 2.00399 2.17189 1.6695 1.47285 0.769071 2.53512 3.57471 12 13 14 17 19 22 23 24 
314 18 3.23002 4.18029 1.52025 2.05254 3.25101 4.4075 5.10956 12 13 14 17 19 22 23 24 
335 18 4.41515 4.57598 1.56548 3.1896 3.7111 5.64071 5.44086 12 13 14 17 19 22 23 24 
370 18 4.9257 3.2078 1.62503 3.62198 2.46595 6.22941 3.94964 12 13 14 17 19 22 23 24 
290 18 5.38349 4.13302 1.62067 4.18755 3.22763 6.57943 5.03842 12 13 14 17 19 22 23 24 
275 18 2.42788 5.9401 -0.0896766 3.12131 7.27019 1.73446 4.61 12 13 14 17 19 22 23 24 
313 18 4.52399 5.09656 1.66995 3.35511 4.15651 5.69288 6.03662 12 13 14 17 19 22 23 24 
256 18 5.3862 4.57482 0.024088 6.60694 5.44648 4.16545 3.70317 12 13 14 17 19 22 23 24 
336 18 5.00793 5.20168 1.56548 3.797 4.31644 6.21885 6.08692 12 13 14 17 19 22 23 24 
273 18 2.04759 4.65093 1.63076 0.901326 3.68343 3.19386 5.61844 12 13 14 17 19 22 23 24 
294 18 2.62737 4.55209 1.6695 1.48604 3.57877 3.76871 5.52541 12 13 14 17 19 22 23 24 
254 18 2.51377 4.19358 0.0939474 3.67744 5.1401 1.35011 3.24707 12 13 14 17 19 22 23 24 
312 18 2.03151 3.24794 1.55215 0.910982 2.25074 3.15204 4.24514 12 13 14 17 19 22 23 24 
216 18 2.20696 5.59936 -0.00681139 2.8976 6.93091 1.51632 4.26781 12 13 14 17 19 22 23 24 
310 18 2.94767 2.07731 1.66042 1.85838 1.04609 4.03697 3.10854 12 13 14 17 19 22 23 24 
292 18 4.88444 2.10772 1.52951 3.38715 2.19788 6.38173 2.01756 12 13 14 17 19 22 23 24 
251 18 2.38969 2.20724 1.54105 1.70854 0.870812 3.07084 3.54367 12 13 14 17 19 22 23 24 
296 19 4.60909 9.7163 -0.0642139 6.10397 9.84012 3.11421 9.59248 13 14 -1 18 -1 23 24 -1 
258 19 3.09129 9.03788 0.03131 4.54562 8.67054 1.63696 9.40521 13 14 -1 18 -1 23 24 -1 
338 19 5.11832 8.46317 0.0623159 6.44251 7.75854 3.79413 9.16781 13 14 -1 18 -1 23 24 -1 
373 19 5.31908 8.42584 1.55408 3.99258 9.12611 6.64559 7.72556 13 14 -1 18 -1 23 24 -1 
257 19 2.34005 8.6795 -0.0370511 0.902263 9.10701 3.77784 8.25198 13 14 -1 18 -1 23 24 -1 
277 19 2.39574 6.53405 -0.0597183 2.88676 7.95141 1.90473 5.11669 13 14 -1 18 -1 23 24 -1 
354 19 5.21914 7.19515 1.65873 3.75837 6.85435 6.67992 7.53596 13 14 -1 18 -1 23 24 -1 
236 19 2.50957 6.94121 0.0754502 3.01629 8.35303 2.00285 5.52939 13 14 -1 18 -1 23 24 -1 
316 19 3.52452 6.7358 -0.0655887 4.42408 7.93613 2.62495 5.53548 13 14 -1 18 -1 23 24 -1 
298 19 5.77357 7.75244 -0.0538784 7.25364 7.50874 4.2935 7.99615 13 14 -1 18 -1 23 24 -1 
295 19 5.64717 6.86564 -0.0909834 7.04768 7.40281 4.24665 6.32847 13 14 -1 18 -1 23 24 -1 
321 20 8.42269 -9.79401 0.00346954 6.92883 -9.65835 9.91654 -9.92968 -1 15 16 -1 21 -1 -1 -1 
343 20 7.78744 -9.04092 1.58283 6.50689 -8.25978 9.068 -9.82205 -1 15 16 -1 21 -1 -1 -1 
362 20 9.67687 -7.80762 1.61243 9.96064 -6.3347 9.39309 -9.28053 -1 15 16 -1 21 -1 -1 -1 
262 20 7.69695 -8.38029 -0.0512347 6.72817 -7.2351 8.66573 -9.52548 -1 15 16 -1 21 -1 -1 -1 
324 20 8.96207 -8.36467 1.52854 8.42521 -6.96403 9.49894 -9.7653 -1 15 16 -1 21 -1 -1 -1 
322 20 7.24663 -8.18767 0.017917 6.24853 -7.06794 8.24473 -9.30739 -1 15 16 -1 21 -1 -1 -1 
281 20 6.63881 -6.59712 0.0213392 5.65817 -5.46207 7.61946 -7.73217 -1 15 16 -1 21 -1 -1 -1 
285 20 6.78515 -8.69919 -0.043355 7.89878 -9.7041 5.67152 -7.69429 -1 15 16 -1 21 -1 -1 -1 
306 20 7.12937 -6.67894 1.66258 6.20247 -5.4996 8.05627 -7.85829 -1 15 16 -1 21 -1 -1 -1 
364 20 7.47689 -6.84656 1.6272 6.44698 -5.75603 8.50681 -7.9371 -1 15 16 -1 21 -1 -1 -1 
363 20 8.21761 -6.49232 1.63109 6.78248 -6.05595 9.65273 -6.92869 -1 15 16 -1 21 -1 -1 -1 
228 20 6.06625 -9.53518 0.08476 4.56629 -9.52349 7.5662 -9.54688 -1 15 16 -1 21 -1 -1 -1 
366 21 9.04222 -4.32881 1.59963 8.39617 -2.97507 9.68826 -5.68256 15 16 17 20 22 -1 -1 -1 
346 21 9.71957 -4.96962 1.57554 9.60986 -3.47364 9.82929 -6.4656 15 16 17 20 22 -1 -1 -1 
325 21 8.82992 -5.19438 1.49129 7.95851 -3.97347 9.70134 -6.4153 15 16 17 20 22 -1 -1 -1 
307 21 8.32611 -5.10956 1.47786 7.32295 -3.99436 9.32927 -6.22476 15 16 17 20 22 -1 -1 -1 
288 21 7.08368 -3.20295 1.54623 6.04871 -2.11722 8.11866 -4.28869 15 16 17 20 22 -1 -1 -1 
348 21 8.68771 -4.60722 1.61413 7.85012 -3.36286 9.52531 -5.85158 15 16 17 20 22 -1 -1 -1 
365 21 9.21517 -3.27196 1.61639 8.75384 -1.84467 9.67649 -4.69926 15 16 17 20 22 -1 -1 -1 
327 21 6.76751 -4.93641 1.48248 5.63686 -3.95069 7.89816 -5.92212 15 16 17 20 22 -1 -1 -1 
265 21 6.6337 -4.77138 -0.0801331 5.51343 -3.77388 7.75396 -5.76887 15 16 17 20 22 -1 -1 -1 
342 21 8.1421 -2.05126 -0.0266753 7.57327 -0.663307 8.71094 -3.43922 15 16 17 20 22 -1 -1 -1 
361 21 7.94086 -5.61375 0.0685141 6.87599 -4.55732 9.00572 -6.67019 15 16 17 20 22 -1 -1 -1 
304 21 6.35856 -5.99477 0.0786674 5.45439 -4.79791 7.26274 -7.19162 15 16 17 20 22 -1 -1 -1 
192 21 6.96381 -2.28183 0.060257 5.86321 -1.26267 8.06441 -3.30099 15 16 17 20 22 -1 -1 -1 
301 21 6.0914 -3.93228 -0.0896105 4.69942 -3.37335 7.48338 -4.4912 15 16 17 20 22 -1 -1 -1 
350 22 7.73528 0.432744 1.54919 9.23496 0.401747 6.2356 0.463741 16 17 18 21 23 -1 -1 -1 
368 22 8.13963 -1.1273 1.67067 7.82088 0.338441 8.45839 -2.59304 16 17 18 21 23 -1 -1 -1 
271 22 6.81211 0.915719 1.61511 5.31972 0.764775 8.3045 1.06666 16 17 18 21 23 -1 -1 -1 
347 22 9.67802 0.230296 1.50313 9.63946 -1.26921 9.71657 1.7298 16 17 18 21 23 -1 -1 -1 
372 22 7.03994 1.15364 1.51924 5.5568 0.929386 8.52308 1.37789 16 17 18 21 23 -1 -1 -1 
345 22 7.37679 -1.8479 1.54214 6.52619 -0.612389 8.22739 -3.08341 16 17 18 21 23 -1 -1 -1 
367 22 7.82415 -1.772 1.47839 7.13006 -0.442244 8.51823 -3.10176 16 17 18 21 23 -1 -1 -1 
333 22 7.06263 1.23914 1.58287 5.58612 0.974692 8.53913 1.50358 16 17 18 21 23 -1 -1 -1 
329 22 9.30903 -1.46537 1.50539 8.717 -0.0871461 9.90107 -2.84359 16 17 18 21 23 -1 -1 -1 
267 22 6.03594 -1.49851 1.47404 4.94725 -0.466638 7.12463 -2.53038 16 17 18 21 23 -1 -1 -1 
374 22 6.27346 1.34597 1.64317 7.73518 1.68268 4.81174 1.00926 16 17 18 21 23 -1 -1 -1 
268 22 6.31236 1.14312 1.57244 4.84634 0.825647 7.77838 1.46059 16 17 18 21 23 -1 -1 -1 
349 22 6.42756 0.0246965 1.62199 7.91537 -0.166157 4.93975 0.21555 16 17 18 21 23 -1 -1 -1 
369 22 6.52394 1.48104 1.504 5.04564 1.22681 8.00223 1.73527 16 17 18 21 23 -1 -1 -1 
352 23 7.98505 2.58691 1.58557 9.45522 2.28923 6.51489 2.88459 17 18 19 22 24 -1 -1 -1 
376 23 9.51118 5.44358 1.61539 9.60792 6.94046 9.41443 3.9467 17 18 19 22 24 -1 -1 -1 
357 23 7.85034 5.01712 1.6088 6.9258 3.83592 8.77487 6.19832 17 18 19 22 24 -1 -1 -1 
358 23 8.66447 4.67976 -0.0262301 7.9629 3.35394 9.36605 6.00558 17 18 19 22 24 -1 -1 -1 
332 23 8.44168 4.60273 1.47638 7.62203 3.34648 9.26133 5.85899 17 18 19 22 24 -1 -1 -1 
272 23 7.23357 4.6136 1.63076 6.27447 3.46029 8.19267 5.76691 17 18 19 22 24 -1 -1 -1 
371 23 7.74104 2.2293 1.55579 6.24678 2.36046 9.23529 2.09814 17 18 19 22 24 -1 -1 -1 
356 23 9.73514 5.81967 1.6088 9.82136 4.32215 9.64893 7.31719 17 18 19 22 24 -1 -1 -1 
353 23 7.63564 2.03069 1.56506 6.16216 2.31151 9.10912 1.74988 17 18 19 22 24 -1 -1 -1 
315 23 6.12465 5.27795 1.52025 4.98427 4.30351 7.26503 6.25238 17 18 19 22 24 -1 -1 -1 
331 23 6.46556 3.29115 1.61035 5.33745 2.30252 7.59366 4.27977 17 18 19 22 24 -1 -1 -1 
337 24 8.30495 9.78163 -0.0754216 6.80642 9.71519 9.80348 9.84806 18 19 -1 23 -1 -1 -1 -1 
355 24 7.4061 7.06817 1.65228 6.02267 6.48843 8.78954 7.6479 18 19 -1 23 -1 -1 -1 -1 
375 24 7.82714 7.96626 1.58201 6.36857 8.31638 9.2857 7.61614 18 19 -1 23 -1 -1 -1 -1 
378 24 8.21096 8.68847 1.61999 6.77259 8.26291 9.64932 9.11402 18 19 -1 23 -1 -1 -1 -1 
318 24 8.38264 9.94953 0.0769724 9.88245 9.97307 6.88282 9.92599 18 19 -1 23 -1 -1 -1 -1 
274 24 8.34807 6.83608 0.0303916 9.55013 7.73334 7.14602 5.93883 18 19 -1 23 -1 -1 -1 -1 
377 24 8.93103 6.3275 1.61999 8.10819 5.07333 9.75386 7.58167 18 19 -1 23 -1 -1 -1 -1 
