148 0 -7.95516 -8.59138 1.53451 -9.45005 -8.4676 -6.46028 -8.71515 -1 -1 -1 -1 1 -1 5 6 
21 0 -6.51318 -6.80285 -0.092345 -5.40993 -7.81913 -7.61643 -5.78656 -1 -1 -1 -1 1 -1 5 6 
69 0 -8.78512 -6.14163 1.65286 -8.7407 -7.64097 -8.82953 -4.64229 -1 -1 -1 -1 1 -1 5 6 
42 0 -7.74975 -9.72089 -0.0685787 -6.26514 -9.50656 -9.23436 -9.93523 -1 -1 -1 -1 1 -1 5 6 
104 0 -7.92994 -8.85163 -0.0464703 -6.46786 -9.18676 -9.39202 -8.51651 -1 -1 -1 -1 1 -1 5 6 
71 0 -8.5519 -6.56376 1.61523 -8.63491 -8.06146 -8.46889 -5.06606 -1 -1 -1 -1 1 -1 5 6 
204 0 -8.26708 -6.75775 0.0898347 -8.54425 -8.23191 -7.9899 -5.28358 -1 -1 -1 -1 1 -1 5 6 
143 0 -9.65329 -6.72525 0.0057508 -9.89268 -5.24447 -9.4139 -8.20602 -1 -1 -1 -1 1 -1 5 6 
108 1 -8.60979 -4.44137 1.57308 -8.12395 -5.86051 -9.09564 -3.02223 -1 -1 -1 0 2 5 6 7 
28 1 -7.40012 -4.50341 1.47188 -6.33174 -5.55628 -8.46851 -3.45053 -1 -1 -1 0 2 5 6 7 
24 1 -9.66655 -4.4214 1.49928 -9.61861 -5.92064 -9.7145 -2.92217 -1 -1 -1 0 2 5 6 7 
61 1 -7.31559 -5.0483 -0.0551714 -8.14912 -3.80121 -6.48207 -6.29539 -1 -1 -1 0 2 5 6 7 
66 1 -6.46359 -4.27218 1.61439 -6.09907 -5.72721 -6.8281 -2.81714 -1 -1 -1 0 2 5 6 7 
103 1 -7.57179 -3.48644 -0.00949416 -6.54134 -4.57647 -8.60224 -2.3964 -1 -1 -1 0 2 5 6 7 
124 1 -8.67537 -2.21884 -0.0693766 -9.19049 -0.810068 -8.16025 -3.62762 -1 -1 -1 0 2 5 6 7 
46 1 -8.24373 -2.22051 1.51621 -7.42367 -3.4765 -9.06379 -0.964528 -1 -1 -1 0 2 5 6 7 
153 1 -6.29622 -2.49512 0.0944598 -5.68517 -3.86501 -6.90727 -1.12522 -1 -1 -1 0 2 5 6 7 
65 1 -9.19704 -5.89704 1.50376 -8.93613 -7.37417 -9.45794 -4.4199 -1 -1 -1 0 2 5 6 7 
89 1 -9.51391 -2.17963 1.5963 -9.4456 -3.67807 -9.58223 -0.681186 -1 -1 -1 0 2 5 6 7 
27 1 -9.72552 -2.25547 1.51453 -9.64845 -3.75349 -9.80259 -0.75745 -1 -1 -1 0 2 5 6 7 
167 2 -8.53076 1.05747 -0.00214141 -8.78402 2.53594 -8.2775 -0.420993 -1 -1 -1 1 3 6 7 8 
50 2 -8.36176 -1.03773 1.49607 -7.78449 -2.4222 -8.93902 0.346747 -1 -1 -1 1 3 6 7 8 
53 2 -7.35182 0.0305622 1.64356 -7.66717 1.49704 -7.03647 -1.43591 -1 -1 -1 1 3 6 7 8 
49 2 -8.46366 -0.117589 1.53819 -7.94101 -1.52359 -8.9863 1.28841 -1 -1 -1 1 3 6 7 8 
130 2 -8.05296 0.938866 1.60474 -7.95596 -0.557994 -8.14997 2.43573 -1 -1 -1 1 3 6 7 8 
22 2 -6.95372 0.556735 1.51221 -6.30537 -0.795907 -7.60207 1.90938 -1 -1 -1 1 3 6 7 8 
109 2 -7.68155 -1.35074 1.54238 -7.83148 0.14175 -7.53163 -2.84323 -1 -1 -1 1 3 6 7 8 
113 2 -6.97482 1.54698 1.61256 -7.43652 2.97416 -6.51312 0.119806 -1 -1 -1 1 3 6 7 8 
111 2 -6.18989 0.700518 1.54961 -5.9675 -0.782904 -6.41228 2.18394 -1 -1 -1 1 3 6 7 8 
151 2 -9.91744 1.84177 1.51143 -9.9187 3.34177 -9.91618 0.341768 -1 -1 -1 1 3 6 7 8 
141 2 -6.37539 -1.96392 -0.0153654 -7.06756 -0.633167 -5.68321 -3.29466 -1 -1 -1 1 3 6 7 8 
35 3 -8.85548 3.88186 1.57487 -9.26521 5.32481 -8.44574 2.43891 -1 -1 -1 2 4 7 8 9 
51 3 -9.33577 3.57921 1.51942 -8.80632 2.17576 -9.86523 4.98266 -1 -1 -1 2 4 7 8 9 
92 3 -7.13821 2.55059 1.59747 -6.79052 1.09144 -7.48589 4.00974 -1 -1 -1 2 4 7 8 9 
31 3 -6.92733 4.95473 1.64665 -7.83365 6.14997 -6.02101 3.7595 -1 -1 -1 2 4 7 8 9 
29 3 -9.73155 3.73493 1.57246 -9.487 2.255 -9.97611 5.21486 -1 -1 -1 2 4 7 8 9 
127 3 -9.9597 2.83969 1.60202 -9.96065 1.33969 -9.95875 4.33969 -1 -1 -1 2 4 7 8 9 
30 3 -9.02713 4.6529 1.53668 -8.61129 3.21169 -9.44297 6.0941 -1 -1 -1 2 4 7 8 9 
149 3 -7.56356 3.84136 1.54739 -7.7631 5.32803 -7.36401 2.3547 -1 -1 -1 2 4 7 8 9 
38 3 -9.54056 2.63293 1.66868 -9.77483 4.11452 -9.3063 1.15133 -1 -1 -1 2 4 7 8 9 
75 3 -8.49475 5.12196 1.66739 -9.33033 6.36767 -7.65917 3.87624 -1 -1 -1 2 4 7 8 9 
45 3 -7.97281 2.44063 1.63561 -7.91006 3.93932 -8.03557 0.941947 -1 -1 -1 2 4 7 8 9 
58 3 -7.15573 5.49864 -0.0321181 -6.16345 4.37375 -8.14801 6.62354 -1 -1 -1 2 4 7 8 9 
26 3 -7.74133 2.32601 1.57237 -7.67731 0.827372 -7.80535 3.82464 -1 -1 -1 2 4 7 8 9 
72 3 -6.05816 5.56614 1.58781 -6.51595 6.99458 -5.60037 4.13771 -1 -1 -1 2 4 7 8 9 
93 4 -9.38676 8.31651 1.57299 -9.88668 9.73075 -8.88684 6.90227 -1 -1 -1 3 -1 8 9 -1 
110 4 -7.94665 8.29672 1.47668 -7.04939 7.09467 -8.8439 9.49877 -1 -1 -1 3 -1 8 9 -1 
54 4 -7.73214 6.98316 1.57851 -8.27387 8.38192 -7.19041 5.5844 -1 -1 -1 3 -1 8 9 -1 
98 4 -8.07485 6.38628 0.0357864 -8.8708 7.65768 -7.2789 5.11488 -1 -1 -1 3 -1 8 9 -1 
57 4 -9.03116 6.24189 1.5693 -9.77641 7.54366 -8.28591 4.94012 -1 -1 -1 3 -1 8 9 -1 
94 4 -8.34069 7.80447 1.49327 -8.95382 9.17344 -7.72757 6.4355 -1 -1 -1 3 -1 8 9 -1 
52 4 -9.24117 8.46997 1.65249 -9.8181 9.85459 -8.66424 7.08536 -1 -1 -1 3 -1 8 9 -1 
134 4 -6.45089 9.2839 -0.033627 -7.95088 9.28972 -4.9509 9.27809 -1 -1 -1 3 -1 8 9 -1 
172 4 -6.56831 6.64546 0.080962 -7.01294 8.07805 -6.12369 5.21287 -1 -1 -1 3 -1 8 9 -1 
36 4 -6.87689 6.25914 1.51514 -7.61192 7.56671 -6.14187 4.95157 -1 -1 -1 3 -1 8 9 -1 
56 4 -7.53454 9.58669 1.5693 -9.01244 9.8432 -6.05663 9.33017 -1 -1 -1 3 -1 8 9 -1 
33 4 -8.41422 6.26083 1.57137 -9.44128 7.35405 -7.38715 5.1676 -1 -1 -1 3 -1 8 9 -1 
78 4 -6.20885 7.49106 0.0219834 -7.26281 8.55838 -5.15489 6.42374 -1 -1 -1 3 -1 8 9 -1 
174 4 -7.65998 7.35952 -0.0158582 -8.34096 8.69604 -6.97901 6.02301 -1 -1 -1 3 -1 8 9 -1 
116 4 -6.52737 7.44923 0.0688266 -7.43587 8.6428 -5.61886 6.25565 -1 -1 -1 3 -1 8 9 -1 
197 4 -6.53089 8.01257 -0.0313854 -7.57453 9.08998 -5.48725 6.93516 -1 -1 -1 3 -1 8 9 -1 
215 4 -6.1875 8.05623 -0.0463609 -7.29232 9.0708 -5.08267 7.04165 -1 -1 -1 3 -1 8 9 -1 
82 5 -2.94795 -8.13533 -0.0667708 -1.45893 -7.95416 -4.43697 -8.3165 -1 0 1 -1 6 -1 10 11 
101 5 -4.43093 -7.87872 0.0132319 -2.93279 -7.80398 -5.92907 -7.95346 -1 0 1 -1 6 -1 10 11 
23 5 -2.32696 -6.57532 1.50767 -3.82508 -6.6505 -0.828847 -6.50015 -1 0 1 -1 6 -1 10 11 
25 5 -5.1654 -9.44323 1.51782 -6.66499 -9.40811 -3.66581 -9.47835 -1 0 1 -1 6 -1 10 11 
102 5 -4.6791 -8.50226 -0.0897456 -6.17712 -8.42523 -3.18108 -8.57929 -1 0 1 -1 6 -1 10 11 
126 5 -2.96295 -7.42643 -0.0866852 -1.55025 -7.93069 -4.37565 -6.92217 -1 0 1 -1 6 -1 10 11 
62 5 -4.00446 -8.90808 -0.0838541 -2.51098 -8.76842 -5.49795 -9.04775 -1 0 1 -1 6 -1 10 11 
41 5 -3.98325 -6.4988 -0.0685787 -2.51152 -6.20899 -5.45499 -6.78861 -1 0 1 -1 6 -1 10 11 
243 5 -4.09833 -6.60579 -0.00534277 -5.55556 -6.96141 -2.64109 -6.25017 -1 0 1 -1 6 -1 10 11 
106 5 -4.25755 -9.62835 1.52942 -2.75816 -9.58567 -5.75694 -9.67103 -1 0 1 -1 6 -1 10 11 
163 5 -5.58548 -9.19496 0.000652872 -4.08943 -9.08623 -7.08153 -9.30369 -1 0 1 -1 6 -1 10 11 
44 5 -2.09342 -7.23163 1.57057 -0.626515 -7.54501 -3.56032 -6.91826 -1 0 1 -1 6 -1 10 11 
121 5 -4.73694 -6.09269 0.00172069 -3.24106 -5.98161 -6.23282 -6.20377 -1 0 1 -1 6 -1 10 11 
129 6 -2.63199 -4.42722 1.47294 -1.31865 -5.15188 -3.94533 -3.70255 0 1 2 5 7 10 11 12 
188 6 -2.76587 -4.63152 0.0938717 -4.00556 -3.78703 -1.52618 -5.47602 0 1 2 5 7 10 11 12 
122 6 -3.6995 -4.82119 0.0960758 -4.9341 -3.96927 -2.4649 -5.6731 0 1 2 5 7 10 11 12 
91 6 -3.87697 -3.34712 1.57205 -5.29306 -2.85246 -2.46088 -3.84178 0 1 2 5 7 10 11 12 
32 6 -5.31436 -3.63325 1.53486 -5.08402 -5.11545 -5.54471 -2.15104 0 1 2 5 7 10 11 12 
48 6 -4.74833 -2.39035 1.65033 -3.46194 -3.16184 -6.03473 -1.61886 0 1 2 5 7 10 11 12 
84 6 -5.75616 -3.09383 -0.0484298 -6.3113 -1.70034 -5.20102 -4.48732 0 1 2 5 7 10 11 12 
107 6 -2.99805 -5.44655 1.55838 -1.62203 -6.04367 -4.37408 -4.84943 0 1 2 5 7 10 11 12 
125 6 -5.90316 -3.56347 -0.0866852 -6.50584 -2.18987 -5.30048 -4.93706 0 1 2 5 7 10 11 12 
55 7 -4.5905 1.10389 1.65656 -4.9971 2.54773 -4.18389 -0.339951 1 2 3 6 8 11 12 13 
67 7 -3.82277 0.659435 1.63243 -3.87573 -0.839629 -3.7698 2.1585 1 2 3 6 8 11 12 13 
74 7 -3.0086 1.28014 1.64626 -3.98559 2.41834 -2.03161 0.141946 1 2 3 6 8 11 12 13 
85 7 -2.54107 0.946908 1.60699 -1.48853 -0.121809 -3.59361 2.01563 1 2 3 6 8 11 12 13 
34 7 -2.13085 -0.112407 1.53506 -1.17184 -1.26579 -3.08986 1.04098 1 2 3 6 8 11 12 13 
123 7 -3.07759 -1.51781 -0.0113081 -4.46113 -0.938308 -1.69405 -2.0973 1 2 3 6 8 11 12 13 
169 7 -5.20792 0.82492 1.58895 -4.54801 -0.522121 -5.86782 2.17196 1 2 3 6 8 11 12 13 
131 7 -2.47221 -0.335928 1.51604 -1.23728 -1.18736 -3.70714 0.515509 1 2 3 6 8 11 12 13 
145 7 -3.95902 -0.910521 0.00575202 -5.28611 -0.211353 -2.63193 -1.60969 1 2 3 6 8 11 12 13 
183 7 -5.70844 -0.384153 0.0928546 -6.06827 1.07205 -5.34861 -1.84035 1 2 3 6 8 11 12 13 
37 7 -4.34891 1.69807 1.66868 -3.8828 0.272324 -4.81501 3.12381 1 2 3 6 8 11 12 13 
168 8 -4.5219 3.79758 -0.00214141 -4.61421 5.29474 -4.4296 2.30042 2 3 4 7 9 12 13 14 
95 8 -5.36153 5.3241 1.49327 -6.07814 6.64185 -4.64492 4.00634 2 3 4 7 9 12 13 14 
88 8 -3.54332 4.52105 1.52721 -2.56114 3.38733 -4.5255 5.65477 2 3 4 7 9 12 13 14 
138 8 -3.71474 3.42759 -0.00256941 -4.57308 4.65773 -2.8564 2.19745 2 3 4 7 9 12 13 14 
86 8 -3.71402 3.18711 1.65076 -2.88301 1.93834 -4.54502 4.43588 2 3 4 7 9 12 13 14 
128 8 -5.64493 3.95286 1.5358 -5.18955 2.52366 -6.10031 5.38207 2 3 4 7 9 12 13 14 
105 8 -4.45977 5.86893 -0.0464703 -5.34544 7.07955 -3.57411 4.65832 2 3 4 7 9 12 13 14 
155 8 -2.66917 2.1127 0.0708671 -3.60529 3.28474 -1.73305 0.940656 2 3 4 7 9 12 13 14 
210 8 -2.70505 4.0289 0.0886768 -3.24993 5.42644 -2.16018 2.63136 2 3 4 7 9 12 13 14 
178 9 -3.61157 9.13896 0.0681749 -5.10855 9.23413 -2.1146 9.0438 3 4 -1 8 -1 13 14 -1 
117 9 -4.99213 8.21377 -0.0258068 -6.40512 8.71721 -3.57914 7.71032 3 4 -1 8 -1 13 14 -1 
76 9 -2.46289 6.63978 1.66739 -3.58252 7.63798 -1.34325 5.64157 3 4 -1 8 -1 13 14 -1 
173 9 -2.84371 9.45928 0.0946512 -4.32649 9.68587 -1.36092 9.23268 3 4 -1 8 -1 13 14 -1 
87 9 -4.00335 8.12958 1.62448 -2.55784 7.72895 -5.44886 8.5302 3 4 -1 8 -1 13 14 -1 
157 9 -4.45349 9.46058 0.0924511 -5.91015 9.81855 -2.99683 9.10262 3 4 -1 8 -1 13 14 -1 
158 9 -2.34559 8.68481 0.08265 -3.84539 8.70972 -0.845801 8.6599 3 4 -1 8 -1 13 14 -1 
175 9 -4.33386 6.36584 0.0185602 -5.18584 7.6004 -3.48189 5.13128 3 4 -1 8 -1 13 14 -1 
136 9 -5.26817 9.47975 -0.00985311 -6.7535 9.68902 -3.78284 9.27048 3 4 -1 8 -1 13 14 -1 
161 10 0.7414 -6.72525 -0.0377534 1.92695 -7.6442 -0.444149 -5.8063 -1 5 6 -1 11 -1 15 16 
184 10 0.599115 -9.27936 0.0666466 2.00716 -8.76226 -0.808933 -9.79647 -1 5 6 -1 11 -1 15 16 
146 10 -1.64902 -6.82878 -0.0290627 -3.14899 -6.83667 -0.149036 -6.82089 -1 5 6 -1 11 -1 15 16 
43 10 -1.00113 -9.32349 1.57954 -2.48657 -9.532 0.484309 -9.11498 -1 5 6 -1 11 -1 15 16 
202 10 -0.938735 -7.98483 -0.0198541 -2.42831 -8.16135 0.550842 -7.80831 -1 5 6 -1 11 -1 15 16 
63 10 -0.941835 -8.73741 -0.0838541 0.555108 -8.83314 -2.43878 -8.64169 -1 5 6 -1 11 -1 15 16 
142 10 0.0110057 -9.12911 -0.0336728 1.4989 -8.93889 -1.47688 -9.31934 -1 5 6 -1 11 -1 15 16 
244 10 -1.11094 -7.36751 0.0983097 -2.54725 -6.93507 0.325376 -7.79995 -1 5 6 -1 11 -1 15 16 
81 10 -0.0900117 -7.39281 0.0762549 1.32562 -7.88878 -1.50564 -6.89683 -1 5 6 -1 11 -1 15 16 
227 10 -0.295732 -6.61137 0.08476 -1.48015 -5.69096 0.888687 -7.53178 -1 5 6 -1 11 -1 15 16 
164 10 1.06688 -6.17547 0.0663293 -0.237395 -5.43461 2.37115 -6.91633 -1 5 6 -1 11 -1 15 16 
182 10 -1.52104 -8.18276 -0.0612134 -3.0164 -8.30067 -0.025683 -8.06486 -1 5 6 -1 11 -1 15 16 
162 10 -0.42955 -6.3643 0.045501 0.742591 -7.30029 -1.60169 -5.4283 -1 5 6 -1 11 -1 15 16 
229 10 1.50481 -6.0661 1.56342 2.70968 -6.95957 0.299942 -5.17263 -1 5 6 -1 11 -1 15 16 
132 11 -0.609776 -5.38677 1.59233 -1.97318 -4.76138 0.753632 -6.01217 5 6 7 10 12 15 16 17 
226 11 -1.34362 -3.89125 -0.0370219 -2.77793 -3.45221 0.0906942 -4.33028 5 6 7 10 12 15 16 17 
246 11 0.73582 -3.43454 0.0105635 -0.679502 -2.93769 2.15114 -3.9314 5 6 7 10 12 15 16 17 
264 11 -0.0287592 -5.46615 0.00277262 -1.35956 -4.77407 1.30204 -6.15823 5 6 7 10 12 15 16 17 
328 11 -0.0433657 -5.07119 1.57454 -1.28057 -4.22306 1.19384 -5.91932 5 6 7 10 12 15 16 17 
305 11 0.771807 -4.94148 1.52065 -0.629477 -4.40632 2.17309 -5.47665 5 6 7 10 12 15 16 17 
68 11 -1.02419 -4.93093 1.59126 0.310747 -5.61499 -2.35913 -4.24686 5 6 7 10 12 15 16 17 
189 11 -1.46444 -4.51061 0.0938717 -2.82956 -3.88896 -0.0993186 -5.13226 5 6 7 10 12 15 16 17 
194 11 -0.425153 -2.92742 0.0518072 -1.90418 -2.67744 1.05387 -3.1774 5 6 7 10 12 15 16 17 
250 11 1.095 -5.51709 1.58442 -0.173185 -4.71602 2.36318 -6.31817 5 6 7 10 12 15 16 17 
261 11 1.5252 -4.46648 0.0248666 0.169535 -3.82447 2.88086 -5.10849 5 6 7 10 12 15 16 17 
181 11 1.15403 -4.78743 0.0295419 -0.296465 -4.40524 2.60452 -5.16962 5 6 7 10 12 15 16 17 
187 11 -1.81751 -4.05938 -0.0401799 -3.26151 -3.65334 -0.373515 -4.46543 5 6 7 10 12 15 16 17 
171 11 1.81144 -3.61931 1.62101 3.24326 -4.06639 0.379615 -3.17222 5 6 7 10 12 15 16 17 
221 11 -0.558673 -5.67136 -0.0620778 -1.90054 -5.00099 0.783191 -6.34173 5 6 7 10 12 15 16 17 
70 11 -1.65147 -5.6255 1.57811 -0.492777 -6.5781 -2.81016 -4.67291 5 6 7 10 12 15 16 17 
247 11 -0.764498 -5.85143 0.0105635 -2.06299 -5.10049 0.533997 -6.60237 5 6 7 10 12 15 16 17 
144 11 0.115517 -2.33994 0.0588998 -1.25114 -1.72168 1.48218 -2.9582 5 6 7 10 12 15 16 17 
207 11 -1.98024 -3.75895 0.0828931 -3.41996 -3.33798 -0.540523 -4.17991 5 6 7 10 12 15 16 17 
152 12 -0.830166 0.551287 1.51143 -1.38642 1.94433 -0.273908 -0.841759 6 7 8 11 13 16 17 18 
166 12 0.540425 1.43618 0.0316722 -0.515792 2.50126 1.59664 0.371091 6 7 8 11 13 16 17 18 
47 12 1.77083 -0.7355 1.60654 2.70484 -1.90922 0.83682 0.438224 6 7 8 11 13 16 17 18 
115 12 -0.0209901 1.38296 0.0241251 -1.16653 2.35133 1.12455 0.414592 6 7 8 11 13 16 17 18 
205 12 -1.2593 0.631211 -0.0835163 -1.43053 2.1214 -1.08806 -0.858984 6 7 8 11 13 16 17 18 
270 12 0.078036 -1.6853 1.62258 -1.02934 -0.673519 1.18542 -2.69709 6 7 8 11 13 16 17 18 
112 12 -1.36009 -0.656833 1.63237 -2.29899 0.512985 -0.421196 -1.82665 6 7 8 11 13 16 17 18 
150 12 -0.392206 1.12806 1.5108 -1.42942 2.21166 0.645011 0.0444677 6 7 8 11 13 16 17 18 
216 12 1.33036 1.32756 -0.00681139 2.49399 0.381008 0.166734 2.27412 6 7 8 11 13 16 17 18 
287 12 1.01002 -0.634258 1.57435 0.304191 0.689299 1.71585 -1.95781 6 7 8 11 13 16 17 18 
133 12 -1.65623 -0.520182 1.59233 -2.61854 0.630457 -0.693928 -1.67082 6 7 8 11 13 16 17 18 
330 12 1.52159 1.91461 1.4827 0.365359 2.87019 2.67782 0.959034 6 7 8 11 13 16 17 18 
212 12 0.70003 1.71165 0.0451745 -0.493077 2.62076 1.89314 0.802527 6 7 8 11 13 16 17 18 
278 13 -0.73852 4.93695 -0.0548573 0.446452 4.01725 -1.92349 5.85664 7 8 9 12 14 17 18 19 
233 13 -0.296902 4.22478 0.0984411 0.746391 3.14703 -1.34019 5.30253 7 8 9 12 14 17 18 19 
312 13 1.82374 3.22678 1.55215 0.729468 4.25273 2.91801 2.20084 7 8 9 12 14 17 18 19 
218 13 -0.355531 2.82159 0.0219677 -1.55569 3.72138 0.844628 1.92181 7 8 9 12 14 17 18 19 
234 13 0.466752 3.99891 0.0738822 -0.390978 5.22948 1.32448 2.76835 7 8 9 12 14 17 18 19 
295 13 1.3704 3.7628 -0.0909834 2.43596 2.70707 0.304844 4.81854 7 8 9 12 14 17 18 19 
177 13 -1.58397 5.0783 0.0410186 -2.51717 6.25266 -0.650774 3.90393 7 8 9 12 14 17 18 19 
154 13 -0.230492 5.13241 -0.0763312 -1.3061 6.17791 0.845118 4.08691 7 8 9 12 14 17 18 19 
252 13 1.18082 2.46522 1.54105 -0.0565157 3.31315 2.41816 1.61729 7 8 9 12 14 17 18 19 
176 13 -0.209044 2.30284 0.0439749 -1.3142 3.31705 0.896116 1.28863 7 8 9 12 14 17 18 19 
196 13 -1.12599 2.76096 -0.0214127 -2.18904 3.81923 -0.0629472 1.70269 7 8 9 12 14 17 18 19 
97 13 -1.46785 4.59026 0.0814642 -2.374 5.78562 -0.561694 3.3949 7 8 9 12 14 17 18 19 
251 13 0.919781 2.22096 1.54105 -0.154386 3.26794 1.99395 1.17398 7 8 9 12 14 17 18 19 
284 13 0.572767 2.23888 -0.043355 -0.586405 3.19089 1.73194 1.28687 7 8 9 12 14 17 18 19 
170 13 -1.39107 4.01659 1.62101 -2.49187 5.03553 -0.290271 2.99765 7 8 9 12 14 17 18 19 
137 13 1.42563 5.85719 0.027191 0.00996994 6.35309 2.84128 5.36129 7 8 9 12 14 17 18 19 
275 13 0.615145 5.39313 -0.0896766 1.84085 4.52846 -0.610557 6.2578 7 8 9 12 14 17 18 19 
191 13 -0.0822903 5.12972 -0.0803081 -1.14852 6.18479 0.983936 4.07466 7 8 9 12 14 17 18 19 
230 13 1.52041 2.56116 1.61476 0.20778 3.28712 2.83303 1.83521 7 8 9 12 14 17 18 19 
214 13 1.4867 4.67974 -0.0575552 2.7294 3.83968 0.244003 5.5198 7 8 9 12 14 17 18 19 
90 13 -1.20405 2.34597 1.62689 -0.284963 1.16052 -2.12313 3.53141 7 8 9 12 14 17 18 19 
277 14 -1.37073 9.83547 -0.0597183 0.120304 9.67171 -2.86176 9.99923 8 9 -1 13 -1 18 19 -1 
209 14 -1.14898 7.38773 0.0886768 0.326277 7.11639 -2.62423 7.65906 8 9 -1 13 -1 18 19 -1 
135 14 0.878561 9.85853 -0.0784199 -0.618387 9.95417 2.37551 9.76289 8 9 -1 13 -1 18 19 -1 
114 14 0.349798 8.56669 1.61256 -1.03663 9.13926 1.73622 7.99413 8 9 -1 13 -1 18 19 -1 
77 14 -1.0043 6.53841 0.0753746 -2.464 6.88379 0.4554 6.19304 8 9 -1 13 -1 18 19 -1 
253 14 -1.30362 9.53723 -0.0652644 -2.79923 9.6519 0.191987 9.42255 8 9 -1 13 -1 18 19 -1 
317 14 0.699645 6.96428 0.0721344 2.19907 6.92293 -0.799786 7.00562 8 9 -1 13 -1 18 19 -1 
96 14 -1.48486 7.30263 -0.0364301 -2.95403 7.60523 -0.015703 7.00004 8 9 -1 13 -1 18 19 -1 
370 14 0.231899 6.32938 1.62503 -1.21932 6.70879 1.68312 5.94997 8 9 -1 13 -1 18 19 -1 
238 14 0.585631 7.94228 -0.0677189 -0.705023 8.70662 1.87628 7.17794 8 9 -1 13 -1 18 19 -1 
217 14 -1.26631 6.94954 0.0193853 -2.72495 7.29938 0.19232 6.5997 8 9 -1 13 -1 18 19 -1 
255 14 1.70927 9.59326 -0.00311797 0.215769 9.45375 3.20276 9.73277 8 9 -1 13 -1 18 19 -1 
118 14 -1.83064 7.28801 -0.0705271 -3.30872 7.54349 -0.352557 7.03253 8 9 -1 13 -1 18 19 -1 
206 15 2.716 -8.86996 -0.08235 1.44763 -8.06918 3.98437 -9.67073 -1 10 11 -1 16 -1 20 21 
263 15 5.15576 -7.28502 0.0564466 3.72708 -6.828 6.58444 -7.74205 -1 10 11 -1 16 -1 20 21 
283 15 4.58746 -7.5347 0.0836279 3.42267 -6.58957 5.75225 -8.47983 -1 10 11 -1 16 -1 20 21 
165 15 2.73429 -7.66984 -0.0187441 1.3317 -7.13811 4.13688 -8.20157 -1 10 11 -1 16 -1 20 21 
83 15 3.54437 -8.22836 -0.0484298 2.05717 -8.03277 5.03156 -8.42395 -1 10 11 -1 16 -1 20 21 
262 15 5.1699 -8.54855 -0.0512347 3.67989 -8.3758 6.65992 -8.72131 -1 10 11 -1 16 -1 20 21 
241 15 3.07471 -7.59126 -0.00257303 1.64892 -7.12527 4.50049 -8.05725 -1 10 11 -1 16 -1 20 21 
64 15 3.51687 -8.5897 1.58821 2.09469 -8.11284 4.93906 -9.06657 -1 10 11 -1 16 -1 20 21 
327 15 5.85729 -8.15994 1.48248 4.56436 -7.39947 7.15023 -8.92041 -1 10 11 -1 16 -1 20 21 
242 15 5.71893 -8.96889 -0.00484941 4.27647 -8.55741 7.16139 -9.38036 -1 10 11 -1 16 -1 20 21 
223 15 2.18341 -6.91693 -0.0611452 0.710791 -6.63162 3.65602 -7.20225 -1 10 11 -1 16 -1 20 21 
303 16 4.08284 -4.52399 0.0786674 3.35083 -3.21473 4.81486 -5.83325 10 11 12 15 17 20 21 22 
267 16 4.52236 -2.93426 1.47404 3.37574 -1.96717 5.66898 -3.90134 10 11 12 15 17 20 21 22 
265 16 4.64335 -5.01494 -0.0801331 4.04071 -3.64132 5.24599 -6.38856 10 11 12 15 17 20 21 22 
286 16 2.09245 -5.83246 1.62525 0.737161 -5.18967 3.44774 -6.47526 10 11 12 15 17 20 21 22 
225 16 3.62442 -4.92482 -0.0243093 3.03695 -3.54464 4.21189 -6.30499 10 11 12 15 17 20 21 22 
363 16 5.26615 -5.87157 1.63109 4.67098 -4.4947 5.86132 -7.24845 10 11 12 15 17 20 21 22 
245 16 4.76746 -3.80518 -0.0212704 3.931 -2.56005 5.60392 -5.0503 10 11 12 15 17 20 21 22 
224 16 4.15805 -5.12947 -0.0442809 3.55653 -3.75536 4.75957 -6.50358 10 11 12 15 17 20 21 22 
344 16 3.18837 -5.50448 1.5878 2.38381 -4.23851 3.99292 -6.77046 10 11 12 15 17 20 21 22 
364 16 4.67871 -5.41803 1.6272 4.07255 -4.04597 5.28486 -6.7901 10 11 12 15 17 20 21 22 
266 16 3.46615 -5.26621 -0.0801331 2.70569 -3.97327 4.22662 -6.55915 10 11 12 15 17 20 21 22 
321 16 5.14895 -3.69437 0.00346954 4.03241 -2.69271 6.26549 -4.69604 10 11 12 15 17 20 21 22 
308 16 4.8771 -2.5621 1.55792 4.06807 -1.29897 5.68612 -3.82522 10 11 12 15 17 20 21 22 
211 16 3.2008 -2.72491 0.0146525 2.49825 -1.39961 3.90335 -4.05021 10 11 12 15 17 20 21 22 
185 16 2.78003 -2.76339 -0.0540477 2.24994 -1.36018 3.31013 -4.1666 10 11 12 15 17 20 21 22 
271 16 5.6981 -3.58045 1.61511 4.78654 -2.38921 6.60966 -4.77169 10 11 12 15 17 20 21 22 
304 16 4.42592 -5.38533 0.0786674 3.73455 -4.05416 5.11729 -6.71649 10 11 12 15 17 20 21 22 
309 17 4.79742 -0.903158 1.64993 4.35154 0.529041 5.24329 -2.33536 11 12 13 16 18 21 22 23 
323 17 4.28402 0.236403 0.017917 3.74645 1.63677 4.82159 -1.16396 11 12 13 16 18 21 22 23 
208 17 5.81402 1.22709 0.0886768 4.96656 2.46475 6.66147 -0.0105805 11 12 13 16 18 21 22 23 
333 17 5.76493 1.70795 1.58287 5.11339 3.05906 6.41647 0.356839 11 12 13 16 18 21 22 23 
147 17 4.07266 -1.40175 -0.0290627 3.36585 -0.0787141 4.77947 -2.72478 11 12 13 16 18 21 22 23 
349 17 3.1895 1.74713 1.62199 3.25646 0.248628 3.12254 3.24564 11 12 13 16 18 21 22 23 
316 17 3.44559 0.810049 -0.0655887 3.69908 -0.668377 3.1921 2.28848 11 12 13 16 18 21 22 23 
345 17 5.58232 -0.181339 1.54214 5.63347 1.31779 5.53117 -1.68047 11 12 13 16 18 21 22 23 
249 17 4.7533 1.21663 1.49744 4.04163 2.53705 5.46496 -0.103802 11 12 13 16 18 21 22 23 
73 17 4.89494 -0.754384 1.49962 5.22461 -2.21771 4.56527 0.70894 11 12 13 16 18 21 22 23 
203 17 3.07807 -0.0640975 0.0986814 2.75766 1.40128 3.39848 -1.52948 11 12 13 16 18 21 22 23 
292 17 2.4049 -0.514772 1.52951 1.77943 0.848605 3.03036 -1.87815 11 12 13 16 18 21 22 23 
331 17 4.74324 1.91574 1.61035 3.93071 3.17661 5.55578 0.654876 11 12 13 16 18 21 22 23 
192 17 5.97783 -0.232893 0.060257 5.74558 1.24902 6.21008 -1.7148 11 12 13 16 18 21 22 23 
314 18 3.26747 5.09835 1.52025 2.38455 6.31097 4.15039 3.88573 12 13 14 17 19 22 23 24 
193 18 3.64771 3.23654 0.0866947 4.09672 1.80532 3.1987 4.66775 12 13 14 17 19 22 23 24 
351 18 4.56276 4.18664 1.5717 4.25045 5.65376 4.87507 2.71951 12 13 14 17 19 22 23 24 
334 18 5.2249 4.09126 1.49321 4.81353 5.53375 5.63627 2.64877 12 13 14 17 19 22 23 24 
190 18 2.35761 4.61372 0.0938717 3.45862 3.59501 1.2566 5.63244 12 13 14 17 19 22 23 24 
310 18 5.69128 2.4318 1.66042 5.11947 3.81854 6.26308 1.04507 12 13 14 17 19 22 23 24 
371 18 5.65558 4.22394 1.55579 5.61669 5.72343 5.69447 2.72444 12 13 14 17 19 22 23 24 
273 18 2.07727 3.7094 1.63076 1.1454 4.88483 3.00914 2.53398 12 13 14 17 19 22 23 24 
336 19 3.68824 8.95733 1.56548 2.19319 8.83549 5.18328 9.07916 13 14 -1 18 -1 23 24 -1 
373 19 2.7784 7.71909 1.55408 1.2785 7.73642 4.2783 7.70177 13 14 -1 18 -1 23 24 -1 
377 19 4.74704 7.25968 1.61999 6.24671 7.29084 3.24736 7.22852 13 14 -1 18 -1 23 24 -1 
313 19 5.14204 7.96733 1.66995 3.6421 7.98035 6.64198 7.95432 13 14 -1 18 -1 23 24 -1 
213 19 2.65474 7.87856 0.0189033 1.1642 8.04677 4.14528 7.71036 13 14 -1 18 -1 23 24 -1 
198 19 5.25071 9.70178 -0.0460039 3.76504 9.90864 6.73638 9.49492 13 14 -1 18 -1 23 24 -1 
354 19 4.75599 8.08782 1.65873 6.25308 7.99451 3.25889 8.18112 13 14 -1 18 -1 23 24 -1 
332 19 3.26435 6.63889 1.47638 4.73892 6.91392 1.78978 6.36386 13 14 -1 18 -1 23 24 -1 
376 19 4.95181 9.6768 1.61539 3.46843 9.89949 6.43518 9.4541 13 14 -1 18 -1 23 24 -1 
236 19 4.74775 8.62958 0.0754502 6.24477 8.53511 3.25073 8.72404 13 14 -1 18 -1 23 24 -1 
297 19 4.27539 6.72762 0.0840942 5.7325 7.08375 2.81828 6.3715 13 14 -1 18 -1 23 24 -1 
256 19 5.50416 7.10048 0.024088 6.98345 7.34886 4.02486 6.8521 13 14 -1 18 -1 23 24 -1 
235 19 4.238 7.77673 -0.0355828 2.7628 8.0484 5.71319 7.50506 13 14 -1 18 -1 23 24 -1 
237 19 5.35149 6.71285 0.0560184 3.91358 6.28576 6.78941 7.13994 13 14 -1 18 -1 23 24 -1 
337 19 3.90122 6.72553 -0.0754216 5.367 7.04413 2.43545 6.40693 13 14 -1 18 -1 23 24 -1 
156 19 2.32538 9.33721 0.0322909 0.912541 8.83333 3.73821 9.84109 13 14 -1 18 -1 23 24 -1 
258 19 5.71156 9.38251 0.03131 7.20747 9.27185 4.21565 9.49317 13 14 -1 18 -1 23 24 -1 
254 19 4.89427 6.08256 0.0939474 3.60446 5.31679 6.18408 6.84832 13 14 -1 18 -1 23 24 -1 
324 20 7.6486 -6.52197 1.52854 6.51995 -5.53397 8.77725 -7.50998 -1 15 16 -1 21 -1 -1 -1 
325 20 7.67025 -8.67356 1.49129 6.63892 -7.58435 8.70158 -9.76276 -1 15 16 -1 21 -1 -1 -1 
343 20 9.16732 -7.23174 1.58283 9.31409 -5.73894 9.02054 -8.72455 -1 15 16 -1 21 -1 -1 -1 
201 20 7.79668 -9.78411 -0.0121466 6.29748 -9.73522 9.29589 -9.833 -1 15 16 -1 21 -1 -1 -1 
222 20 8.17087 -8.23118 -0.0374866 7.45956 -6.91056 8.88218 -9.5518 -1 15 16 -1 21 -1 -1 -1 
186 20 8.71584 -8.54711 0.0781129 7.93376 -7.26713 9.49792 -9.82709 -1 15 16 -1 21 -1 -1 -1 
361 20 6.55507 -7.39271 0.0685141 6.06524 -5.97494 7.0449 -8.81048 -1 15 16 -1 21 -1 -1 -1 
302 20 6.68479 -9.21372 -0.0541769 5.25061 -8.77425 8.11897 -9.65319 -1 15 16 -1 21 -1 -1 -1 
248 20 7.04661 -7.27747 1.55798 6.32217 -5.96401 7.77104 -8.59094 -1 15 16 -1 21 -1 -1 -1 
362 20 7.56967 -6.84737 1.61243 6.5653 -5.73325 8.57403 -7.96148 -1 15 16 -1 21 -1 -1 -1 
285 20 9.80285 -8.27253 -0.043355 9.90817 -9.76883 9.69754 -6.77623 -1 15 16 -1 21 -1 -1 -1 
291 20 9.55073 -6.41546 1.5682 9.52653 -4.91565 9.57492 -7.91526 -1 15 16 -1 21 -1 -1 -1 
341 20 6.24737 -6.73249 -0.0266753 5.70932 -5.33231 6.78541 -8.13267 -1 15 16 -1 21 -1 -1 -1 
342 20 7.25895 -6.00789 -0.0266753 6.12089 -5.03074 8.39701 -6.98503 -1 15 16 -1 21 -1 -1 -1 
307 21 9.24723 -5.62712 1.47786 9.73522 -4.20872 8.75925 -7.04553 15 16 17 20 22 -1 -1 -1 
301 21 6.96504 -5.22204 -0.0896105 5.90617 -4.1596 8.02392 -6.28448 15 16 17 20 22 -1 -1 -1 
346 21 8.50255 -5.11935 1.57554 8.17794 -3.6549 8.82715 -6.58381 15 16 17 20 22 -1 -1 -1 
348 21 9.19053 -2.31884 1.61413 9.02522 -0.827973 9.35583 -3.8097 15 16 17 20 22 -1 -1 -1 
228 21 8.00301 -4.89088 0.08476 7.93745 -3.39231 8.06858 -6.38944 15 16 17 20 22 -1 -1 -1 
289 21 9.15487 -3.46225 1.47494 8.909 -1.98253 9.40074 -4.94196 15 16 17 20 22 -1 -1 -1 
232 21 7.24836 -3.54131 0.0536245 7.5065 -5.01893 6.99023 -2.06369 15 16 17 20 22 -1 -1 -1 
329 21 7.56983 -2.65035 1.50539 6.54943 -1.5509 8.59023 -3.7498 15 16 17 20 22 -1 -1 -1 
288 21 8.6633 -2.34473 1.54623 8.48555 -0.855299 8.84105 -3.83416 15 16 17 20 22 -1 -1 -1 
326 21 6.09988 -2.00142 1.64329 5.62542 -0.578431 6.57434 -3.4244 15 16 17 20 22 -1 -1 -1 
306 21 6.02281 -3.10628 1.66258 4.93935 -2.06893 7.10628 -4.14363 15 16 17 20 22 -1 -1 -1 
322 21 6.59086 -5.91828 0.017917 5.66641 -4.73701 7.51532 -7.09954 15 16 17 20 22 -1 -1 -1 
293 22 9.38361 0.30142 1.6695 9.32484 1.80027 9.44239 -1.19743 16 17 18 21 23 -1 -1 -1 
268 22 6.98125 -1.17976 1.57244 6.25805 0.134386 7.70446 -2.4939 16 17 18 21 23 -1 -1 -1 
281 22 7.63411 0.0107742 0.0213392 7.19406 1.44478 8.07415 -1.42323 16 17 18 21 23 -1 -1 -1 
368 22 8.48465 1.16302 1.67067 7.99248 2.57998 8.97683 -0.253934 16 17 18 21 23 -1 -1 -1 
282 22 7.74095 -1.59364 -0.0810843 6.9064 -0.347232 8.5755 -2.84005 16 17 18 21 23 -1 -1 -1 
352 22 7.76418 0.21023 1.58557 8.38511 -1.15522 7.14325 1.57568 16 17 18 21 23 -1 -1 -1 
290 22 6.84426 1.20411 1.62067 6.69611 2.69678 6.99241 -0.288554 16 17 18 21 23 -1 -1 -1 
374 22 9.66168 0.702054 1.64317 9.52947 2.19622 9.79389 -0.792108 16 17 18 21 23 -1 -1 -1 
274 22 6.81944 0.524529 0.0303916 6.72282 2.02141 6.91606 -0.972356 16 17 18 21 23 -1 -1 -1 
366 22 8.65028 -1.24948 1.59963 8.48582 0.241479 8.81473 -2.74044 16 17 18 21 23 -1 -1 -1 
372 22 8.80396 1.83976 1.51924 8.47856 3.30404 9.12936 0.375478 16 17 18 21 23 -1 -1 -1 
357 22 6.29598 1.88285 1.6088 6.58036 0.410056 6.01159 3.35565 16 17 18 21 23 -1 -1 -1 
350 22 8.13587 1.7704 1.54919 7.79375 3.23086 8.47799 0.309935 16 17 18 21 23 -1 -1 -1 
231 22 6.56143 -1.90405 1.61476 6.05357 -0.492642 7.06929 -3.31546 16 17 18 21 23 -1 -1 -1 
353 22 6.04402 -0.891409 1.56506 5.78339 0.585773 6.30466 -2.36859 16 17 18 21 23 -1 -1 -1 
318 23 7.58428 4.24771 0.0769724 6.37012 3.3669 8.79844 5.12852 17 18 19 22 24 -1 -1 -1 
347 23 8.02752 5.19959 1.50313 6.77628 4.37232 9.27877 6.02687 17 18 19 22 24 -1 -1 -1 
367 23 9.44465 3.54508 1.47839 8.93345 4.95528 9.95584 2.13487 17 18 19 22 24 -1 -1 -1 
269 23 8.37793 2.50668 1.58036 8.20361 3.99652 8.55224 1.01684 17 18 19 22 24 -1 -1 -1 
335 23 9.63643 4.94057 1.56548 9.99562 3.48422 9.27723 6.39693 17 18 19 22 24 -1 -1 -1 
365 23 7.64511 4.57451 1.61639 8.73426 5.60589 6.55596 3.54313 17 18 19 22 24 -1 -1 -1 
311 23 6.29767 2.87091 1.63968 6.05177 4.35062 6.54357 1.39121 17 18 19 22 24 -1 -1 -1 
315 23 8.61824 3.03486 1.52025 8.17679 4.46843 9.05969 1.60129 17 18 19 22 24 -1 -1 -1 
378 23 6.71528 5.44695 1.61999 6.82738 6.94275 6.60318 3.95114 17 18 19 22 24 -1 -1 -1 
298 23 6.07387 5.4458 -0.0538784 6.21623 6.93903 5.9315 3.95257 17 18 19 22 24 -1 -1 -1 
294 23 6.48127 2.51931 1.6695 6.24451 4.0005 6.71803 1.03811 17 18 19 22 24 -1 -1 -1 
296 24 8.66031 7.80391 -0.0642139 7.56142 6.78292 9.7592 8.82491 18 19 -1 23 -1 -1 -1 -1 
358 24 9.76627 6.83541 -0.0262301 9.86243 5.33849 9.67011 8.33232 18 19 -1 23 -1 -1 -1 -1 
276 24 8.56638 8.64982 0.0647429 9.94984 9.2295 7.18291 8.07014 18 19 -1 23 -1 -1 -1 -1 
272 24 9.92693 7.61921 1.63076 9.91539 6.11925 9.93847 9.11916 18 19 -1 23 -1 -1 -1 -1 
375 24 6.0723 9.26363 1.58201 4.58298 9.44234 7.56161 9.08491 18 19 -1 23 -1 -1 -1 -1 
257 24 7.4216 9.66795 -0.0370511 5.92263 9.61228 8.92056 9.72363 18 19 -1 23 -1 -1 -1 -1 
195 24 8.42925 6.77433 -0.0966908 7.63092 5.50442 9.22757 8.04424 18 19 -1 23 -1 -1 -1 -1 
338 24 7.34962 8.83722 0.0623159 8.76252 9.34092 5.93672 8.33352 18 19 -1 23 -1 -1 -1 -1 
356 24 7.9007 6.71192 1.6088 6.81393 5.67804 8.98748 7.7458 18 19 -1 23 -1 -1 -1 -1 
369 24 6.10193 7.46034 1.504 7.59882 7.36383 4.60504 7.55686 18 19 -1 23 -1 -1 -1 -1 
355 24 8.45755 6.04191 1.65228 7.45116 4.92963 9.46395 7.15419 18 19 -1 23 -1 -1 -1 -1 
