21 0 -9.41526 -6.60138 -0.092345 -9.61876 -5.11525 -9.21175 -8.08751 -1 -1 -1 -1 1 -1 5 6 
22 0 -9.51688 -8.14565 1.51221 -9.55974 -9.64504 -9.47402 -6.64627 -1 -1 -1 -1 1 -1 5 6 
41 0 -8.07128 -8.48934 -0.0685787 -6.79266 -7.70503 -9.34989 -9.27365 -1 -1 -1 -1 1 -1 5 6 
62 0 -8.8839 -6.33347 -0.0838541 -9.62363 -5.02856 -8.14417 -7.63838 -1 -1 -1 -1 1 -1 5 6 
63 0 -6.87997 -6.64691 -0.0838541 -5.43478 -6.24511 -8.32515 -7.04872 -1 -1 -1 -1 1 -1 5 6 
61 0 -7.08844 -9.4294 -0.0551714 -5.59476 -9.56705 -8.58211 -9.29176 -1 -1 -1 -1 1 -1 5 6 
101 0 -6.74288 -8.65971 0.0132319 -5.31124 -8.21205 -8.17453 -9.10737 -1 -1 -1 -1 1 -1 5 6 
42 0 -6.39045 -7.49377 -0.0685787 -4.89315 -7.58374 -7.88775 -7.40379 -1 -1 -1 -1 1 -1 5 6 
25 1 -7.20464 -4.56781 1.51782 -8.68785 -4.79159 -5.72143 -4.34402 -1 -1 -1 0 2 5 6 7 
45 1 -7.65272 -2.6756 1.63561 -9.15179 -2.72851 -6.15365 -2.62268 -1 -1 -1 0 2 5 6 7 
46 1 -7.18975 -2.17511 1.51621 -8.64036 -2.55683 -5.73913 -1.79339 -1 -1 -1 0 2 5 6 7 
65 1 -7.40587 -3.54609 1.50376 -8.81808 -4.05173 -5.99366 -3.04046 -1 -1 -1 0 2 5 6 7 
24 1 -7.48917 -3.46483 1.49928 -8.87938 -4.02812 -6.09895 -2.90154 -1 -1 -1 0 2 5 6 7 
86 1 -7.35705 -2.1547 1.65076 -8.81246 -2.51771 -5.90163 -1.79169 -1 -1 -1 0 2 5 6 7 
44 1 -8.2382 -4.2012 1.57057 -9.73361 -4.31836 -6.74278 -4.08403 -1 -1 -1 0 2 5 6 7 
87 1 -7.34839 -2.85889 1.62448 -8.84158 -3.00158 -5.85519 -2.71619 -1 -1 -1 0 2 5 6 7 
23 1 -6.65762 -5.19367 1.50767 -8.13282 -4.92202 -5.18242 -5.46531 -1 -1 -1 0 2 5 6 7 
43 1 -7.83632 -5.18534 1.57954 -9.22631 -4.62149 -6.44633 -5.74919 -1 -1 -1 0 2 5 6 7 
64 1 -6.35467 -5.20083 1.58821 -7.83265 -4.94473 -4.87669 -5.45692 -1 -1 -1 0 2 5 6 7 
124 1 -6.16976 -5.06508 -0.0693766 -4.67507 -5.19113 -7.66446 -4.93904 -1 -1 -1 0 2 5 6 7 
28 1 -6.0901 -2.09421 1.47188 -7.5093 -2.57985 -4.67089 -1.60857 -1 -1 -1 0 2 5 6 7 
30 2 -8.72561 0.156511 1.53668 -9.94438 -0.7179 -7.50683 1.03092 -1 -1 -1 1 3 6 7 8 
49 2 -7.68435 -0.81327 1.53819 -8.99391 -1.54474 -6.37478 -0.0818001 -1 -1 -1 1 3 6 7 8 
70 2 -7.60562 -0.991339 1.57811 -8.97798 -1.59686 -6.23327 -0.385823 -1 -1 -1 1 3 6 7 8 
71 2 -7.28581 1.27625 1.61523 -8.57067 0.502204 -6.00096 2.0503 -1 -1 -1 1 3 6 7 8 
32 2 -8.22587 -0.620463 1.53486 -9.21195 -1.7508 -7.2398 0.509874 -1 -1 -1 1 3 6 7 8 
50 2 -7.27892 -0.505228 1.49607 -8.5922 -1.23 -5.96564 0.219544 -1 -1 -1 1 3 6 7 8 
29 2 -7.53544 -0.261624 1.57246 -8.67701 -1.23466 -6.39386 0.711414 -1 -1 -1 1 3 6 7 8 
127 2 -6.91741 -0.612602 1.60202 -8.26315 -1.27517 -5.57167 0.0499626 -1 -1 -1 1 3 6 7 8 
111 2 -6.24384 -0.137872 1.54961 -7.57761 -0.824206 -4.91007 0.548461 -1 -1 -1 1 3 6 7 8 
26 2 -7.62811 -1.69262 1.57237 -9.07257 -2.09703 -6.18366 -1.28821 -1 -1 -1 1 3 6 7 8 
48 2 -8.33347 -1.70975 1.65033 -9.75627 -2.18479 -6.91068 -1.23471 -1 -1 -1 1 3 6 7 8 
51 2 -9.33199 1.28447 1.51942 -8.72854 2.65774 -9.93543 -0.08879 -1 -1 -1 1 3 6 7 8 
27 2 -6.80954 -1.52129 1.51453 -8.22218 -2.0257 -5.39689 -1.01689 -1 -1 -1 1 3 6 7 8 
52 2 -9.78061 1.77164 1.65249 -9.62058 3.26308 -9.94064 0.280203 -1 -1 -1 1 3 6 7 8 
33 3 -8.2223 2.50713 1.57137 -8.2021 4.007 -8.2425 1.00727 -1 -1 -1 2 4 7 8 9 
53 3 -6.57997 4.81888 1.64356 -7.88578 5.55702 -5.27416 4.08074 -1 -1 -1 2 4 7 8 9 
54 3 -7.46087 3.13801 1.57851 -7.03717 4.57693 -7.88457 1.6991 -1 -1 -1 2 4 7 8 9 
93 3 -7.10686 5.67881 1.57299 -8.30896 6.57601 -5.90477 4.7816 -1 -1 -1 2 4 7 8 9 
56 3 -8.42709 4.53588 1.5693 -9.1484 5.85106 -7.70577 3.22069 -1 -1 -1 2 4 7 8 9 
37 3 -7.51257 5.01606 1.66868 -8.62239 6.02517 -6.40276 4.00694 -1 -1 -1 2 4 7 8 9 
76 3 -6.11939 5.44167 1.66739 -7.37633 6.26026 -4.86244 4.62309 -1 -1 -1 2 4 7 8 9 
109 3 -7.85973 2.25161 1.54238 -7.58749 3.72669 -8.13198 0.776519 -1 -1 -1 2 4 7 8 9 
55 3 -7.14859 5.82342 1.65656 -8.31573 6.76564 -5.98145 4.88119 -1 -1 -1 2 4 7 8 9 
38 4 -7.13461 7.86025 1.66868 -8.40604 8.65614 -5.86317 7.06435 -1 -1 -1 3 -1 8 9 -1 
57 4 -7.93619 8.34794 1.5693 -9.20871 9.1421 -6.66366 7.55378 -1 -1 -1 3 -1 8 9 -1 
58 4 -7.44502 8.62964 -0.0321181 -5.98574 8.28252 -8.90431 8.97676 -1 -1 -1 3 -1 8 9 -1 
77 4 -8.76385 8.64676 0.0753746 -9.92263 9.59924 -7.60506 7.69428 -1 -1 -1 3 -1 8 9 -1 
75 4 -7.29515 7.29829 1.66739 -8.54553 8.12688 -6.04478 6.4697 -1 -1 -1 3 -1 8 9 -1 
36 4 -7.0458 6.35547 1.51514 -8.27842 7.21025 -5.81318 5.50069 -1 -1 -1 3 -1 8 9 -1 
94 4 -7.20088 6.98785 1.49327 -8.52838 7.68623 -5.87338 6.28947 -1 -1 -1 3 -1 8 9 -1 
35 4 -9.42594 6.67183 1.57487 -9.62179 8.15898 -9.23009 5.18467 -1 -1 -1 3 -1 8 9 -1 
92 4 -9.77607 6.16882 1.59747 -9.57506 4.68234 -9.97707 7.65529 -1 -1 -1 3 -1 8 9 -1 
82 5 -4.2464 -8.2119 -0.0667708 -4.5306 -6.73907 -3.9622 -9.68473 -1 0 1 -1 6 -1 10 11 
102 5 -3.30417 -6.45405 -0.0897456 -3.41437 -4.9581 -3.19398 -7.95 -1 0 1 -1 6 -1 10 11 
121 5 -2.43133 -7.5735 0.00172069 -2.09459 -6.11178 -2.76806 -9.03521 -1 0 1 -1 6 -1 10 11 
184 5 -2.76179 -9.06902 0.0666466 -1.54277 -8.19496 -3.98082 -9.94309 -1 0 1 -1 6 -1 10 11 
83 5 -3.0113 -7.48673 -0.0484298 -2.53555 -6.06418 -3.48704 -8.90929 -1 0 1 -1 6 -1 10 11 
81 5 -5.57598 -9.77811 0.0762549 -4.08324 -9.63073 -7.06873 -9.9255 -1 0 1 -1 6 -1 10 11 
123 5 -2.80833 -6.05477 -0.0113081 -2.49655 -4.58753 -3.12012 -7.52201 -1 0 1 -1 6 -1 10 11 
104 5 -3.83936 -6.48518 -0.0464703 -3.92393 -4.98757 -3.7548 -7.9828 -1 0 1 -1 6 -1 10 11 
143 5 -5.85764 -8.30707 0.0057508 -4.39504 -7.97421 -7.32024 -8.63994 -1 0 1 -1 6 -1 10 11 
164 5 -2.10089 -7.07528 0.0663293 -1.95964 -5.58194 -2.24214 -8.56861 -1 0 1 -1 6 -1 10 11 
84 6 -4.75305 -3.55352 -0.0484298 -3.42618 -2.85395 -6.07993 -4.25309 0 1 2 5 7 10 11 12 
105 6 -4.48489 -4.17687 -0.0464703 -3.12832 -3.53679 -5.84147 -4.81695 0 1 2 5 7 10 11 12 
106 6 -5.22477 -3.56133 1.52942 -6.50058 -4.3502 -3.94896 -2.77246 0 1 2 5 7 10 11 12 
126 6 -4.35847 -4.38228 -0.0866852 -2.99531 -3.75633 -5.72162 -5.00823 0 1 2 5 7 10 11 12 
144 6 -2.36611 -4.81192 0.0588998 -2.33778 -3.31219 -2.39444 -6.31166 0 1 2 5 7 10 11 12 
47 6 -5.67193 -3.62456 1.60654 -7.00778 -4.30683 -4.33608 -2.94228 0 1 2 5 7 10 11 12 
103 6 -3.78969 -3.70195 -0.00949416 -2.35692 -3.25789 -5.22245 -4.14601 0 1 2 5 7 10 11 12 
66 6 -5.30133 -2.85405 1.61439 -6.50155 -3.75375 -4.10111 -1.95434 0 1 2 5 7 10 11 12 
108 6 -4.65114 -2.60596 1.57308 -5.80621 -3.56295 -3.49608 -1.64898 0 1 2 5 7 10 11 12 
167 6 -4.83026 -2.26413 -0.00214141 -3.51676 -1.53977 -6.14376 -2.9885 0 1 2 5 7 10 11 12 
68 6 -4.66849 -2.07556 1.59126 -5.94705 -2.85995 -3.38993 -1.29117 0 1 2 5 7 10 11 12 
89 7 -4.26855 -0.116067 1.5963 -5.76599 -0.203594 -2.7711 -0.028541 1 2 3 6 8 11 12 13 
110 7 -3.86681 0.174804 1.47668 -5.35574 -0.0070864 -2.37788 0.356694 1 2 3 6 8 11 12 13 
129 7 -4.36586 -0.858168 1.47294 -5.84857 -1.08527 -2.88315 -0.631066 1 2 3 6 8 11 12 13 
130 7 -5.37798 1.04094 1.60474 -6.87318 1.16074 -3.88277 0.92113 1 2 3 6 8 11 12 13 
131 7 -3.22054 -1.33331 1.51604 -4.13569 -2.52179 -2.30539 -0.144821 1 2 3 6 8 11 12 13 
67 7 -4.73734 -0.426647 1.63243 -6.23358 -0.320491 -3.2411 -0.532803 1 2 3 6 8 11 12 13 
107 7 -4.94285 -1.41805 1.55838 -6.39448 -1.7959 -3.49122 -1.0402 1 2 3 6 8 11 12 13 
88 7 -3.47488 0.579158 1.52721 -4.97307 0.505477 -1.97669 0.652839 1 2 3 6 8 11 12 13 
91 7 -4.456 0.959753 1.57205 -5.95234 1.06445 -2.95966 0.855058 1 2 3 6 8 11 12 13 
90 7 -3.62153 1.73943 1.62689 -4.88651 2.54555 -2.35655 0.933317 1 2 3 6 8 11 12 13 
147 7 -2.64243 -1.11507 -0.0290627 -1.61961 -0.0178707 -3.66525 -2.21226 1 2 3 6 8 11 12 13 
169 7 -3.37672 -1.79122 1.58895 -4.42779 -2.86138 -2.32564 -0.721057 1 2 3 6 8 11 12 13 
85 7 -5.13481 -1.97045 1.60699 -6.49828 -2.5957 -3.77133 -1.3452 1 2 3 6 8 11 12 13 
148 7 -2.11649 -1.98024 1.53451 -2.9422 -3.23253 -1.29079 -0.727958 1 2 3 6 8 11 12 13 
125 7 -2.70133 -1.83977 -0.0866852 -1.69805 -0.724676 -3.7046 -2.95487 1 2 3 6 8 11 12 13 
69 7 -5.99022 -0.959502 1.65286 -7.4675 -1.21963 -4.51295 -0.699379 1 2 3 6 8 11 12 13 
168 7 -2.58014 -1.99656 -0.00214141 -1.67893 -0.79746 -3.48134 -3.19566 1 2 3 6 8 11 12 13 
95 8 -3.94621 4.60004 1.49327 -5.11294 5.54278 -2.77949 3.6573 2 3 4 7 9 12 13 14 
72 8 -3.98001 5.67362 1.58781 -4.72821 6.97369 -3.23181 4.37354 2 3 4 7 9 12 13 14 
213 8 -3.31349 3.23314 0.0189033 -4.2453 4.4086 -2.38167 2.05767 2 3 4 7 9 12 13 14 
149 8 -5.30572 3.56393 1.54739 -6.59479 4.33094 -4.01665 2.79693 2 3 4 7 9 12 13 14 
151 8 -4.87009 2.80194 1.51143 -6.33596 3.12009 -3.40422 2.4838 2 3 4 7 9 12 13 14 
113 8 -5.54163 2.18018 1.61256 -6.95836 2.67301 -4.1249 1.68735 2 3 4 7 9 12 13 14 
153 8 -2.68064 3.01632 0.0944598 -3.54319 4.24352 -1.8181 1.78912 2 3 4 7 9 12 13 14 
137 8 -2.48685 5.31864 0.027191 -2.76559 6.79252 -2.20811 3.84477 2 3 4 7 9 12 13 14 
114 8 -4.00987 5.58381 1.61256 -4.78024 6.87087 -3.2395 4.29675 2 3 4 7 9 12 13 14 
193 8 -2.60162 3.59078 0.0866947 -3.46123 4.82004 -1.74202 2.36152 2 3 4 7 9 12 13 14 
34 8 -5.51904 2.39044 1.53506 -6.85473 3.07303 -4.18335 1.70786 2 3 4 7 9 12 13 14 
74 8 -5.71345 3.33799 1.64626 -7.15358 3.75756 -4.27332 2.91843 2 3 4 7 9 12 13 14 
31 8 -5.77696 3.27362 1.64665 -7.22711 3.65713 -4.32682 2.89012 2 3 4 7 9 12 13 14 
112 8 -4.43441 2.45717 1.63237 -5.90641 2.74568 -2.96242 2.16865 2 3 4 7 9 12 13 14 
212 8 -2.30535 5.13799 0.0451745 -2.50516 6.62462 -2.10554 3.65136 2 3 4 7 9 12 13 14 
115 8 -3.46027 5.7675 0.0241251 -3.93054 7.19188 -2.99 4.34313 2 3 4 7 9 12 13 14 
117 9 -3.33956 8.07599 -0.0258068 -3.97085 9.43668 -2.70828 6.71529 3 4 -1 8 -1 13 14 -1 
118 9 -5.0074 9.76968 -0.0705271 -6.5054 9.84707 -3.5094 9.6923 3 4 -1 8 -1 13 14 -1 
96 9 -3.87666 8.13562 -0.0364301 -4.68965 9.39619 -3.06368 6.87504 3 4 -1 8 -1 13 14 -1 
78 9 -5.1782 8.68069 0.0219834 -6.34719 9.62061 -4.0092 7.74077 3 4 -1 8 -1 13 14 -1 
135 9 -2.14154 7.25991 -0.0784199 -2.14893 8.75989 -2.13415 5.75993 3 4 -1 8 -1 13 14 -1 
155 9 -2.54202 8.08476 0.0708671 -2.56789 9.58454 -2.51616 6.58498 3 4 -1 8 -1 13 14 -1 
158 9 -3.79556 9.61714 0.08265 -5.25361 9.26487 -2.33751 9.96942 3 4 -1 8 -1 13 14 -1 
136 9 -2.88215 7.87731 -0.00985311 -3.12419 9.35766 -2.64011 6.39697 3 4 -1 8 -1 13 14 -1 
97 9 -5.55444 9.16542 0.0814642 -6.84725 9.92611 -4.26163 8.40474 3 4 -1 8 -1 13 14 -1 
134 9 -4.87015 6.83387 -0.033627 -5.04951 8.32311 -4.69078 5.34464 3 4 -1 8 -1 13 14 -1 
98 9 -5.64155 9.90102 0.0357864 -7.13875 9.99278 -4.14436 9.80926 3 4 -1 8 -1 13 14 -1 
116 9 -4.03396 6.8062 0.0688266 -4.6276 8.18373 -3.44032 5.42867 3 4 -1 8 -1 13 14 -1 
173 9 -3.13295 6.15435 0.0946512 -3.77785 7.50864 -2.48805 4.80006 3 4 -1 8 -1 13 14 -1 
161 10 -1.30978 -9.66662 -0.0377534 0.160879 -9.37141 -2.78045 -9.96182 -1 5 6 -1 11 -1 15 16 
162 10 -1.41699 -7.15846 0.045501 -1.90846 -5.74126 -0.925523 -8.57566 -1 5 6 -1 11 -1 15 16 
181 10 1.30665 -8.175 0.0295419 0.480077 -6.92329 2.13323 -9.42671 -1 5 6 -1 11 -1 15 16 
182 10 0.549849 -8.5926 -0.0612134 -0.48055 -7.50251 1.58025 -9.68268 -1 5 6 -1 11 -1 15 16 
202 10 -0.73443 -9.70544 -0.0198541 -2.21319 -9.95697 0.74433 -9.45391 -1 5 6 -1 11 -1 15 16 
141 10 0.459684 -7.55063 -0.0153654 -0.351862 -6.28913 1.27123 -8.81214 -1 5 6 -1 11 -1 15 16 
241 10 0.996252 -8.7785 -0.00257303 -0.147665 -7.80821 2.14017 -9.74878 -1 5 6 -1 11 -1 15 16 
206 10 0.856537 -6.70432 -0.08235 0.367079 -5.28642 1.346 -8.12221 -1 5 6 -1 11 -1 15 16 
145 10 -0.684837 -7.13207 0.00575202 -1.12539 -5.69823 -0.244287 -8.56592 -1 5 6 -1 11 -1 15 16 
163 10 -1.99689 -6.55153 0.000652872 -1.91773 -5.05362 -2.07606 -8.04944 -1 5 6 -1 11 -1 15 16 
146 10 -0.246032 -6.62619 -0.0290627 -0.950534 -5.30192 0.458471 -7.95045 -1 5 6 -1 11 -1 15 16 
221 10 1.18729 -6.60066 -0.0620778 0.531934 -5.2514 1.84265 -7.94992 -1 5 6 -1 11 -1 15 16 
186 10 0.295401 -6.78605 0.0781129 -0.386848 -5.45019 0.97765 -8.12192 -1 5 6 -1 11 -1 15 16 
185 10 1.25798 -6.23846 -0.0540477 0.679874 -4.85434 1.83608 -7.62259 -1 5 6 -1 11 -1 15 16 
244 10 1.72544 -6.14717 0.0983097 1.01557 -4.82578 2.43532 -7.46857 -1 5 6 -1 11 -1 15 16 
242 10 1.50894 -6.19696 -0.00484941 0.975539 -4.795 2.04234 -7.59891 -1 5 6 -1 11 -1 15 16 
201 10 1.84387 -8.45974 -0.0121466 1.03344 -7.19752 2.65431 -9.72196 -1 5 6 -1 11 -1 15 16 
205 10 1.2496 -6.00932 -0.0835163 0.680375 -4.62152 1.81883 -7.39712 -1 5 6 -1 11 -1 15 16 
142 10 -1.90117 -9.28272 -0.0336728 -0.428782 -8.99624 -3.37356 -9.5692 -1 5 6 -1 11 -1 15 16 
187 11 -0.0360794 -3.57195 -0.0401799 -1.00198 -2.42432 0.92982 -4.71957 5 6 7 10 12 15 16 17 
204 11 -0.931441 -5.43191 0.0898347 -1.22447 -3.96081 -0.638414 -6.90301 5 6 7 10 12 15 16 17 
224 11 0.727521 -2.8149 -0.0442809 0.0193855 -1.49258 1.43566 -4.13723 5 6 7 10 12 15 16 17 
226 11 0.543991 -5.49144 -0.0370219 -0.148227 -4.16071 1.23621 -6.82217 5 6 7 10 12 15 16 17 
165 11 -1.30595 -4.25038 -0.0187441 -1.33499 -2.75066 -1.27691 -5.7501 5 6 7 10 12 15 16 17 
166 11 -1.35727 -2.93905 0.0316722 -1.27392 -1.44137 -1.44062 -4.43674 5 6 7 10 12 15 16 17 
227 11 -0.16996 -2.63083 0.08476 -1.06928 -1.43031 0.729357 -3.83134 5 6 7 10 12 15 16 17 
122 11 -1.66293 -3.61133 0.0960758 -1.71614 -2.11227 -1.60972 -5.11039 5 6 7 10 12 15 16 17 
301 11 1.86814 -5.30515 -0.0896105 0.781625 -4.271 2.95465 -6.33931 5 6 7 10 12 15 16 17 
171 11 0.976439 -2.04834 1.62101 2.12033 -3.01866 -0.167452 -1.07802 5 6 7 10 12 15 16 17 
188 11 -1.20913 -2.27528 0.0938717 -1.1318 -0.777277 -1.28646 -3.77329 5 6 7 10 12 15 16 17 
246 11 1.55262 -2.2102 0.0105635 0.686508 -0.985517 2.41872 -3.43489 5 6 7 10 12 15 16 17 
203 11 0.465173 -5.8431 0.0986814 -0.0935537 -4.45104 1.0239 -7.23516 5 6 7 10 12 15 16 17 
183 11 0.183173 -5.62763 0.0928546 -0.273303 -4.19878 0.639649 -7.05649 5 6 7 10 12 15 16 17 
189 11 -1.82955 -4.50387 0.0938717 -1.71622 -3.00816 -1.94288 -5.99958 5 6 7 10 12 15 16 17 
266 11 1.33127 -2.89297 -0.0801331 0.26176 -1.84123 2.40078 -3.94471 5 6 7 10 12 15 16 17 
207 11 -1.83965 -2.42361 0.0828931 -1.43501 -0.979215 -2.24428 -3.868 5 6 7 10 12 15 16 17 
284 11 1.88419 -5.00752 -0.043355 0.85104 -3.92005 2.91734 -6.09499 5 6 7 10 12 15 16 17 
208 11 1.52509 -2.04641 0.0886768 0.619718 -0.850456 2.43046 -3.24236 5 6 7 10 12 15 16 17 
264 11 1.48774 -5.98129 0.00277262 0.914555 -4.59513 2.06093 -7.36746 5 6 7 10 12 15 16 17 
190 12 0.264581 1.12994 0.0938717 -0.33064 2.50679 0.859802 -0.246907 6 7 8 11 13 16 17 18 
211 12 0.0780063 0.155223 0.0146525 -0.848533 1.33485 1.00455 -1.02441 6 7 8 11 13 16 17 18 
229 12 1.13141 -1.17182 1.56342 1.88989 -2.46592 0.37292 0.122287 6 7 8 11 13 16 17 18 
210 12 -0.351472 -1.2179 0.0886768 -0.840735 0.200065 0.137791 -2.63586 6 7 8 11 13 16 17 18 
152 12 1.16463 0.122126 1.51143 0.229825 1.29521 2.09944 -1.05096 6 7 8 11 13 16 17 18 
133 12 -1.05192 0.631467 1.59233 -1.83957 1.90803 -0.264271 -0.645095 6 7 8 11 13 16 17 18 
230 12 1.16978 -0.641523 1.61476 0.114157 0.424151 2.2254 -1.7072 6 7 8 11 13 16 17 18 
170 12 -1.53673 0.52991 1.62101 -2.24174 1.8539 -0.831708 -0.794081 6 7 8 11 13 16 17 18 
249 12 1.63077 0.109334 1.49744 0.756607 1.32828 2.50494 -1.10961 6 7 8 11 13 16 17 18 
251 12 1.66352 1.15397 1.54105 0.58518 2.19665 2.74186 0.111285 6 7 8 11 13 16 17 18 
132 12 -1.89813 1.61439 1.59233 -2.74321 2.85368 -1.05306 0.3751 6 7 8 11 13 16 17 18 
150 12 -0.66975 1.42349 1.5108 -1.52093 2.65859 0.181431 0.188378 6 7 8 11 13 16 17 18 
194 12 1.51386 0.7739 0.0518072 0.338889 1.70634 2.68883 -0.158542 6 7 8 11 13 16 17 18 
192 12 1.8128 0.391819 0.060257 0.708612 1.40709 2.91699 -0.62345 6 7 8 11 13 16 17 18 
128 12 -1.88941 0.689164 1.5358 -2.53839 2.0415 -1.24043 -0.663176 6 7 8 11 13 16 17 18 
252 12 1.71705 1.47967 1.54105 0.560698 2.4351 2.87341 0.52424 6 7 8 11 13 16 17 18 
209 12 -1.26531 1.97092 0.0886768 -1.79189 3.37545 -0.738731 0.566382 6 7 8 11 13 16 17 18 
172 13 -0.0416786 2.64602 0.080962 -1.02781 3.77631 0.944449 1.51573 7 8 9 12 14 17 18 19 
195 13 -0.137375 5.23989 -0.0966908 -0.360793 6.72316 0.0860431 3.75662 7 8 9 12 14 17 18 19 
215 13 -1.26789 5.11184 -0.0463609 -1.3931 6.60661 -1.14268 3.61708 7 8 9 12 14 17 18 19 
196 13 0.203363 2.49682 -0.0214127 -0.727665 3.67291 1.13439 1.32073 7 8 9 12 14 17 18 19 
156 13 -1.059 5.46457 0.0322909 -1.2197 6.95594 -0.898298 3.97321 7 8 9 12 14 17 18 19 
253 13 -0.511229 5.04513 -0.0652644 -0.557874 6.5444 -0.464584 3.54585 7 8 9 12 14 17 18 19 
233 13 0.715724 5.65104 0.0984411 0.466428 7.13018 0.965019 4.17191 7 8 9 12 14 17 18 19 
174 13 -1.61087 5.27993 -0.0158582 -1.73885 6.77446 -1.48288 3.7854 7 8 9 12 14 17 18 19 
273 13 1.18934 4.36152 1.63076 0.0443244 3.39253 2.33435 5.33051 7 8 9 12 14 17 18 19 
138 13 -1.48339 5.83899 -0.00256941 -1.45151 7.33865 -1.51526 4.33932 7 8 9 12 14 17 18 19 
254 13 1.46254 3.99466 0.0939474 2.46963 5.10631 0.45546 2.883 7 8 9 12 14 17 18 19 
191 13 0.306503 2.50061 -0.0803081 -0.606809 3.69051 1.21981 1.31071 7 8 9 12 14 17 18 19 
232 13 1.70954 2.06866 0.0536245 0.362093 2.72774 3.05698 1.40958 7 8 9 12 14 17 18 19 
154 13 -1.81401 5.64919 -0.0763312 -1.93815 7.14405 -1.68986 4.15434 7 8 9 12 14 17 18 19 
73 13 -1.32876 2.11173 1.49962 -1.84602 3.51972 -0.811495 0.703742 7 8 9 12 14 17 18 19 
197 14 -1.61012 8.48655 -0.0313854 -1.67775 9.98503 -1.54248 6.98808 8 9 -1 13 -1 18 19 -1 
217 14 -0.85022 7.65114 0.0193853 -0.803169 9.1504 -0.897271 6.15188 8 9 -1 13 -1 18 19 -1 
218 14 -0.503915 7.38524 0.0219677 -0.476103 8.88498 -0.531727 5.88549 8 9 -1 13 -1 18 19 -1 
236 14 -0.198898 7.34362 0.0754502 -0.324075 8.83839 -0.0737215 5.84885 8 9 -1 13 -1 18 19 -1 
178 14 -1.74136 8.08558 0.0681749 -1.83546 9.58263 -1.64727 6.58854 8 9 -1 13 -1 18 19 -1 
176 14 -0.410473 8.49577 0.0439749 -0.536804 9.99045 -0.284143 7.0011 8 9 -1 13 -1 18 19 -1 
235 14 0.000491409 7.11325 -0.0355828 -0.122349 8.60821 0.123332 5.61829 8 9 -1 13 -1 18 19 -1 
234 14 -0.654782 7.29603 0.0738822 -0.572972 8.7938 -0.736591 5.79826 8 9 -1 13 -1 18 19 -1 
175 14 -0.792994 7.12211 0.0185602 -0.758617 8.62172 -0.827372 5.62251 8 9 -1 13 -1 18 19 -1 
177 14 -1.27131 6.37598 0.0410186 -1.36444 7.87309 -1.17819 4.87888 8 9 -1 13 -1 18 19 -1 
237 14 0.254914 6.74674 0.0560184 0.169927 8.24433 0.339902 5.24915 8 9 -1 13 -1 18 19 -1 
214 14 0.564693 6.67847 -0.0575552 0.253148 8.14576 0.876238 5.21118 8 9 -1 13 -1 18 19 -1 
255 14 0.981799 8.12177 -0.00311797 0.0285872 9.27995 1.93501 6.96358 8 9 -1 13 -1 18 19 -1 
238 14 1.06821 6.84673 -0.0677189 0.412818 8.19597 1.7236 5.49748 8 9 -1 13 -1 18 19 -1 
216 14 0.805858 6.38973 -0.00681139 0.479347 7.85376 1.13237 4.9257 8 9 -1 13 -1 18 19 -1 
198 14 -1.81379 6.33426 -0.0460039 -1.96185 7.82694 -1.66572 4.84159 8 9 -1 13 -1 18 19 -1 
157 14 -1.8836 7.68983 0.0924511 -2.1848 9.15928 -1.58239 6.22038 8 9 -1 13 -1 18 19 -1 
302 15 4.53017 -9.58023 -0.0541769 3.08838 -9.16642 5.97197 -9.99403 -1 10 11 -1 16 -1 20 21 
243 15 4.48897 -8.49458 -0.00534277 3.02274 -8.1781 5.9552 -8.81106 -1 10 11 -1 16 -1 20 21 
222 15 2.45145 -6.90508 -0.0374866 1.92205 -5.50161 2.98086 -8.30855 -1 10 11 -1 16 -1 20 21 
225 15 2.5554 -8.07662 -0.0243093 1.95225 -6.70322 3.15854 -9.45001 -1 10 11 -1 16 -1 20 21 
285 15 4.43868 -8.58118 -0.043355 5.88188 -8.99005 2.99548 -8.1723 -1 10 11 -1 16 -1 20 21 
223 15 2.50134 -7.59438 -0.0611452 1.92492 -6.20955 3.07776 -8.9792 -1 10 11 -1 16 -1 20 21 
228 15 3.24312 -6.7623 0.08476 2.19023 -5.69392 4.296 -7.83067 -1 10 11 -1 16 -1 20 21 
324 15 5.64661 -7.03959 1.52854 4.46986 -6.10939 6.82335 -7.9698 -1 10 11 -1 16 -1 20 21 
262 15 5.47873 -8.15954 -0.0512347 4.00715 -7.86894 6.95031 -8.45013 -1 10 11 -1 16 -1 20 21 
261 15 2.05035 -7.91713 0.0248666 1.46898 -6.53437 2.63171 -9.29988 -1 10 11 -1 16 -1 20 21 
245 16 5.73171 -4.49391 -0.0212704 4.93352 -3.22391 6.52989 -5.76391 10 11 12 15 17 20 21 22 
286 16 4.77833 -3.83418 1.62525 3.64308 -2.85376 5.91358 -4.81459 10 11 12 15 17 20 21 22 
283 16 3.48739 -3.86845 0.0836279 2.08436 -3.33788 4.89042 -4.39901 10 11 12 15 17 20 21 22 
282 16 2.44619 -5.24704 -0.0810843 1.61976 -3.99523 3.27262 -6.49884 10 11 12 15 17 20 21 22 
323 16 4.69769 -3.01426 0.017917 3.95564 -1.71066 5.43974 -4.31785 10 11 12 15 17 20 21 22 
267 16 5.5155 -2.99693 1.47404 4.50787 -1.88577 6.52313 -4.10809 10 11 12 15 17 20 21 22 
325 16 5.89529 -3.06841 1.49129 4.90712 -1.93991 6.88346 -4.19692 10 11 12 15 17 20 21 22 
265 16 3.68422 -2.84467 -0.0801331 2.52318 -1.89494 4.84526 -3.79441 10 11 12 15 17 20 21 22 
248 16 2.38787 -4.03345 1.55798 1.20052 -3.11683 3.57522 -4.95007 10 11 12 15 17 20 21 22 
247 16 2.21648 -4.56558 0.0105635 1.32046 -3.36261 3.1125 -5.76855 10 11 12 15 17 20 21 22 
304 16 3.10951 -5.89563 0.0786674 2.21571 -4.69101 4.00331 -7.10025 10 11 12 15 17 20 21 22 
263 16 3.88948 -5.85981 0.0564466 3.47728 -4.41756 4.30168 -7.30207 10 11 12 15 17 20 21 22 
268 17 4.74607 0.410752 1.57244 3.69743 1.4833 5.79471 -0.661794 11 12 13 16 18 21 22 23 
289 17 4.48532 -0.450039 1.47494 3.44037 0.626109 5.53026 -1.52619 11 12 13 16 18 21 22 23 
330 17 3.68611 0.289673 1.4827 2.69687 1.41724 4.67535 -0.837894 11 12 13 16 18 21 22 23 
291 17 3.70057 -1.19179 1.5682 2.81974 0.0223548 4.5814 -2.40593 11 12 13 16 18 21 22 23 
308 17 4.28072 -1.75967 1.55792 3.33017 -0.599305 5.23127 -2.92004 11 12 13 16 18 21 22 23 
307 17 5.40442 -0.897762 1.47786 4.21383 0.0146536 6.59501 -1.81018 11 12 13 16 18 21 22 23 
231 17 2.57979 -0.850149 1.61476 1.71538 0.375735 3.44421 -2.07603 11 12 13 16 18 21 22 23 
333 17 5.63519 1.33246 1.58287 4.14277 1.18187 7.12762 1.48304 11 12 13 16 18 21 22 23 
311 17 4.14669 1.80982 1.63968 2.68168 2.13191 5.6117 1.48772 11 12 13 16 18 21 22 23 
250 17 5.57197 -1.69227 1.58442 4.38247 -0.778432 6.76146 -2.60611 11 12 13 16 18 21 22 23 
270 17 3.26605 -1.14488 1.62258 2.52225 0.157718 4.00985 -2.44748 11 12 13 16 18 21 22 23 
328 17 3.03563 -1.95083 1.57454 1.92372 -0.944025 4.14754 -2.95764 11 12 13 16 18 21 22 23 
326 17 4.53457 -1.81113 1.64329 3.46565 -0.758794 5.60349 -2.86347 11 12 13 16 18 21 22 23 
269 17 2.09985 1.07301 1.58036 0.955797 2.04313 3.24391 0.102887 11 12 13 16 18 21 22 23 
305 17 2.84038 -1.98014 1.52065 1.73999 -0.960756 3.94077 -2.99952 11 12 13 16 18 21 22 23 
294 18 2.82372 5.57409 1.6695 1.80416 4.47386 3.84328 6.67432 12 13 14 17 19 22 23 24 
314 18 4.3425 4.55345 1.52025 3.42424 3.36736 5.26075 5.73953 12 13 14 17 19 22 23 24 
354 18 2.96446 3.16376 1.65873 1.47148 3.30872 4.45744 3.0188 12 13 14 17 19 22 23 24 
312 18 3.79154 2.50234 1.55215 2.29327 2.43031 5.28981 2.57437 12 13 14 17 19 22 23 24 
290 18 2.33978 2.95394 1.62067 0.880622 3.30157 3.79895 2.60631 12 13 14 17 19 22 23 24 
334 18 4.92114 4.88319 1.49321 4.06696 3.65016 5.77533 6.11622 12 13 14 17 19 22 23 24 
293 18 4.41917 5.37254 1.6695 3.21396 4.47952 5.62438 6.26555 12 13 14 17 19 22 23 24 
272 18 2.87619 2.57177 1.63076 1.37622 2.56187 4.37616 2.58166 12 13 14 17 19 22 23 24 
313 18 5.51994 5.73213 1.66995 4.66611 4.49885 6.37377 6.96541 12 13 14 17 19 22 23 24 
256 18 3.48191 5.4198 0.024088 4.60175 6.41778 2.36206 4.42183 12 13 14 17 19 22 23 24 
316 18 4.03132 5.23933 -0.0655887 5.21815 6.15662 2.84448 4.32204 12 13 14 17 19 22 23 24 
310 18 4.47549 2.35255 1.66042 2.97632 2.40237 5.97466 2.30273 12 13 14 17 19 22 23 24 
277 18 2.37084 5.99855 -0.0597183 3.40602 7.08409 1.33566 4.91301 12 13 14 17 19 22 23 24 
315 18 5.76369 5.07392 1.52025 4.94302 3.81833 6.58435 6.32951 12 13 14 17 19 22 23 24 
292 18 4.51972 2.05481 1.52951 3.05616 2.38345 5.98328 1.72618 12 13 14 17 19 22 23 24 
275 18 2.98604 5.99564 -0.0896766 3.89748 7.18698 2.07461 4.8043 12 13 14 17 19 22 23 24 
278 19 2.17156 9.0522 -0.0548573 3.65078 8.80338 0.692343 9.30103 13 14 -1 18 -1 23 24 -1 
296 19 4.72838 8.03865 -0.0642139 6.17156 7.62973 3.28519 8.44756 13 14 -1 18 -1 23 24 -1 
298 19 4.2917 8.86484 -0.0538784 5.78591 8.73321 2.79749 8.99647 13 14 -1 18 -1 23 24 -1 
317 19 3.01871 8.21829 0.0721344 4.45331 7.78019 1.58412 8.65639 13 14 -1 18 -1 23 24 -1 
258 19 4.17997 9.16761 0.03131 5.66953 8.9909 2.69042 9.34432 13 14 -1 18 -1 23 24 -1 
274 19 5.65705 6.17193 0.0303916 6.59026 7.34629 4.72384 4.99757 13 14 -1 18 -1 23 24 -1 
378 19 5.89713 8.53898 1.61999 4.41407 8.31416 7.38019 8.76379 13 14 -1 18 -1 23 24 -1 
295 19 4.61363 6.68163 -0.0909834 5.78754 7.61541 3.43973 5.74785 13 14 -1 18 -1 23 24 -1 
297 19 3.12824 9.45811 0.0840942 4.60939 9.6952 1.6471 9.22101 13 14 -1 18 -1 23 24 -1 
257 19 2.68471 7.20029 -0.0370511 4.07355 7.76696 1.29587 6.63362 13 14 -1 18 -1 23 24 -1 
276 19 2.54664 6.03871 0.0647429 3.59837 7.10823 1.49492 4.96918 13 14 -1 18 -1 23 24 -1 
321 20 8.05124 -9.79148 0.00346954 6.55638 -9.91552 9.5461 -9.66743 -1 15 16 -1 21 -1 -1 -1 
341 20 7.74692 -8.87474 -0.0266753 6.2798 -8.56238 9.21404 -9.1871 -1 15 16 -1 21 -1 -1 -1 
343 20 8.65591 -8.04045 1.58283 7.61035 -6.9649 9.70148 -9.11599 -1 15 16 -1 21 -1 -1 -1 
361 20 8.54595 -7.00022 0.0685141 8.03592 -5.5896 9.05599 -8.41085 -1 15 16 -1 21 -1 -1 -1 
281 20 6.85398 -6.56812 0.0213392 5.3937 -6.2252 8.31426 -6.91104 -1 15 16 -1 21 -1 -1 -1 
364 20 9.5441 -6.13333 1.6272 9.40948 -4.63938 9.67872 -7.62727 -1 15 16 -1 21 -1 -1 -1 
322 20 6.05787 -9.23178 0.017917 4.56733 -9.40004 7.5484 -9.06351 -1 15 16 -1 21 -1 -1 -1 
362 20 9.80834 -7.1861 1.61243 9.99304 -5.69752 9.62363 -8.67468 -1 15 16 -1 21 -1 -1 -1 
365 21 9.90414 -4.13442 1.61639 9.82029 -2.63677 9.98799 -5.63208 15 16 17 20 22 -1 -1 -1 
366 21 9.02103 -3.24648 1.59963 9.45852 -1.8117 8.58354 -4.68126 15 16 17 20 22 -1 -1 -1 
306 21 8.46157 -2.93452 1.66258 8.95092 -1.51658 7.97222 -4.35245 15 16 17 20 22 -1 -1 -1 
327 21 8.80037 -5.12075 1.48248 8.99232 -3.63308 8.60842 -6.60841 15 16 17 20 22 -1 -1 -1 
367 21 9.04426 -4.23357 1.47839 9.22724 -2.74477 8.86128 -5.72237 15 16 17 20 22 -1 -1 -1 
345 21 6.80323 -3.91042 1.54214 6.05587 -2.60986 7.55058 -5.21098 15 16 17 20 22 -1 -1 -1 
344 21 6.44119 -4.76066 1.5878 5.68791 -3.46353 7.19448 -6.0578 15 16 17 20 22 -1 -1 -1 
346 21 9.38594 -4.53787 1.57554 9.50204 -3.04237 9.26984 -6.03337 15 16 17 20 22 -1 -1 -1 
342 21 9.70876 -4.79118 -0.0266753 9.53567 -3.3012 9.88185 -6.28116 15 16 17 20 22 -1 -1 -1 
363 21 7.69613 -5.20531 1.63109 7.08905 -3.83365 8.30321 -6.57697 15 16 17 20 22 -1 -1 -1 
303 21 6.103 -3.97475 0.0786674 5.21967 -2.76243 6.98633 -5.18707 15 16 17 20 22 -1 -1 -1 
288 21 6.6048 -2.42844 1.54623 5.59123 -1.3227 7.61837 -3.53419 15 16 17 20 22 -1 -1 -1 
349 22 7.76582 -0.727004 1.62199 7.92857 0.76414 7.60307 -2.21815 16 17 18 21 23 -1 -1 -1 
350 22 8.56846 -0.539102 1.54919 8.83644 0.936765 8.30047 -2.01497 16 17 18 21 23 -1 -1 -1 
351 22 8.3045 1.22482 1.5717 6.89007 0.72543 9.71893 1.72422 16 17 18 21 23 -1 -1 -1 
368 22 9.25922 -0.15316 1.67067 9.18886 1.34519 9.32958 -1.65151 16 17 18 21 23 -1 -1 -1 
271 22 6.59858 -0.704391 1.61511 5.74278 0.527521 7.45438 -1.9363 16 17 18 21 23 -1 -1 -1 
287 22 6.39464 -1.25135 1.57435 5.63 0.0391179 7.15929 -2.54183 16 17 18 21 23 -1 -1 -1 
348 22 9.58065 -1.49721 1.61413 9.92724 -0.0378015 9.23406 -2.95662 16 17 18 21 23 -1 -1 -1 
329 22 9.08518 -0.593302 1.50539 9.1973 0.902502 8.97306 -2.08911 16 17 18 21 23 -1 -1 -1 
347 22 6.52893 -1.13292 1.50313 5.91142 0.23407 7.14645 -2.49992 16 17 18 21 23 -1 -1 -1 
309 22 6.24866 0.664457 1.64993 4.75681 0.820643 7.7405 0.508271 16 17 18 21 23 -1 -1 -1 
369 22 8.0271 1.35188 1.504 6.68609 0.679811 9.36812 2.02395 16 17 18 21 23 -1 -1 -1 
332 23 7.73298 3.6678 1.47638 6.45775 4.45761 9.00821 2.87799 17 18 19 22 24 -1 -1 -1 
352 23 7.07505 2.92999 1.58557 8.575 2.94253 5.5751 2.91745 17 18 19 22 24 -1 -1 -1 
376 23 8.07061 3.85841 1.61539 9.35463 3.08298 6.78659 4.63384 17 18 19 22 24 -1 -1 -1 
331 23 7.82288 4.47519 1.61035 6.47175 5.12669 9.17401 3.82368 17 18 19 22 24 -1 -1 -1 
374 23 8.52157 3.40951 1.64317 9.75912 2.5619 7.28401 4.25713 17 18 19 22 24 -1 -1 -1 
370 23 7.93242 2.34087 1.62503 6.44257 2.16664 9.42227 2.51509 17 18 19 22 24 -1 -1 -1 
335 23 6.42238 5.28973 1.56548 6.15823 3.81317 6.68653 6.76629 17 18 19 22 24 -1 -1 -1 
353 23 6.50031 2.21738 1.56506 5.01883 1.9824 7.98179 2.45236 17 18 19 22 24 -1 -1 -1 
371 23 8.47007 2.34706 1.55579 6.98203 2.15795 9.9581 2.53617 17 18 19 22 24 -1 -1 -1 
372 23 7.56509 2.06018 1.51924 6.10619 1.71142 9.02398 2.40895 17 18 19 22 24 -1 -1 -1 
358 24 7.31888 7.0897 -0.0262301 7.32533 5.58972 7.31243 8.58969 18 19 -1 23 -1 -1 -1 -1 
377 24 9.17416 6.71754 1.61999 9.5459 5.26433 8.80242 8.17075 18 19 -1 23 -1 -1 -1 -1 
356 24 9.52989 7.55161 1.6088 9.51707 6.05167 9.54271 9.05156 18 19 -1 23 -1 -1 -1 -1 
337 24 8.23946 9.77992 -0.0754216 6.73993 9.81739 9.739 9.74245 18 19 -1 23 -1 -1 -1 -1 
357 24 9.00566 6.61663 1.6088 9.53213 5.21206 8.47919 8.02121 18 19 -1 23 -1 -1 -1 -1 
355 24 7.02149 6.79237 1.65228 7.01415 5.29238 7.02882 8.29235 18 19 -1 23 -1 -1 -1 -1 
373 24 8.4456 8.23531 1.55408 9.01218 6.84643 7.87901 9.62418 18 19 -1 23 -1 -1 -1 -1 
338 24 6.42705 9.40563 0.0623159 7.92675 9.4355 4.92734 9.37576 18 19 -1 23 -1 -1 -1 -1 
375 24 8.51864 6.63849 1.58201 9.34031 5.38355 7.69697 7.89342 18 19 -1 23 -1 -1 -1 -1 
336 24 6.7452 6.93831 1.56548 6.48745 5.46062 7.00295 8.416 18 19 -1 23 -1 -1 -1 -1 
318 24 6.00131 9.63064 0.0769724 7.50072 9.67292 4.50191 9.58835 18 19 -1 23 -1 -1 -1 -1 
