21 0 -8.72201 -8.15368 -0.092345 -8.22436 -6.73864 -9.21965 -9.56873 -1 -1 -1 -1 1 -1 5 6 
102 0 -8.59494 -8.50111 -0.0897456 -8.04843 -7.10421 -9.14146 -9.89801 -1 -1 -1 -1 1 -1 5 6 
44 0 -6.38605 -7.3251 1.57057 -7.50987 -8.3186 -5.26224 -6.33161 -1 -1 -1 -1 1 -1 5 6 
84 0 -9.55652 -7.02974 -0.0484298 -9.25283 -5.5608 -9.86021 -8.49867 -1 -1 -1 -1 1 -1 5 6 
204 0 -7.90495 -8.3836 0.0898347 -8.18335 -9.85753 -7.62655 -6.90966 -1 -1 -1 -1 1 -1 5 6 
143 0 -9.07244 -6.93693 0.0057508 -8.72292 -5.47821 -9.42195 -8.39564 -1 -1 -1 -1 1 -1 5 6 
126 0 -7.06202 -6.4132 -0.0866852 -7.07187 -4.91323 -7.05218 -7.91317 -1 -1 -1 -1 1 -1 5 6 
104 0 -8.2503 -7.42736 -0.0464703 -7.60822 -6.07173 -8.89239 -8.78298 -1 -1 -1 -1 1 -1 5 6 
25 1 -8.4713 -3.85919 1.51782 -9.29686 -5.11157 -7.64574 -2.60681 -1 -1 -1 0 2 5 6 7 
28 1 -8.8107 -2.14316 1.47188 -9.16192 -3.60146 -8.45948 -0.684857 -1 -1 -1 0 2 5 6 7 
69 1 -7.3677 -2.07449 1.65286 -7.62723 -3.55186 -7.10817 -0.597109 -1 -1 -1 0 2 5 6 7 
103 1 -6.34341 -2.82085 -0.00949416 -5.62101 -1.50627 -7.06581 -4.13544 -1 -1 -1 0 2 5 6 7 
46 1 -8.67305 -2.8307 1.51621 -8.95264 -4.30441 -8.39347 -1.35699 -1 -1 -1 0 2 5 6 7 
89 1 -7.60755 -2.33286 1.5963 -7.78647 -3.82215 -7.42863 -0.843571 -1 -1 -1 0 2 5 6 7 
22 1 -7.89851 -5.78104 1.51221 -8.53332 -7.14009 -7.2637 -4.42199 -1 -1 -1 0 2 5 6 7 
32 1 -7.03051 -2.7066 1.53486 -7.27806 -4.18604 -6.78297 -1.22717 -1 -1 -1 0 2 5 6 7 
124 1 -8.21235 -5.38349 -0.0693766 -8.00159 -3.89837 -8.42311 -6.86861 -1 -1 -1 0 2 5 6 7 
92 2 -9.58505 1.54539 1.59747 -9.65203 0.0468842 -9.51807 3.04389 -1 -1 -1 1 3 6 7 8 
30 2 -9.06972 -0.710135 1.53668 -9.67128 -2.08423 -8.46816 0.663956 -1 -1 -1 1 3 6 7 8 
49 2 -8.45657 -1.32487 1.53819 -8.92522 -2.74979 -7.98792 0.100036 -1 -1 -1 1 3 6 7 8 
110 2 -7.90652 0.439522 1.47668 -7.18549 -0.875817 -8.62755 1.75486 -1 -1 -1 1 3 6 7 8 
27 2 -6.70034 0.819756 1.51453 -7.0316 -0.643207 -6.36907 2.28272 -1 -1 -1 1 3 6 7 8 
45 2 -9.58608 0.416292 1.63561 -9.51515 1.91461 -9.65701 -1.08203 -1 -1 -1 1 3 6 7 8 
37 2 -6.95879 1.92329 1.66868 -7.28798 0.459855 -6.6296 3.38672 -1 -1 -1 1 3 6 7 8 
109 2 -9.5605 -1.30423 1.54238 -9.32079 0.17649 -9.80021 -2.78495 -1 -1 -1 1 3 6 7 8 
108 2 -6.41919 -1.10011 1.57308 -6.93223 -2.50964 -5.90614 0.309424 -1 -1 -1 1 3 6 7 8 
26 2 -6.51907 0.219336 1.57237 -6.5722 -1.27972 -6.46595 1.7184 -1 -1 -1 1 3 6 7 8 
65 2 -6.88469 -1.2285 1.50376 -7.22801 -2.68868 -6.54137 0.231682 -1 -1 -1 1 3 6 7 8 
24 2 -8.5886 -0.786264 1.49928 -8.98771 -2.23219 -8.18948 0.659664 -1 -1 -1 1 3 6 7 8 
169 2 -6.40398 -1.54677 1.58895 -6.9734 -2.93448 -5.83456 -0.159049 -1 -1 -1 1 3 6 7 8 
56 3 -8.01791 5.32199 1.5693 -8.4754 6.75052 -7.56042 3.89346 -1 -1 -1 2 4 7 8 9 
52 3 -8.79226 4.80432 1.65249 -9.34571 6.19848 -8.2388 3.41016 -1 -1 -1 2 4 7 8 9 
51 3 -7.29171 4.8422 1.51942 -7.06615 3.35926 -7.51727 6.32515 -1 -1 -1 2 4 7 8 9 
35 3 -8.6465 2.94989 1.57487 -9.09211 4.38217 -8.20089 1.51761 -1 -1 -1 2 4 7 8 9 
38 3 -7.46089 3.61525 1.66868 -7.8662 5.05945 -7.05559 2.17104 -1 -1 -1 2 4 7 8 9 
29 3 -9.12932 4.49719 1.57246 -8.70248 3.0592 -9.55615 5.93518 -1 -1 -1 2 4 7 8 9 
86 3 -8.23436 3.16602 1.65076 -7.60412 1.80484 -8.86459 4.5272 -1 -1 -1 2 4 7 8 9 
33 3 -6.86616 5.20141 1.57137 -6.932 6.69996 -6.80032 3.70285 -1 -1 -1 2 4 7 8 9 
93 3 -8.29999 5.29086 1.57299 -8.76958 6.71546 -7.83039 3.86626 -1 -1 -1 2 4 7 8 9 
128 3 -7.7939 3.63383 1.5358 -7.22449 2.24611 -8.36331 5.02155 -1 -1 -1 2 4 7 8 9 
151 3 -8.6384 2.85477 1.51143 -9.06674 4.29231 -8.21006 1.41723 -1 -1 -1 2 4 7 8 9 
130 3 -9.25872 2.0817 1.60474 -9.49784 0.600883 -9.0196 3.56252 -1 -1 -1 2 4 7 8 9 
88 3 -6.02693 2.66055 1.52721 -6.0719 1.16122 -5.98196 4.15987 -1 -1 -1 2 4 7 8 9 
155 3 -6.54293 5.73483 0.0708671 -6.68011 7.22854 -6.40575 4.24112 -1 -1 -1 2 4 7 8 9 
58 4 -8.87224 7.7269 -0.0321181 -8.27679 6.35016 -9.4677 9.10365 -1 -1 -1 3 -1 8 9 -1 
77 4 -7.20404 9.92453 0.0753746 -8.70305 9.97908 -5.70504 9.86998 -1 -1 -1 3 -1 8 9 -1 
36 4 -8.17907 7.3422 1.51514 -9.14086 8.49327 -7.21728 6.19113 -1 -1 -1 3 -1 8 9 -1 
98 4 -8.40749 8.14426 0.0357864 -9.09954 9.47507 -7.71543 6.81345 -1 -1 -1 3 -1 8 9 -1 
94 4 -9.38066 7.63514 1.49327 -9.48097 9.13178 -9.28034 6.1385 -1 -1 -1 3 -1 8 9 -1 
158 4 -7.4813 9.58918 0.08265 -8.97839 9.68261 -5.98422 9.49575 -1 -1 -1 3 -1 8 9 -1 
96 4 -7.47589 8.87368 -0.0364301 -8.93705 9.21279 -6.01472 8.53456 -1 -1 -1 3 -1 8 9 -1 
75 4 -8.76232 6.0962 1.66739 -9.05878 7.56661 -8.46586 4.62579 -1 -1 -1 3 -1 8 9 -1 
53 4 -6.8725 8.22505 1.64356 -8.36144 8.40689 -5.38357 8.04321 -1 -1 -1 3 -1 8 9 -1 
57 4 -9.80068 6.92473 1.5693 -9.6864 8.42037 -9.91496 5.42909 -1 -1 -1 3 -1 8 9 -1 
31 4 -6.4125 6.3389 1.64665 -6.53363 7.834 -6.29137 4.8438 -1 -1 -1 3 -1 8 9 -1 
83 5 -2.80682 -7.73885 -0.0484298 -1.45373 -7.09145 -4.15992 -8.38626 -1 0 1 -1 6 -1 10 11 
202 5 -3.0605 -8.59732 -0.0198541 -4.49804 -9.02567 -1.62296 -8.16897 -1 0 1 -1 6 -1 10 11 
61 5 -3.19563 -6.69688 -0.0551714 -1.87473 -5.98608 -4.51652 -7.40768 -1 0 1 -1 6 -1 10 11 
163 5 -2.60926 -9.72747 0.000652872 -4.1091 -9.70586 -1.10941 -9.74908 -1 0 1 -1 6 -1 10 11 
81 5 -3.04068 -9.29401 0.0762549 -1.54705 -9.43215 -4.5343 -9.15586 -1 0 1 -1 6 -1 10 11 
23 5 -3.58643 -9.12402 1.50767 -2.08849 -9.2027 -5.08437 -9.04535 -1 0 1 -1 6 -1 10 11 
207 5 -3.52494 -7.20779 0.0828931 -2.31396 -6.32261 -4.73591 -8.09297 -1 0 1 -1 6 -1 10 11 
142 5 -3.61652 -9.68099 -0.0336728 -2.1177 -9.62133 -5.11533 -9.74065 -1 0 1 -1 6 -1 10 11 
82 5 -4.62407 -8.69098 -0.0667708 -3.17287 -8.31151 -6.07528 -9.07044 -1 0 1 -1 6 -1 10 11 
106 5 -3.72044 -6.75548 1.52942 -5.04355 -7.46214 -2.39732 -6.04883 -1 0 1 -1 6 -1 10 11 
63 5 -4.47701 -9.92648 -0.0838541 -2.97701 -9.92436 -5.97701 -9.92861 -1 0 1 -1 6 -1 10 11 
43 5 -4.65969 -7.83446 1.57954 -5.88915 -8.69378 -3.43023 -6.97513 -1 0 1 -1 6 -1 10 11 
64 5 -4.43109 -6.61881 1.58821 -5.43902 -7.7297 -3.42316 -5.50792 -1 0 1 -1 6 -1 10 11 
42 5 -5.94484 -8.41891 -0.0685787 -4.92781 -7.31634 -6.96187 -9.52147 -1 0 1 -1 6 -1 10 11 
101 5 -5.46005 -6.72128 0.0132319 -4.60992 -5.48545 -6.31017 -7.95712 -1 0 1 -1 6 -1 10 11 
148 5 -5.97837 -7.44893 1.53451 -6.83172 -8.68254 -5.12503 -6.21531 -1 0 1 -1 6 -1 10 11 
141 6 -4.48397 -4.73233 -0.0153654 -3.24227 -3.89078 -5.72566 -5.57387 0 1 2 5 7 10 11 12 
70 6 -5.00024 -2.52863 1.57811 -6.32647 -3.22942 -3.67401 -1.82784 0 1 2 5 7 10 11 12 
121 6 -3.24257 -4.49495 0.00172069 -2.14296 -3.47472 -4.34218 -5.51517 0 1 2 5 7 10 11 12 
41 6 -5.50941 -4.54653 -0.0685787 -4.0795 -4.09335 -6.93931 -4.99972 0 1 2 5 7 10 11 12 
167 6 -5.68921 -4.31366 -0.00214141 -4.28981 -3.77359 -7.08861 -4.85373 0 1 2 5 7 10 11 12 
66 6 -5.90445 -3.29102 1.61439 -7.10994 -4.18365 -4.69895 -2.3984 0 1 2 5 7 10 11 12 
125 6 -3.55828 -4.43926 -0.0866852 -2.63024 -3.26081 -4.48632 -5.61771 0 1 2 5 7 10 11 12 
107 6 -3.0414 -5.03793 1.55838 -4.36608 -5.74166 -1.71673 -4.33419 0 1 2 5 7 10 11 12 
71 6 -5.99913 -2.04625 1.61523 -5.14916 -0.810312 -6.8491 -3.2822 0 1 2 5 7 10 11 12 
67 7 -3.178 -1.52658 1.63243 -2.55122 -2.88935 -3.80478 -0.163806 1 2 3 6 8 11 12 13 
129 7 -2.32319 0.0997266 1.47294 -1.66987 -1.25052 -2.97652 1.44997 1 2 3 6 8 11 12 13 
34 7 -4.06277 -0.307429 1.53506 -3.98988 -1.80566 -4.13566 1.1908 1 2 3 6 8 11 12 13 
48 7 -5.02612 -0.954836 1.65033 -5.56102 -2.35622 -4.49121 0.446547 1 2 3 6 8 11 12 13 
68 7 -3.42442 -0.923219 1.59126 -2.8175 -2.29495 -4.03133 0.448516 1 2 3 6 8 11 12 13 
50 7 -5.28967 -1.34543 1.49607 -5.70571 -2.78658 -4.87362 0.0957177 1 2 3 6 8 11 12 13 
189 7 -2.66552 -1.73983 0.0938717 -3.23676 -0.35286 -2.09427 -3.12679 1 2 3 6 8 11 12 13 
127 7 -4.48567 0.423714 1.60202 -4.54525 -1.0751 -4.42608 1.92253 1 2 3 6 8 11 12 13 
132 7 -2.94939 -0.4453 1.59233 -3.49918 0.950312 -2.3996 -1.84091 1 2 3 6 8 11 12 13 
133 7 -2.50533 -0.79342 1.59233 -3.14194 0.564788 -1.86872 -2.15163 1 2 3 6 8 11 12 13 
47 7 -4.29447 -0.140137 1.60654 -4.28177 -1.64008 -4.30716 1.35981 1 2 3 6 8 11 12 13 
85 7 -2.57369 -1.06555 1.60699 -2.01358 -2.45705 -3.13379 0.325956 1 2 3 6 8 11 12 13 
131 7 -3.5693 1.84756 1.51604 -3.15887 0.4048 -3.97973 3.29031 1 2 3 6 8 11 12 13 
210 7 -2.29195 1.30096 0.0886768 -2.4626 2.79122 -2.1213 -0.189304 1 2 3 6 8 11 12 13 
91 7 -2.96766 1.99681 1.57205 -3.46395 3.41233 -2.47137 0.581286 1 2 3 6 8 11 12 13 
55 8 -3.50857 3.13874 1.65656 -3.67825 4.62911 -3.33889 1.64836 2 3 4 7 9 12 13 14 
117 8 -2.74307 3.56728 -0.0258068 -2.88866 5.0602 -2.59749 2.07437 2 3 4 7 9 12 13 14 
74 8 -3.89337 4.33414 1.64626 -4.1462 5.81268 -3.64054 2.8556 2 3 4 7 9 12 13 14 
112 8 -2.23044 4.04568 1.63237 -2.33303 5.54216 -2.12784 2.54919 2 3 4 7 9 12 13 14 
95 8 -5.72537 2.24001 1.49327 -5.33493 3.68831 -6.11581 0.79172 2 3 4 7 9 12 13 14 
149 8 -4.4619 3.7947 1.54739 -4.60361 5.288 -4.3202 2.30141 2 3 4 7 9 12 13 14 
113 8 -5.27878 4.14344 1.61256 -5.39547 5.6389 -5.16208 2.64799 2 3 4 7 9 12 13 14 
76 8 -3.50304 4.95241 1.66739 -4.1458 6.30772 -2.86027 3.5971 2 3 4 7 9 12 13 14 
90 8 -2.35126 3.25585 1.62689 -2.0044 1.79651 -2.69812 4.7152 2 3 4 7 9 12 13 14 
153 8 -5.7723 5.05807 0.0944598 -5.74202 6.55777 -5.80258 3.55838 2 3 4 7 9 12 13 14 
134 8 -5.92263 5.50884 -0.033627 -6.01644 7.0059 -5.82881 4.01177 2 3 4 7 9 12 13 14 
111 8 -5.26222 2.17237 1.54961 -5.74829 0.753308 -4.77615 3.59143 2 3 4 7 9 12 13 14 
97 9 -3.10248 8.06311 0.0814642 -4.5729 8.35955 -1.63206 7.76668 3 4 -1 8 -1 13 14 -1 
157 9 -4.17307 9.81681 0.0924511 -5.66709 9.68306 -2.67904 9.95056 3 4 -1 8 -1 13 14 -1 
234 9 -3.44074 9.33065 0.0738822 -4.93162 9.49574 -1.94985 9.16556 3 4 -1 8 -1 13 14 -1 
116 9 -4.78896 8.80995 0.0688266 -6.2309 9.22324 -3.34702 8.39666 3 4 -1 8 -1 13 14 -1 
114 9 -4.95686 7.64973 1.61256 -6.37926 8.12594 -3.53446 7.17353 3 4 -1 8 -1 13 14 -1 
174 9 -3.46264 9.99761 -0.0158582 -4.96264 9.99686 -1.96264 9.99837 3 4 -1 8 -1 13 14 -1 
173 9 -3.95762 8.71 0.0946512 -5.35449 9.25657 -2.56074 8.16343 3 4 -1 8 -1 13 14 -1 
72 9 -4.74067 8.6069 1.58781 -6.20517 8.93133 -3.27617 8.28247 3 4 -1 8 -1 13 14 -1 
197 9 -4.205 7.24242 -0.0313854 -5.63329 7.70068 -2.77672 6.78415 3 4 -1 8 -1 13 14 -1 
253 9 -3.23637 8.01419 -0.0652644 -4.7187 8.24376 -1.75404 7.78462 3 4 -1 8 -1 13 14 -1 
178 9 -3.99682 8.68015 0.0681749 -5.40752 9.19 -2.58613 8.17031 3 4 -1 8 -1 13 14 -1 
118 9 -5.12332 9.5788 -0.0705271 -6.61621 9.72471 -3.63043 9.43289 3 4 -1 8 -1 13 14 -1 
135 9 -3.25455 6.78399 -0.0784199 -4.73124 7.04738 -1.77785 6.5206 3 4 -1 8 -1 13 14 -1 
78 9 -5.04972 8.16068 0.0219834 -6.32954 8.94302 -3.7699 7.37834 3 4 -1 8 -1 13 14 -1 
137 9 -2.76797 6.17445 0.027191 -4.07608 6.90852 -1.45986 5.44039 3 4 -1 8 -1 13 14 -1 
138 9 -5.27469 6.4398 -0.00256941 -5.76036 7.859 -4.78901 5.0206 3 4 -1 8 -1 13 14 -1 
175 9 -2.39668 7.81072 0.0185602 -3.88728 7.97847 -0.906094 7.64297 3 4 -1 8 -1 13 14 -1 
54 9 -4.77269 6.06401 1.57851 -5.5532 7.34495 -3.99219 4.78306 3 4 -1 8 -1 13 14 -1 
161 10 0.430125 -9.14528 -0.0377534 1.89678 -9.45978 -1.03654 -8.83078 -1 5 6 -1 11 -1 15 16 
184 10 0.393459 -9.82065 0.0666466 1.89253 -9.76787 -1.10561 -9.87344 -1 5 6 -1 11 -1 15 16 
182 10 -0.300148 -8.64835 -0.0612134 -1.79069 -8.4802 1.1904 -8.8165 -1 5 6 -1 11 -1 15 16 
145 10 -1.33088 -6.10079 0.00575202 -1.97599 -4.7466 -0.685762 -7.45498 -1 5 6 -1 11 -1 15 16 
144 10 -0.616133 -7.54365 0.0588998 -2.1103 -7.41149 0.878034 -7.67581 -1 5 6 -1 11 -1 15 16 
181 10 0.954029 -7.22743 0.0295419 -0.00652905 -6.07534 1.91459 -8.37953 -1 5 6 -1 11 -1 15 16 
244 10 -0.46194 -6.02438 0.0983097 -0.734177 -4.54929 -0.189704 -7.49947 -1 5 6 -1 11 -1 15 16 
62 10 -0.522177 -7.93577 -0.0838541 0.965165 -8.13022 -2.00952 -7.74132 -1 5 6 -1 11 -1 15 16 
243 10 1.10486 -6.4771 -0.00534277 0.616642 -5.05878 1.59308 -7.89543 -1 5 6 -1 11 -1 15 16 
146 11 -1.46585 -3.63604 -0.0290627 -1.97434 -2.22486 -0.957351 -5.04722 5 6 7 10 12 15 16 17 
223 11 -1.38492 -3.5309 -0.0611452 -1.95001 -2.14141 -0.819828 -4.92038 5 6 7 10 12 15 16 17 
247 11 0.00661503 -3.80296 0.0105635 -0.528628 -2.40171 0.541858 -5.20422 5 6 7 10 12 15 16 17 
226 11 -1.0684 -5.06131 -0.0370219 -1.63068 -3.67068 -0.506121 -6.45193 5 6 7 10 12 15 16 17 
264 11 1.17334 -5.17751 0.00277262 0.498857 -3.83771 1.84783 -6.51732 5 6 7 10 12 15 16 17 
162 11 0.445192 -5.38098 0.045501 -0.078787 -3.97548 0.969171 -6.78649 5 6 7 10 12 15 16 17 
123 11 -0.794501 -3.71648 -0.0113081 -1.7336 -2.54682 0.144598 -4.88613 5 6 7 10 12 15 16 17 
221 11 -0.558568 -4.24487 -0.0620778 -1.45267 -3.04046 0.335529 -5.44927 5 6 7 10 12 15 16 17 
284 11 1.74112 -3.49637 -0.043355 1.11078 -2.13524 2.37146 -4.8575 5 6 7 10 12 15 16 17 
147 11 1.24033 -3.23662 -0.0290627 0.673848 -1.8477 1.80682 -4.62554 5 6 7 10 12 15 16 17 
185 11 0.958288 -2.27559 -0.0540477 0.328695 -0.914119 1.58788 -3.63707 5 6 7 10 12 15 16 17 
183 11 -1.15643 -5.5047 0.0928546 -1.72796 -4.11785 -0.584896 -6.89155 5 6 7 10 12 15 16 17 
241 11 1.8048 -5.72815 -0.00257303 0.9312 -4.50879 2.67839 -6.9475 5 6 7 10 12 15 16 17 
261 11 0.995607 -5.28774 0.0248666 0.388247 -3.9162 1.60297 -6.65927 5 6 7 10 12 15 16 17 
187 11 -1.80358 -3.6305 -0.0401799 -2.01127 -2.14495 -1.5959 -5.11605 5 6 7 10 12 15 16 17 
164 11 -1.25073 -5.89769 0.0663293 -1.99914 -4.59773 -0.502319 -7.19765 5 6 7 10 12 15 16 17 
194 12 0.00746244 1.26326 0.0518072 -0.454783 2.69026 0.469708 -0.163735 6 7 8 11 13 16 17 18 
328 12 0.355579 -0.78718 1.57454 -0.284989 0.569164 0.996148 -2.14353 6 7 8 11 13 16 17 18 
205 12 -0.779614 -1.67462 -0.0835163 -0.744844 -0.175022 -0.814383 -3.17422 6 7 8 11 13 16 17 18 
105 12 -1.0951 -1.08081 -0.0464703 -0.922963 0.409283 -1.26723 -2.5709 6 7 8 11 13 16 17 18 
122 12 -0.853477 -0.112538 0.0960758 -0.707675 1.38036 -0.999279 -1.60543 6 7 8 11 13 16 17 18 
170 12 -0.248106 1.81099 1.62101 -0.72965 3.23159 0.233437 0.390383 6 7 8 11 13 16 17 18 
150 12 -1.0187 0.199106 1.5108 -0.774698 1.67913 -1.26271 -1.28092 6 7 8 11 13 16 17 18 
232 12 1.63666 0.811745 0.0536245 1.93582 -0.658122 1.33751 2.28161 6 7 8 11 13 16 17 18 
188 12 -1.28741 1.09789 0.0938717 -1.17121 2.59339 -1.4036 -0.397598 6 7 8 11 13 16 17 18 
203 12 1.37888 -1.98831 0.0986814 0.93151 -0.556571 1.82624 -3.42004 6 7 8 11 13 16 17 18 
115 12 -0.483148 1.88783 0.0241251 -0.794976 3.35506 -0.171321 0.420597 6 7 8 11 13 16 17 18 
166 12 -0.322831 -1.35751 0.0316722 -0.422276 0.139186 -0.223386 -2.85421 6 7 8 11 13 16 17 18 
168 12 -1.66422 0.262852 -0.00214141 -1.94218 1.73687 -1.38627 -1.21117 6 7 8 11 13 16 17 18 
171 12 1.48273 1.32036 1.62101 1.80793 -0.143964 1.15752 2.78468 6 7 8 11 13 16 17 18 
87 12 0.91335 1.7984 1.62448 1.1481 0.316886 0.678598 3.27992 6 7 8 11 13 16 17 18 
208 12 1.65653 -1.9112 0.0886768 1.22843 -0.473583 2.08464 -3.34881 6 7 8 11 13 16 17 18 
323 12 1.99161 0.671666 0.017917 1.8133 2.16103 2.16992 -0.817698 6 7 8 11 13 16 17 18 
176 13 -0.825712 5.65529 0.0439749 -1.92544 6.67538 0.274021 4.6352 7 8 9 12 14 17 18 19 
252 13 -0.322829 4.10914 1.54105 -1.62352 4.85627 0.97786 3.362 7 8 9 12 14 17 18 19 
177 13 0.345029 4.29523 0.0410186 -1.099 4.70115 1.78906 3.88931 7 8 9 12 14 17 18 19 
273 13 0.0824943 5.56363 1.63076 -0.946193 6.65532 1.11118 4.47193 7 8 9 12 14 17 18 19 
193 13 0.114397 5.79271 0.0866947 -0.994307 6.80304 1.2231 4.78237 7 8 9 12 14 17 18 19 
312 13 1.14907 3.12369 1.55215 -0.143847 3.88419 2.44199 2.36319 7 8 9 12 14 17 18 19 
172 13 -1.07822 2.83032 0.080962 -0.89476 4.31906 -1.26168 1.34158 7 8 9 12 14 17 18 19 
209 13 0.550452 5.71138 0.0886768 1.66731 4.71006 -0.566403 6.71269 7 8 9 12 14 17 18 19 
196 13 -0.958993 2.43784 -0.0214127 -0.766723 3.92547 -1.15126 0.950215 7 8 9 12 14 17 18 19 
191 13 1.86655 3.65826 -0.0803081 0.472787 4.21272 3.26031 3.10379 7 8 9 12 14 17 18 19 
212 13 -1.87539 3.72714 0.0451745 -1.91157 5.22671 -1.8392 2.22758 7 8 9 12 14 17 18 19 
370 13 1.88027 5.96028 1.62503 1.08929 7.23478 2.67125 4.68578 7 8 9 12 14 17 18 19 
237 14 0.390112 8.39865 0.0560184 -1.06523 8.76192 1.84546 8.03537 8 9 -1 13 -1 18 19 -1 
154 14 0.921388 8.62294 -0.0763312 -0.574189 8.73805 2.41697 8.50784 8 9 -1 13 -1 18 19 -1 
297 14 0.707789 9.34617 0.0840942 2.1729 9.66783 -0.757318 9.02451 8 9 -1 13 -1 18 19 -1 
198 14 -0.670209 8.58013 -0.0460039 -2.14067 8.87637 0.800247 8.28389 8 9 -1 13 -1 18 19 -1 
218 14 0.289688 9.83325 0.0219677 -1.20917 9.89181 1.78854 9.77469 8 9 -1 13 -1 18 19 -1 
156 14 -0.0529216 8.84679 0.0322909 -1.54781 8.97056 1.44196 8.72301 8 9 -1 13 -1 18 19 -1 
316 14 1.28295 6.83777 -0.0655887 1.94608 5.49231 0.619828 8.18323 8 9 -1 13 -1 18 19 -1 
235 14 -1.09171 9.58105 -0.0355828 -2.5878 9.47272 0.404371 9.68937 8 9 -1 13 -1 18 19 -1 
215 14 -1.77197 9.08252 -0.0463609 -3.26242 8.91351 -0.281521 9.25153 8 9 -1 13 -1 18 19 -1 
217 14 -1.32675 7.42977 0.0193853 -2.82552 7.3689 0.17201 7.49064 8 9 -1 13 -1 18 19 -1 
278 14 -0.322847 6.60779 -0.0548573 1.0188 5.93699 -1.6645 7.27859 8 9 -1 13 -1 18 19 -1 
190 14 1.01696 6.4258 0.0938717 1.55575 5.0259 0.478181 7.8257 8 9 -1 13 -1 18 19 -1 
233 14 -1.11352 6.3283 0.0984411 -0.00736676 5.31517 -2.21966 7.34143 8 9 -1 13 -1 18 19 -1 
373 14 1.98481 9.09286 1.55408 0.484901 9.07616 3.48471 9.10956 8 9 -1 13 -1 18 19 -1 
213 14 -0.864241 6.2357 0.0189033 -2.03202 7.17714 0.303534 5.29426 8 9 -1 13 -1 18 19 -1 
136 14 -1.82787 7.70825 -0.00985311 -3.32048 7.85699 -0.335264 7.55951 8 9 -1 13 -1 18 19 -1 
263 15 5.31863 -8.40278 0.0564466 4.63847 -7.06585 5.99879 -9.73971 -1 10 11 -1 16 -1 20 21 
201 15 5.20967 -6.83261 -0.0121466 4.20733 -5.71667 6.212 -7.94856 -1 10 11 -1 16 -1 20 21 
186 15 2.87205 -8.0854 0.0781129 1.80671 -7.02944 3.93738 -9.14137 -1 10 11 -1 16 -1 20 21 
165 15 4.06763 -8.73022 -0.0187441 2.9039 -7.78379 5.23136 -9.67665 -1 10 11 -1 16 -1 20 21 
206 15 3.66267 -8.09833 -0.08235 2.53721 -7.10669 4.78812 -9.08997 -1 10 11 -1 16 -1 20 21 
227 15 2.7241 -8.21175 0.08476 1.80289 -7.02796 3.64532 -9.39554 -1 10 11 -1 16 -1 20 21 
302 15 5.47563 -8.34928 -0.0541769 4.68953 -7.07176 6.26173 -9.62679 -1 10 11 -1 16 -1 20 21 
225 15 3.02218 -6.95548 -0.0243093 2.08219 -5.78653 3.96216 -8.12442 -1 10 11 -1 16 -1 20 21 
262 15 5.48121 -6.72907 -0.0512347 4.53467 -5.56543 6.42775 -7.89271 -1 10 11 -1 16 -1 20 21 
248 15 4.17736 -6.74449 1.55798 3.77301 -5.30002 4.5817 -8.18897 -1 10 11 -1 16 -1 20 21 
242 15 2.20324 -9.58853 -0.00484941 0.713131 -9.41653 3.69334 -9.76054 -1 10 11 -1 16 -1 20 21 
306 15 5.73951 -6.24919 1.66258 4.73449 -5.13566 6.74452 -7.36271 -1 10 11 -1 16 -1 20 21 
303 15 4.15368 -6.11854 0.0786674 3.88088 -4.64356 4.42647 -7.59353 -1 10 11 -1 16 -1 20 21 
322 15 5.33546 -8.04377 0.017917 4.57447 -6.75114 6.09645 -9.33641 -1 10 11 -1 16 -1 20 21 
344 16 3.16036 -4.55219 1.5878 2.95357 -3.06651 3.36715 -6.03787 10 11 12 15 17 20 21 22 
270 16 4.02857 -3.99869 1.62258 3.37458 -2.64877 4.68256 -5.34862 10 11 12 15 17 20 21 22 
283 16 4.34748 -3.46725 0.0836279 4.1587 -1.97918 4.53625 -4.95533 10 11 12 15 17 20 21 22 
152 16 3.44466 -4.95545 1.51143 3.07236 -3.50238 3.81695 -6.40851 10 11 12 15 17 20 21 22 
211 16 2.87293 -4.08998 0.0146525 2.74571 -2.59538 3.00016 -5.58457 10 11 12 15 17 20 21 22 
224 16 3.38118 -4.20083 -0.0442809 3.07855 -2.73167 3.6838 -5.66998 10 11 12 15 17 20 21 22 
286 16 5.709 -4.67 1.62525 5.22557 -3.25003 6.19242 -6.08997 10 11 12 15 17 20 21 22 
246 16 2.59851 -3.52671 0.0105635 2.45313 -2.03377 2.7439 -5.01965 10 11 12 15 17 20 21 22 
230 16 2.56758 -2.90418 1.61476 2.42081 -1.41137 2.71434 -4.39698 10 11 12 15 17 20 21 22 
250 16 3.74603 -2.52024 1.58442 3.218 -1.11625 4.27406 -3.92423 10 11 12 15 17 20 21 22 
266 16 2.39435 -4.14568 -0.0801331 2.15772 -2.66446 2.63097 -5.6269 10 11 12 15 17 20 21 22 
245 16 2.30698 -3.19874 -0.0212704 2.12142 -1.71026 2.49254 -4.68721 10 11 12 15 17 20 21 22 
73 16 4.55772 -2.09173 1.49962 4.43314 -0.596914 4.68231 -3.58655 10 11 12 15 17 20 21 22 
265 16 5.8201 -4.91099 -0.0801331 5.34768 -3.48732 6.29251 -6.33466 10 11 12 15 17 20 21 22 
330 17 3.62605 -0.266332 1.4827 3.41331 1.2185 3.8388 -1.75117 11 12 13 16 18 21 22 23 
351 17 2.37464 0.890989 1.5717 2.22099 2.3831 2.5283 -0.60112 11 12 13 16 18 21 22 23 
271 17 4.84739 -1.86579 1.61511 4.51975 -0.402013 5.17502 -3.32957 11 12 13 16 18 21 22 23 
231 17 3.38233 -0.123101 1.61476 3.21803 1.36787 3.54662 -1.61408 11 12 13 16 18 21 22 23 
326 17 4.04515 -0.70513 1.64329 3.6606 0.74474 4.4297 -2.155 11 12 13 16 18 21 22 23 
309 17 4.58663 -0.186655 1.64993 4.0663 1.2202 5.10696 -1.59351 11 12 13 16 18 21 22 23 
287 17 3.14258 -0.714945 1.57435 3.14737 0.785048 3.13779 -2.21494 11 12 13 16 18 21 22 23 
305 17 2.34573 -0.699145 1.52065 2.0978 0.780223 2.59367 -2.17851 11 12 13 16 18 21 22 23 
345 17 5.18602 -0.574878 1.54214 5.13984 0.924411 5.2322 -2.07417 11 12 13 16 18 21 22 23 
229 17 2.90197 -0.854798 1.56342 2.84983 -2.35389 2.95412 0.644295 11 12 13 16 18 21 22 23 
349 17 4.03716 1.23116 1.62199 5.51361 0.966399 2.56071 1.49593 11 12 13 16 18 21 22 23 
292 17 4.18597 1.74859 1.52951 2.77738 2.26421 5.59457 1.23298 11 12 13 16 18 21 22 23 
334 18 4.46507 3.48891 1.49321 3.44452 4.58822 5.48562 2.3896 12 13 14 17 19 22 23 24 
254 18 4.92014 4.08763 0.0939474 6.04648 3.097 3.7938 5.07827 12 13 14 17 19 22 23 24 
310 18 3.43065 4.62066 1.66042 2.29375 5.59915 4.56756 3.64217 12 13 14 17 19 22 23 24 
311 18 5.18641 2.22871 1.63968 4.4187 3.51736 5.95413 0.940058 12 13 14 17 19 22 23 24 
295 18 2.48683 4.0958 -0.0909834 3.44288 2.93996 1.53078 5.25164 12 13 14 17 19 22 23 24 
216 18 2.79672 4.18374 -0.00681139 3.89277 3.15969 1.70068 5.20779 12 13 14 17 19 22 23 24 
249 18 4.26111 4.19471 1.49744 3.257 5.30906 5.26522 3.08037 12 13 14 17 19 22 23 24 
290 18 3.82484 2.66444 1.62067 2.49698 3.36214 5.15271 1.96675 12 13 14 17 19 22 23 24 
195 18 5.24674 3.49554 -0.0966908 6.22503 2.35846 4.26845 4.63262 12 13 14 17 19 22 23 24 
294 18 5.53112 4.03793 1.6695 4.72176 5.30083 6.34049 2.77503 12 13 14 17 19 22 23 24 
293 18 4.1878 2.14109 1.6695 2.94205 2.97661 5.43355 1.30556 12 13 14 17 19 22 23 24 
314 18 4.67014 5.426 1.52025 4.18885 6.84669 5.15144 4.00531 12 13 14 17 19 22 23 24 
272 18 5.19065 5.6854 1.63076 5.64539 4.25599 4.73592 7.11481 12 13 14 17 19 22 23 24 
313 18 5.91393 3.6667 1.66995 5.17788 4.97369 6.64998 2.3597 12 13 14 17 19 22 23 24 
251 18 3.08176 2.04383 1.54105 1.82562 2.86366 4.33789 1.22399 12 13 14 17 19 22 23 24 
255 19 4.30887 9.6887 -0.00311797 2.82609 9.91532 5.79166 9.46208 13 14 -1 18 -1 23 24 -1 
275 19 3.27216 8.47908 -0.0896766 4.76654 8.34927 1.77779 8.6089 13 14 -1 18 -1 23 24 -1 
257 19 4.16394 9.44751 -0.0370511 2.6645 9.48846 5.66338 9.40657 13 14 -1 18 -1 23 24 -1 
354 19 3.71071 8.06042 1.65873 2.24326 8.3712 5.17817 7.74965 13 14 -1 18 -1 23 24 -1 
236 19 2.4693 8.76859 0.0754502 3.96928 8.7597 0.969329 8.77749 13 14 -1 18 -1 23 24 -1 
276 19 4.33092 7.28128 0.0647429 5.83032 7.23865 2.83153 7.32391 13 14 -1 18 -1 23 24 -1 
238 19 3.31307 9.0465 -0.0677189 1.82687 8.84347 4.79927 9.24953 13 14 -1 18 -1 23 24 -1 
336 19 2.53948 7.97031 1.56548 1.07557 8.29734 4.0034 7.64327 13 14 -1 18 -1 23 24 -1 
256 19 4.35187 8.71697 0.024088 5.84125 8.89517 2.8625 8.53876 13 14 -1 18 -1 23 24 -1 
277 19 2.99111 9.46273 -0.0597183 4.49042 9.41739 1.49179 9.50807 13 14 -1 18 -1 23 24 -1 
317 19 2.36717 7.09809 0.0721344 3.67301 6.36 1.06133 7.83618 13 14 -1 18 -1 23 24 -1 
214 19 2.55704 6.38724 -0.0575552 3.86427 5.65162 1.2498 7.12286 13 14 -1 18 -1 23 24 -1 
375 19 5.97572 9.88349 1.58201 4.47574 9.89184 7.4757 9.87514 13 14 -1 18 -1 23 24 -1 
321 20 8.35506 -7.29794 0.00346954 8.49788 -5.80475 8.21225 -8.79112 -1 15 16 -1 21 -1 -1 -1 
343 20 6.48913 -8.60289 1.58283 5.35506 -7.62111 7.6232 -9.58466 -1 15 16 -1 21 -1 -1 -1 
362 20 9.0509 -7.4726 1.61243 8.85384 -5.9856 9.24797 -8.9596 -1 15 16 -1 21 -1 -1 -1 
324 20 7.87692 -8.08093 1.52854 7.61019 -6.60484 8.14365 -9.55703 -1 15 16 -1 21 -1 -1 -1 
228 20 6.71111 -8.32205 0.08476 5.49546 -7.4433 7.92675 -9.2008 -1 15 16 -1 21 -1 -1 -1 
346 20 9.1683 -6.76898 1.57554 8.95917 -5.28363 9.37743 -8.25433 -1 15 16 -1 21 -1 -1 -1 
304 20 7.67376 -6.83584 0.0786674 7.38643 -5.36362 7.96109 -8.30807 -1 15 16 -1 21 -1 -1 -1 
341 20 6.80985 -8.20436 -0.0266753 5.63066 -7.27727 7.98905 -9.13145 -1 15 16 -1 21 -1 -1 -1 
285 20 6.33198 -8.22945 -0.043355 7.51767 -9.14823 5.1463 -7.31067 -1 15 16 -1 21 -1 -1 -1 
281 20 7.6908 -6.2641 0.0213392 7.22531 -4.83815 8.15629 -7.69004 -1 15 16 -1 21 -1 -1 -1 
366 21 7.30093 -5.54974 1.59963 7.09012 -4.06463 7.51174 -7.03486 15 16 17 20 22 -1 -1 -1 
307 21 8.42022 -3.59289 1.47786 7.58622 -2.34612 9.25422 -4.83966 15 16 17 20 22 -1 -1 -1 
364 21 7.60152 -4.71256 1.6272 6.90509 -3.38403 8.29795 -6.04109 15 16 17 20 22 -1 -1 -1 
301 21 6.98613 -4.43328 -0.0896105 6.75477 -2.95123 7.21749 -5.91533 15 16 17 20 22 -1 -1 -1 
361 21 7.15855 -3.70707 0.0685141 6.47255 -2.37313 7.84455 -5.04101 15 16 17 20 22 -1 -1 -1 
363 21 8.67603 -5.86457 1.63109 8.45581 -4.38082 8.89624 -7.34832 15 16 17 20 22 -1 -1 -1 
350 21 9.54203 -3.42138 1.54919 9.67049 -1.92689 9.41357 -4.91587 15 16 17 20 22 -1 -1 -1 
291 21 6.74189 -4.88388 1.5682 6.66415 -3.38589 6.81964 -6.38186 15 16 17 20 22 -1 -1 -1 
308 21 7.23242 -2.44564 1.55792 6.75902 -1.02231 7.70583 -3.86898 15 16 17 20 22 -1 -1 -1 
267 21 6.56783 -4.51512 1.47404 6.40551 -3.02393 6.73015 -6.00631 15 16 17 20 22 -1 -1 -1 
222 21 6.38785 -5.52597 -0.0374866 6.24087 -4.03319 6.53484 -7.01875 15 16 17 20 22 -1 -1 -1 
342 21 8.05678 -2.41174 -0.0266753 6.92747 -1.42449 9.18609 -3.39899 15 16 17 20 22 -1 -1 -1 
288 21 9.33063 -5.65208 1.54623 9.20631 -4.15724 9.45495 -7.14692 15 16 17 20 22 -1 -1 -1 
327 21 7.01136 -5.82963 1.48248 6.85831 -4.33746 7.1644 -7.3218 15 16 17 20 22 -1 -1 -1 
325 21 9.5311 -5.87056 1.49129 9.57437 -4.37119 9.48782 -7.36994 15 16 17 20 22 -1 -1 -1 
282 21 6.03259 -2.91226 -0.0810843 5.93396 -1.41551 6.13122 -4.40902 15 16 17 20 22 -1 -1 -1 
368 22 8.96946 -0.301368 1.67067 9.0136 1.19798 8.92532 -1.80072 16 17 18 21 23 -1 -1 -1 
329 22 9.1143 -0.952412 1.50539 9.02782 0.545093 9.20078 -2.44992 16 17 18 21 23 -1 -1 -1 
372 22 8.50604 -1.19164 1.51924 7.80991 0.137041 9.20218 -2.52033 16 17 18 21 23 -1 -1 -1 
289 22 7.48925 -1.46604 1.47494 6.28409 -0.572951 8.6944 -2.35913 16 17 18 21 23 -1 -1 -1 
367 22 7.72391 -0.281897 1.47839 7.47058 1.19655 7.97725 -1.76035 16 17 18 21 23 -1 -1 -1 
365 22 7.23992 -0.169334 1.61639 6.54949 1.16232 7.93034 -1.50099 16 17 18 21 23 -1 -1 -1 
347 22 9.7143 1.82272 1.50313 9.8486 0.328749 9.58001 3.3167 16 17 18 21 23 -1 -1 -1 
353 22 6.39961 1.50659 1.56506 5.39267 2.61838 7.40655 0.394802 16 17 18 21 23 -1 -1 -1 
269 22 6.83554 0.193112 1.58036 6.14812 1.52632 7.52297 -1.1401 16 17 18 21 23 -1 -1 -1 
192 22 8.47897 -1.58924 0.060257 7.92268 -0.196208 9.03526 -2.98227 16 17 18 21 23 -1 -1 -1 
374 22 9.52282 0.733112 1.64317 9.67716 2.22515 9.36848 -0.758927 16 17 18 21 23 -1 -1 -1 
352 22 8.08421 1.342 1.58557 8.80273 0.0252942 7.36569 2.65872 16 17 18 21 23 -1 -1 -1 
333 22 6.66895 1.86527 1.58287 5.39989 2.66496 7.938 1.06559 16 17 18 21 23 -1 -1 -1 
348 22 9.36297 -1.75656 1.61413 9.29707 -0.258013 9.42887 -3.25512 16 17 18 21 23 -1 -1 -1 
268 22 6.14125 -0.630216 1.57244 6.0277 0.86548 6.2548 -2.12591 16 17 18 21 23 -1 -1 -1 
357 23 6.44949 2.10396 1.6088 7.71045 1.29156 5.18853 2.91636 17 18 19 22 24 -1 -1 -1 
332 23 8.77684 4.16961 1.47638 8.57385 2.68341 8.97982 5.65581 17 18 19 22 24 -1 -1 -1 
356 23 7.8814 3.99704 1.6088 8.43392 2.60251 7.32888 5.39157 17 18 19 22 24 -1 -1 -1 
371 23 8.03414 2.50071 1.55579 7.02572 3.61115 9.04257 1.39026 17 18 19 22 24 -1 -1 -1 
335 23 7.00216 3.43818 1.56548 7.1345 1.94403 6.86981 4.93233 17 18 19 22 24 -1 -1 -1 
358 23 8.58661 5.49765 -0.0262301 8.00981 4.11298 9.16341 6.88232 17 18 19 22 24 -1 -1 -1 
315 23 6.35947 5.04582 1.52025 6.08255 6.52003 6.63639 3.5716 17 18 19 22 24 -1 -1 -1 
355 23 7.21124 4.65435 1.65228 8.02199 3.39234 6.40049 5.91637 17 18 19 22 24 -1 -1 -1 
274 23 9.15454 3.70754 0.0303916 9.07491 5.20542 9.23417 2.20965 17 18 19 22 24 -1 -1 -1 
331 23 6.39084 3.95757 1.61035 5.84132 5.35329 6.94036 2.56185 17 18 19 22 24 -1 -1 -1 
337 24 6.78774 7.69167 -0.0754216 7.60637 6.43475 5.96911 8.94859 18 19 -1 23 -1 -1 -1 -1 
378 24 6.53893 6.53323 1.61999 7.17737 5.17589 5.90048 7.89058 18 19 -1 23 -1 -1 -1 -1 
318 24 7.01615 8.61436 0.0769724 8.31399 7.86229 5.71831 9.36644 18 19 -1 23 -1 -1 -1 -1 
377 24 9.60464 8.42656 1.61999 9.4486 6.93469 9.76067 9.91842 18 19 -1 23 -1 -1 -1 -1 
296 24 9.19046 7.17921 -0.0642139 9.1417 8.67842 9.23921 5.68 18 19 -1 23 -1 -1 -1 -1 
258 24 6.93909 9.07621 0.03131 8.33124 8.51771 5.54694 9.63471 18 19 -1 23 -1 -1 -1 -1 
298 24 6.61791 6.94926 -0.0538784 6.16512 8.37929 7.0707 5.51924 18 19 -1 23 -1 -1 -1 -1 
376 24 9.57089 6.44127 1.61539 9.68817 7.93668 9.45362 4.94586 18 19 -1 23 -1 -1 -1 -1 
338 24 7.89307 6.41484 0.0623159 7.90338 4.91488 7.88275 7.91481 18 19 -1 23 -1 -1 -1 -1 
369 24 7.99451 6.17165 1.504 8.05271 4.67278 7.9363 7.67052 18 19 -1 23 -1 -1 -1 -1 
