21 0 -8.41097 -7.89594 -0.092345 -7.28307 -6.90709 -9.53888 -8.8848 -1 -1 -1 -1 1 -1 5 6 
101 0 -6.77613 -8.89412 0.0132319 -5.65424 -7.89845 -7.89802 -9.88979 -1 -1 -1 -1 1 -1 5 6 
143 0 -7.17219 -7.25913 0.0057508 -5.90342 -6.45899 -8.44096 -8.05927 -1 -1 -1 -1 1 -1 5 6 
42 0 -7.40554 -7.55154 -0.0685787 -6.16492 -6.70841 -8.64616 -8.39467 -1 -1 -1 -1 1 -1 5 6 
104 0 -7.43949 -8.10897 -0.0464703 -6.17591 -7.30066 -8.70306 -8.91729 -1 -1 -1 -1 1 -1 5 6 
124 0 -8.14414 -7.74127 -0.0693766 -6.97894 -6.79664 -9.30933 -8.68589 -1 -1 -1 -1 1 -1 5 6 
102 0 -7.51933 -8.79265 -0.0897456 -6.44611 -7.74469 -8.59254 -9.84061 -1 -1 -1 -1 1 -1 5 6 
142 0 -6.70103 -8.7658 -0.0336728 -5.60535 -7.74135 -7.7967 -9.79025 -1 -1 -1 -1 1 -1 5 6 
22 0 -9.45231 -6.87465 1.51221 -8.98299 -8.29934 -9.92163 -5.44996 -1 -1 -1 -1 1 -1 5 6 
25 0 -8.44039 -6.2854 1.51782 -8.68185 -7.76584 -8.19894 -4.80497 -1 -1 -1 -1 1 -1 5 6 
43 0 -6.2703 -6.39576 1.57954 -7.76625 -6.50586 -4.77434 -6.28566 -1 -1 -1 -1 1 -1 5 6 
167 1 -7.11242 -3.71482 -0.00214141 -7.313 -2.22829 -6.91185 -5.20135 -1 -1 -1 0 2 5 6 7 
45 1 -8.79267 -3.75269 1.63561 -7.82358 -2.60775 -9.76176 -4.89762 -1 -1 -1 0 2 5 6 7 
44 1 -6.05737 -4.63171 1.57057 -7.1521 -5.65717 -4.96265 -3.60624 -1 -1 -1 0 2 5 6 7 
103 1 -6.73278 -5.58138 -0.00949416 -5.51399 -4.70699 -7.95157 -6.45577 -1 -1 -1 0 2 5 6 7 
84 1 -7.94525 -5.9517 -0.0484298 -7.76693 -4.46234 -8.12356 -7.44107 -1 -1 -1 0 2 5 6 7 
46 1 -7.93674 -2.1159 1.51621 -9.36848 -2.56326 -6.505 -1.66855 -1 -1 -1 0 2 5 6 7 
32 2 -6.54095 -0.167858 1.53486 -7.68663 -1.13606 -5.39528 0.800348 -1 -1 -1 1 3 6 7 8 
86 2 -7.66709 0.90786 1.65076 -8.29346 -0.455099 -7.04071 2.27082 -1 -1 -1 1 3 6 7 8 
49 2 -9.62728 -1.08134 1.53819 -9.33478 -2.55254 -9.91979 0.389864 -1 -1 -1 1 3 6 7 8 
37 2 -6.91848 0.872097 1.66868 -7.65871 -0.432536 -6.17826 2.17673 -1 -1 -1 1 3 6 7 8 
71 2 -7.52079 -1.56758 1.61523 -6.2068 -0.8441 -8.83479 -2.29105 -1 -1 -1 1 3 6 7 8 
27 2 -7.52468 -0.751702 1.51453 -8.77936 -1.57377 -6.27001 0.0703631 -1 -1 -1 1 3 6 7 8 
109 2 -8.35658 -0.629018 1.54238 -7.66861 0.703906 -9.04456 -1.96194 -1 -1 -1 1 3 6 7 8 
111 2 -6.11374 -0.49233 1.54961 -7.32875 -1.37196 -4.89873 0.387298 -1 -1 -1 1 3 6 7 8 
88 2 -7.09352 1.12587 1.52721 -7.90456 -0.135961 -6.28249 2.38771 -1 -1 -1 1 3 6 7 8 
92 2 -9.06561 0.438724 1.59747 -8.71426 -1.01955 -9.41697 1.89699 -1 -1 -1 1 3 6 7 8 
69 2 -6.13434 -0.79337 1.65286 -7.21915 -1.82931 -5.04952 0.242573 -1 -1 -1 1 3 6 7 8 
128 2 -6.37195 1.01942 1.5358 -7.23737 -0.205752 -5.50652 2.24458 -1 -1 -1 1 3 6 7 8 
30 2 -9.85184 1.76958 1.53668 -9.74728 0.273228 -9.9564 3.26593 -1 -1 -1 1 3 6 7 8 
130 2 -6.06515 1.17927 1.60474 -7.04621 0.0445761 -5.0841 2.31396 -1 -1 -1 1 3 6 7 8 
89 2 -6.01593 -0.820107 1.5963 -7.11437 -1.84159 -4.91748 0.201372 -1 -1 -1 1 3 6 7 8 
56 3 -8.70567 5.07039 1.5693 -8.68398 6.57024 -8.72736 3.57055 -1 -1 -1 2 4 7 8 9 
52 3 -9.1317 3.91883 1.65249 -9.85042 5.23543 -8.41298 2.60222 -1 -1 -1 2 4 7 8 9 
33 3 -7.87282 4.65101 1.57137 -8.2953 6.09028 -7.45035 3.21173 -1 -1 -1 2 4 7 8 9 
31 3 -8.66035 3.32402 1.64665 -9.29336 4.68391 -8.02735 1.96413 -1 -1 -1 2 4 7 8 9 
113 3 -6.00566 3.71441 1.61256 -7.31424 4.44764 -4.69709 2.98118 -1 -1 -1 2 4 7 8 9 
112 3 -6.19342 4.33549 1.63237 -7.29884 5.34941 -5.08799 3.32156 -1 -1 -1 2 4 7 8 9 
51 3 -6.47314 2.50289 1.51942 -4.9737 2.54392 -7.97258 2.46187 -1 -1 -1 2 4 7 8 9 
95 3 -6.8683 3.00384 1.49327 -8.35962 3.16497 -5.37698 2.84271 -1 -1 -1 2 4 7 8 9 
151 3 -9.30634 2.72058 1.51143 -9.91567 4.09124 -8.69701 1.34992 -1 -1 -1 2 4 7 8 9 
29 3 -8.88164 2.07143 1.57246 -8.25523 0.708485 -9.50805 3.43437 -1 -1 -1 2 4 7 8 9 
57 4 -7.71781 6.07139 1.5693 -8.40685 7.40376 -7.02877 4.73902 -1 -1 -1 3 -1 8 9 -1 
58 4 -8.40489 8.52502 -0.0321181 -7.23629 7.58461 -9.57349 9.46543 -1 -1 -1 3 -1 8 9 -1 
77 4 -6.31211 7.73373 0.0753746 -7.17631 8.95977 -5.44791 6.5077 -1 -1 -1 3 -1 8 9 -1 
93 4 -8.88638 6.91637 1.57299 -9.06005 8.40628 -8.71271 5.42646 -1 -1 -1 3 -1 8 9 -1 
36 4 -8.38804 8.32058 1.51514 -9.57622 9.23613 -7.19986 7.40503 -1 -1 -1 3 -1 8 9 -1 
98 4 -7.49538 8.88335 0.0357864 -8.50457 9.99309 -6.48618 7.77361 -1 -1 -1 3 -1 8 9 -1 
94 4 -8.81625 8.23955 1.49327 -9.95347 9.21769 -7.67904 7.26142 -1 -1 -1 3 -1 8 9 -1 
35 4 -9.41773 6.8524 1.57487 -9.31528 8.3489 -9.52018 5.3559 -1 -1 -1 3 -1 8 9 -1 
38 4 -6.50123 6.51829 1.66868 -7.0685 7.90689 -5.93396 5.1297 -1 -1 -1 3 -1 8 9 -1 
173 4 -6.1881 7.95999 0.0946512 -7.00508 9.21799 -5.37112 6.702 -1 -1 -1 3 -1 8 9 -1 
75 4 -8.10947 6.20656 1.66739 -8.77096 7.55282 -7.44797 4.86029 -1 -1 -1 3 -1 8 9 -1 
76 4 -6.08035 7.59907 1.66739 -6.87096 8.8738 -5.28974 6.32433 -1 -1 -1 3 -1 8 9 -1 
82 5 -5.20893 -9.64989 -0.0667708 -3.7092 -9.67856 -6.70866 -9.62122 -1 0 1 -1 6 -1 10 11 
83 5 -4.29982 -7.96892 -0.0484298 -3.38072 -6.78349 -5.21893 -9.15435 -1 0 1 -1 6 -1 10 11 
202 5 -3.95655 -7.81837 -0.0198541 -4.81649 -9.04739 -3.09661 -6.58934 -1 0 1 -1 6 -1 10 11 
63 5 -5.54808 -7.99408 -0.0838541 -4.96647 -6.61142 -6.12969 -9.37673 -1 0 1 -1 6 -1 10 11 
61 5 -3.17971 -7.72959 -0.0551714 -1.98141 -6.82734 -4.37802 -8.63185 -1 0 1 -1 6 -1 10 11 
144 5 -2.2888 -6.25288 0.0588998 -3.17865 -5.04533 -1.39895 -7.46043 -1 0 1 -1 6 -1 10 11 
126 5 -4.76136 -7.18751 -0.0866852 -4.2921 -5.7628 -5.23062 -8.61221 -1 0 1 -1 6 -1 10 11 
62 5 -5.30915 -9.83638 -0.0838541 -3.81687 -9.68436 -6.80143 -9.98839 -1 0 1 -1 6 -1 10 11 
163 5 -3.48134 -8.9963 0.000652872 -4.93129 -9.38055 -2.0314 -8.61205 -1 0 1 -1 6 -1 10 11 
41 5 -5.83406 -7.0485 -0.0685787 -4.56467 -6.24934 -7.10345 -7.84766 -1 0 1 -1 6 -1 10 11 
184 5 -2.17116 -8.27895 0.0666466 -0.675113 -8.17014 -3.66721 -8.38775 -1 0 1 -1 6 -1 10 11 
204 5 -2.35867 -8.12818 0.0898347 -3.84774 -8.30894 -0.869602 -7.94743 -1 0 1 -1 6 -1 10 11 
68 6 -3.52956 -2.28438 1.59126 -3.89622 -3.73888 -3.1629 -0.829885 0 1 2 5 7 10 11 12 
106 6 -2.95125 -4.12025 1.52942 -2.57739 -5.57291 -3.32511 -2.66759 0 1 2 5 7 10 11 12 
66 6 -4.18651 -4.05511 1.61439 -4.36331 -5.54465 -4.00971 -2.56556 0 1 2 5 7 10 11 12 
169 6 -5.02651 -4.65249 1.58895 -5.19697 -6.14277 -4.85605 -3.16221 0 1 2 5 7 10 11 12 
64 6 -4.71868 -3.77949 1.58821 -4.74359 -5.27929 -4.69376 -2.2797 0 1 2 5 7 10 11 12 
107 6 -3.9876 -3.62133 1.55838 -4.09023 -5.11782 -3.88498 -2.12485 0 1 2 5 7 10 11 12 
148 6 -3.90603 -4.50209 1.53451 -4.29219 -5.95153 -3.51988 -3.05264 0 1 2 5 7 10 11 12 
183 6 -2.61926 -4.37962 0.0928546 -3.13871 -2.97244 -2.09981 -5.7868 0 1 2 5 7 10 11 12 
65 6 -5.67732 -2.27979 1.50376 -6.3577 -3.6166 -4.99694 -0.942971 0 1 2 5 7 10 11 12 
121 6 -4.2567 -5.98461 0.00172069 -3.76024 -4.56915 -4.75316 -7.40007 0 1 2 5 7 10 11 12 
24 6 -4.98731 -2.12219 1.49928 -5.09772 -3.61812 -4.8769 -0.626258 0 1 2 5 7 10 11 12 
48 6 -4.34187 -2.40198 1.65033 -4.20321 -3.89556 -4.48053 -0.908407 0 1 2 5 7 10 11 12 
67 7 -3.71262 1.7461 1.63243 -3.35082 0.29039 -4.07441 3.20182 1 2 3 6 8 11 12 13 
90 7 -4.69462 0.31148 1.62689 -5.21347 -1.09593 -4.17577 1.71889 1 2 3 6 8 11 12 13 
87 7 -3.25097 1.37998 1.62448 -2.91778 -0.0825454 -3.58417 2.84251 1 2 3 6 8 11 12 13 
70 7 -4.77251 -1.07862 1.57811 -4.99487 -2.56205 -4.55014 0.404805 1 2 3 6 8 11 12 13 
129 7 -3.14829 -0.928156 1.47294 -2.99389 -2.42019 -3.30269 0.563876 1 2 3 6 8 11 12 13 
108 7 -5.51551 -1.29256 1.57308 -6.09733 -2.67513 -4.93369 0.0899989 1 2 3 6 8 11 12 13 
168 7 -3.76685 -0.206541 -0.00214141 -3.86402 1.29031 -3.66967 -1.70339 1 2 3 6 8 11 12 13 
105 7 -2.44912 -1.01742 -0.0464703 -2.9176 0.407542 -1.98063 -2.44239 1 2 3 6 8 11 12 13 
47 7 -4.59997 -0.809695 1.60654 -4.73765 -2.30336 -4.46229 0.683973 1 2 3 6 8 11 12 13 
131 7 -4.2744 -0.426738 1.51604 -4.26432 -1.9267 -4.28449 1.07323 1 2 3 6 8 11 12 13 
50 7 -4.96707 1.39957 1.49607 -5.82885 0.171836 -4.10529 2.62731 1 2 3 6 8 11 12 13 
34 7 -3.52412 1.43049 1.53506 -3.29386 -0.0517324 -3.75437 2.91271 1 2 3 6 8 11 12 13 
85 7 -2.85457 -1.22892 1.60699 -2.83607 -2.72881 -2.87307 0.270962 1 2 3 6 8 11 12 13 
91 7 -2.86016 0.457176 1.57205 -3.29885 1.89159 -2.42147 -0.97724 1 2 3 6 8 11 12 13 
26 7 -5.61351 0.452682 1.57237 -6.50327 -0.754932 -4.72376 1.6603 1 2 3 6 8 11 12 13 
127 7 -5.76711 -1.63297 1.60202 -6.43402 -2.97656 -5.1002 -0.289387 1 2 3 6 8 11 12 13 
28 7 -5.8439 -1.61656 1.47188 -6.57606 -2.92574 -5.11174 -0.307388 1 2 3 6 8 11 12 13 
72 8 -4.18138 5.61931 1.58781 -4.91147 6.92964 -3.4513 4.30897 2 3 4 7 9 12 13 14 
153 8 -3.36561 5.95854 0.0944598 -4.03058 7.30309 -2.70065 4.61399 2 3 4 7 9 12 13 14 
149 8 -5.01247 4.47107 1.54739 -5.76848 5.76662 -4.25646 3.17552 2 3 4 7 9 12 13 14 
54 8 -4.76455 5.0637 1.57851 -5.58354 6.32039 -3.94556 3.80702 2 3 4 7 9 12 13 14 
132 8 -3.66721 3.65339 1.59233 -4.60387 4.825 -2.73055 2.48178 2 3 4 7 9 12 13 14 
155 8 -3.1513 4.55496 0.0708671 -3.88531 5.8631 -2.4173 3.24682 2 3 4 7 9 12 13 14 
193 8 -2.62041 4.93728 0.0866947 -3.28529 6.28187 -1.95552 3.59269 2 3 4 7 9 12 13 14 
197 8 -2.74798 5.9498 -0.0313854 -3.53885 7.22436 -1.9571 4.67523 2 3 4 7 9 12 13 14 
134 8 -5.15907 5.34865 -0.033627 -5.99123 6.59666 -4.32692 4.10065 2 3 4 7 9 12 13 14 
55 8 -5.95144 4.47218 1.65656 -6.92208 5.6158 -4.98081 3.32856 2 3 4 7 9 12 13 14 
117 8 -3.47672 4.4924 -0.0258068 -3.91421 5.92719 -3.03923 3.05762 2 3 4 7 9 12 13 14 
53 8 -5.63388 4.58323 1.64356 -6.55597 5.76633 -4.71178 3.40012 2 3 4 7 9 12 13 14 
78 8 -5.48621 5.57327 0.0219834 -6.35917 6.79309 -4.61326 4.35346 2 3 4 7 9 12 13 14 
137 8 -3.48569 5.64524 0.027191 -4.18259 6.97353 -2.7888 4.31696 2 3 4 7 9 12 13 14 
212 8 -2.14807 3.63107 0.0451745 -2.78299 4.99007 -1.51315 2.27207 2 3 4 7 9 12 13 14 
170 8 -2.43783 2.03915 1.62101 -2.22453 3.52391 -2.65112 0.554395 2 3 4 7 9 12 13 14 
110 8 -5.26907 2.09625 1.47668 -6.24217 0.954725 -4.29597 3.23778 2 3 4 7 9 12 13 14 
96 9 -5.32054 7.90353 -0.0364301 -6.27344 9.06196 -4.36763 6.74509 3 4 -1 8 -1 13 14 -1 
97 9 -4.03877 6.87434 0.0814642 -4.8301 8.14863 -3.24745 5.60006 3 4 -1 8 -1 13 14 -1 
135 9 -3.40453 6.58414 -0.0784199 -4.07312 7.9269 -2.73595 5.24139 3 4 -1 8 -1 13 14 -1 
157 9 -4.4614 8.41813 0.0924511 -5.46083 9.53668 -3.46198 7.29959 3 4 -1 8 -1 13 14 -1 
118 9 -5.0975 9.70843 -0.0705271 -6.58533 9.89915 -3.60968 9.5177 3 4 -1 8 -1 13 14 -1 
138 9 -5.17856 6.54998 -0.00256941 -5.79941 7.91547 -4.55771 5.1845 3 4 -1 8 -1 13 14 -1 
234 9 -2.65416 8.12287 0.0738822 -3.94083 8.8939 -1.3675 7.35184 3 4 -1 8 -1 13 14 -1 
136 9 -4.09471 7.20865 -0.00985311 -4.77975 8.54309 -3.40967 5.87422 3 4 -1 8 -1 13 14 -1 
215 9 -3.25788 8.005 -0.0463609 -4.52093 8.81415 -1.99484 7.19586 3 4 -1 8 -1 13 14 -1 
158 9 -3.53566 9.43463 0.08265 -5.03565 9.42827 -2.03568 9.44098 3 4 -1 8 -1 13 14 -1 
116 9 -2.5216 7.31194 0.0688266 -3.83562 8.03536 -1.20758 6.58851 3 4 -1 8 -1 13 14 -1 
114 9 -5.1211 6.5138 1.61256 -5.75456 7.87348 -4.48764 5.15412 3 4 -1 8 -1 13 14 -1 
235 9 -2.65464 9.0815 -0.0355828 -4.14709 9.23183 -1.1622 8.93116 3 4 -1 8 -1 13 14 -1 
174 9 -2.19523 8.34838 -0.0158582 -3.48762 9.10978 -0.902838 7.58698 3 4 -1 8 -1 13 14 -1 
74 9 -3.86808 6.08859 1.64626 -4.50544 7.44644 -3.23071 4.73074 3 4 -1 8 -1 13 14 -1 
145 10 -0.731669 -6.56404 0.00575202 -1.75746 -5.46962 0.294124 -7.65845 -1 5 6 -1 11 -1 15 16 
165 10 1.06893 -7.95454 -0.0187441 -0.0930874 -7.00601 2.23094 -8.90308 -1 5 6 -1 11 -1 15 16 
164 10 -0.058237 -7.87034 0.0663293 -1.31855 -7.05694 1.20207 -8.68374 -1 5 6 -1 11 -1 15 16 
181 10 0.663974 -6.3204 0.0295419 -0.0939264 -5.02596 1.42187 -7.61485 -1 5 6 -1 11 -1 15 16 
244 10 0.696429 -7.36471 0.0983097 -0.451773 -6.3995 1.84463 -8.32992 -1 5 6 -1 11 -1 15 16 
161 10 -0.742872 -9.57255 -0.0377534 0.696478 -9.99477 -2.18222 -9.15033 -1 5 6 -1 11 -1 15 16 
206 10 1.1729 -6.74404 -0.08235 0.579968 -5.36621 1.76584 -8.12187 -1 5 6 -1 11 -1 15 16 
182 10 1.7237 -9.02331 -0.0612134 0.539644 -8.10244 2.90776 -9.94418 -1 5 6 -1 11 -1 15 16 
23 10 -1.92526 -6.64095 1.50767 -1.09351 -7.88923 -2.75701 -5.39267 -1 5 6 -1 11 -1 15 16 
81 10 -1.58449 -8.47152 0.0762549 -0.0850581 -8.51265 -3.08393 -8.43038 -1 5 6 -1 11 -1 15 16 
187 11 -1.12404 -3.27231 -0.0401799 -1.6759 -1.87752 -0.572173 -4.66711 5 6 7 10 12 15 16 17 
162 11 0.34871 -5.02204 0.045501 -0.310721 -3.67476 1.00814 -6.36931 5 6 7 10 12 15 16 17 
241 11 1.22473 -4.33297 -0.00257303 0.323924 -3.13357 2.12553 -5.53237 5 6 7 10 12 15 16 17 
146 11 -0.0185121 -3.3546 -0.0290627 -0.754987 -2.04785 0.717963 -4.66135 5 6 7 10 12 15 16 17 
185 11 1.30562 -4.14689 -0.0540477 0.51099 -2.87467 2.10026 -5.41912 5 6 7 10 12 15 16 17 
189 11 -1.66447 -2.59221 0.0938717 -2.32603 -1.24598 -1.00291 -3.93844 5 6 7 10 12 15 16 17 
223 11 0.25818 -3.56592 -0.0611452 -0.527045 -2.28787 1.04341 -4.84397 5 6 7 10 12 15 16 17 
221 11 -1.13992 -4.4586 -0.0620778 -2.24774 -3.4473 -0.0320993 -5.46991 5 6 7 10 12 15 16 17 
284 11 1.39317 -2.94206 -0.043355 0.536061 -1.71106 2.25029 -4.17306 5 6 7 10 12 15 16 17 
247 11 1.34366 -3.45597 0.0105635 0.430614 -2.26587 2.25671 -4.64607 5 6 7 10 12 15 16 17 
261 11 1.85107 -5.50891 0.0248666 0.530321 -4.79784 3.17182 -6.21998 5 6 7 10 12 15 16 17 
123 11 -0.678546 -5.80167 -0.0113081 -2.03945 -5.17085 0.682358 -6.4325 5 6 7 10 12 15 16 17 
141 11 -1.82652 -3.94867 -0.0153654 -2.96288 -2.96955 -0.690162 -4.9278 5 6 7 10 12 15 16 17 
224 11 1.95436 -2.98735 -0.0442809 1.25159 -1.66216 2.65713 -4.31254 5 6 7 10 12 15 16 17 
207 11 -1.12516 -4.65623 0.0828931 -2.31315 -3.74044 0.0628327 -5.57202 5 6 7 10 12 15 16 17 
133 11 -1.01948 -2.38304 1.59233 -1.97104 -1.2235 -0.0679199 -3.54258 5 6 7 10 12 15 16 17 
264 11 0.595015 -5.79357 0.00277262 -0.0343764 -4.432 1.22441 -7.15514 5 6 7 10 12 15 16 17 
266 11 1.3415 -5.88914 -0.0801331 0.369932 -4.74631 2.31308 -7.03196 5 6 7 10 12 15 16 17 
125 11 -1.87213 -2.7812 -0.0866852 -2.42278 -1.38593 -1.32148 -4.17647 5 6 7 10 12 15 16 17 
226 11 0.947109 -5.94947 -0.0370219 0.175329 -4.66325 1.71889 -7.23568 5 6 7 10 12 15 16 17 
194 12 -0.972176 0.885715 0.0518072 -1.57027 2.26132 -0.37408 -0.489888 6 7 8 11 13 16 17 18 
166 12 -0.215073 -1.02999 0.0316722 -0.956543 0.273936 0.526396 -2.33392 6 7 8 11 13 16 17 18 
293 12 0.776257 0.976329 1.6695 -0.055898 -0.271677 1.60841 2.22433 6 7 8 11 13 16 17 18 
203 12 0.67726 -1.3214 0.0986814 -0.312774 -0.194532 1.66729 -2.44827 6 7 8 11 13 16 17 18 
147 12 -0.722498 -1.18035 -0.0290627 -1.46626 0.122271 0.021266 -2.48297 6 7 8 11 13 16 17 18 
205 12 1.65979 -1.84805 -0.0835163 0.936814 -0.533784 2.38277 -3.16232 6 7 8 11 13 16 17 18 
171 12 1.35579 -0.909245 1.62101 2.28365 -2.08783 0.427921 0.269343 6 7 8 11 13 16 17 18 
122 12 -1.67641 -1.82355 0.0960758 -2.37333 -0.49528 -0.979495 -3.15182 6 7 8 11 13 16 17 18 
150 12 -0.747356 -1.7459 1.5108 -1.75155 -0.631634 0.256836 -2.86017 6 7 8 11 13 16 17 18 
246 12 0.814935 -1.83588 0.0105635 -0.056915 -0.615274 1.68679 -3.05648 6 7 8 11 13 16 17 18 
210 12 -0.124147 1.92892 0.0886768 -0.128651 3.42891 -0.119643 0.428923 6 7 8 11 13 16 17 18 
172 12 -0.83095 1.99258 0.080962 -1.46405 3.35243 -0.19785 0.632736 6 7 8 11 13 16 17 18 
191 13 -0.264339 3.35976 -0.0803081 -0.267711 4.85976 -0.260967 1.85976 7 8 9 12 14 17 18 19 
209 13 0.399685 2.82325 0.0886768 0.445096 4.32256 0.354274 1.32394 7 8 9 12 14 17 18 19 
190 13 0.806024 3.02063 0.0938717 1.06159 4.4987 0.550463 1.54256 7 8 9 12 14 17 18 19 
175 13 -0.985891 4.2171 0.0185602 -1.69571 5.53852 -0.276077 2.89567 7 8 9 12 14 17 18 19 
213 13 -1.58635 5.01529 0.0189033 -1.9918 6.45945 -1.18091 3.57112 7 8 9 12 14 17 18 19 
312 13 1.2108 3.55683 1.55215 1.12896 2.05907 1.29265 5.0546 7 8 9 12 14 17 18 19 
176 13 -0.257348 5.32201 0.0439749 -1.20534 6.48448 0.690639 4.15955 7 8 9 12 14 17 18 19 
252 13 0.115311 2.20242 1.54105 0.25492 3.69591 -0.0242973 0.708931 7 8 9 12 14 17 18 19 
188 13 -0.743512 2.89589 0.0938717 -1.12418 4.34679 -0.362847 1.445 7 8 9 12 14 17 18 19 
195 13 1.28954 5.79196 -0.0966908 1.08137 7.27744 1.49771 4.30647 7 8 9 12 14 17 18 19 
115 13 -1.88633 5.48408 0.0241251 -2.34305 6.91286 -1.42961 4.0553 7 8 9 12 14 17 18 19 
233 13 1.0061 5.86852 0.0984411 0.82466 7.3575 1.18754 4.37953 7 8 9 12 14 17 18 19 
232 13 1.62773 2.27696 0.0536245 0.399178 1.41635 2.85629 3.13757 7 8 9 12 14 17 18 19 
196 13 -1.69568 4.05364 -0.0214127 -2.06601 5.50721 -1.32535 2.60007 7 8 9 12 14 17 18 19 
218 14 -1.43572 9.70887 0.0219677 -2.9348 9.76139 0.0633648 9.65635 8 9 -1 13 -1 18 19 -1 
237 14 0.725054 8.16029 0.0560184 -0.712031 8.59016 2.16214 7.73042 8 9 -1 13 -1 18 19 -1 
238 14 0.185613 8.58748 -0.0677189 -1.24716 9.03149 1.61839 8.14346 8 9 -1 13 -1 18 19 -1 
154 14 1.31946 8.36146 -0.0763312 -0.13011 8.74712 2.76904 7.9758 8 9 -1 13 -1 18 19 -1 
297 14 -0.583529 9.86781 0.0840942 0.915494 9.92195 -2.08255 9.81368 8 9 -1 13 -1 18 19 -1 
278 14 0.624235 9.02167 -0.0548573 2.11439 8.85011 -0.865922 9.19323 8 9 -1 13 -1 18 19 -1 
317 14 0.456388 9.61593 0.0721344 1.9471 9.78258 -1.03433 9.44928 8 9 -1 13 -1 18 19 -1 
178 14 -0.186597 7.08931 0.0681749 -1.02699 8.33178 0.653794 5.84683 8 9 -1 13 -1 18 19 -1 
156 14 -1.37494 8.78602 0.0322909 -2.84845 9.06667 0.0985712 8.50537 8 9 -1 13 -1 18 19 -1 
217 14 -0.688142 6.55811 0.0193853 -1.95767 7.35706 0.581381 5.75917 8 9 -1 13 -1 18 19 -1 
253 14 -0.197868 6.86197 -0.0652644 -1.14238 8.02726 0.746642 5.69668 8 9 -1 13 -1 18 19 -1 
198 14 0.123436 7.0493 -0.0460039 -0.696584 8.30531 0.943455 5.79329 8 9 -1 13 -1 18 19 -1 
214 14 1.48758 6.11549 -0.0575552 1.36044 7.6101 1.61473 4.62089 8 9 -1 13 -1 18 19 -1 
177 14 -0.629553 6.25912 0.0410186 -1.94349 6.98271 0.68438 5.53554 8 9 -1 13 -1 18 19 -1 
236 14 1.75573 6.33254 0.0754502 1.51309 7.81279 1.99836 4.8523 8 9 -1 13 -1 18 19 -1 
302 15 4.19652 -8.51488 -0.0541769 3.72762 -7.09005 4.66542 -9.93971 -1 10 11 -1 16 -1 20 21 
263 15 4.80024 -7.70779 0.0564466 3.59609 -6.81335 6.00438 -8.60224 -1 10 11 -1 16 -1 20 21 
341 15 4.84388 -7.2239 -0.0266753 3.6571 -6.30654 6.03066 -8.14126 -1 10 11 -1 16 -1 20 21 
243 15 4.38318 -7.17018 -0.00534277 3.26017 -6.17577 5.50619 -8.16459 -1 10 11 -1 16 -1 20 21 
242 15 2.73827 -7.47011 -0.00484941 2.22139 -6.06198 3.25515 -8.87825 -1 10 11 -1 16 -1 20 21 
227 15 2.7332 -8.02684 0.08476 2.25336 -6.60566 3.21304 -9.44802 -1 10 11 -1 16 -1 20 21 
201 15 3.93683 -6.55862 -0.0121466 2.80374 -5.57571 5.06992 -7.54152 -1 10 11 -1 16 -1 20 21 
225 15 2.82722 -6.1577 -0.0243093 1.55495 -5.36313 4.09948 -6.95227 -1 10 11 -1 16 -1 20 21 
286 15 5.73084 -6.33675 1.62525 4.61535 -5.33391 6.84633 -7.33959 -1 10 11 -1 16 -1 20 21 
186 15 2.06277 -8.41675 0.0781129 1.42388 -7.05961 2.70166 -9.77389 -1 10 11 -1 16 -1 20 21 
245 16 4.45707 -5.09961 -0.0212704 3.21177 -4.2634 5.70236 -5.93581 10 11 12 15 17 20 21 22 
283 16 2.54135 -3.50222 0.0836279 1.9108 -2.14119 3.17191 -4.86325 10 11 12 15 17 20 21 22 
282 16 4.25075 -4.51823 -0.0810843 3.21702 -3.4313 5.28447 -5.60516 10 11 12 15 17 20 21 22 
248 16 4.67617 -3.7355 1.55798 3.51298 -2.7884 5.83936 -4.6826 10 11 12 15 17 20 21 22 
326 16 3.96881 -3.06006 1.64329 2.75635 -2.17693 5.18127 -3.9432 10 11 12 15 17 20 21 22 
291 16 4.81017 -3.50895 1.5682 3.68585 -2.51602 5.93449 -4.50188 10 11 12 15 17 20 21 22 
152 16 2.93997 -3.99928 1.51143 2.33135 -2.6283 3.54858 -5.37026 10 11 12 15 17 20 21 22 
344 16 4.65611 -4.24279 1.5878 3.52697 -3.25535 5.78525 -5.23022 10 11 12 15 17 20 21 22 
301 16 5.40729 -3.14201 -0.0896105 4.17719 -2.2836 6.63738 -4.00042 10 11 12 15 17 20 21 22 
222 16 4.28588 -5.60237 -0.0374866 3.27579 -4.49343 5.29596 -6.7113 10 11 12 15 17 20 21 22 
265 16 4.97244 -3.81742 -0.0801331 3.75342 -2.94336 6.19147 -4.69147 10 11 12 15 17 20 21 22 
270 16 2.82108 -5.02902 1.62258 1.53854 -4.25113 4.10362 -5.8069 10 11 12 15 17 20 21 22 
230 16 2.2785 -3.16059 1.61476 1.56585 -1.84068 2.99114 -4.48049 10 11 12 15 17 20 21 22 
73 16 3.20215 -2.20806 1.49962 1.90056 -1.46249 4.50373 -2.95363 10 11 12 15 17 20 21 22 
267 16 5.78872 -3.26274 1.47404 4.56551 -2.39455 7.01194 -4.13092 10 11 12 15 17 20 21 22 
330 17 4.46251 0.811483 1.4827 2.99558 0.498265 5.92944 1.1247 11 12 13 16 18 21 22 23 
305 17 3.03253 -1.02906 1.52065 1.83051 -0.131764 4.23455 -1.92635 11 12 13 16 18 21 22 23 
287 17 2.43739 -0.0152042 1.57435 1.20005 0.832722 3.67474 -0.86313 11 12 13 16 18 21 22 23 
351 17 3.22287 0.903283 1.5717 1.74012 0.676411 4.70561 1.13016 11 12 13 16 18 21 22 23 
308 17 5.3576 -1.19938 1.55792 3.86397 -1.06127 6.85123 -1.33748 11 12 13 16 18 21 22 23 
289 17 5.11305 -0.875237 1.47494 3.65989 -0.503334 6.56622 -1.24714 11 12 13 16 18 21 22 23 
231 17 3.46556 0.369523 1.61476 1.97435 0.531678 4.95677 0.207368 11 12 13 16 18 21 22 23 
328 17 2.38695 0.980812 1.57454 0.890596 0.876258 3.8833 1.08537 11 12 13 16 18 21 22 23 
208 17 2.48154 -0.161762 0.0886768 1.2272 0.660816 3.73588 -0.984339 11 12 13 16 18 21 22 23 
250 17 2.05431 -0.689718 1.58442 0.834114 0.182707 3.2745 -1.56214 11 12 13 16 18 21 22 23 
323 17 4.01178 -1.8327 0.017917 2.72491 -1.06201 5.29865 -2.60339 11 12 13 16 18 21 22 23 
271 17 5.83537 -0.366548 1.61511 4.33829 -0.460083 7.33245 -0.273012 11 12 13 16 18 21 22 23 
251 17 2.68426 1.86296 1.54105 1.41103 1.06993 3.95749 2.65599 11 12 13 16 18 21 22 23 
211 17 2.04276 -1.00396 0.0146525 0.8145 -0.142923 3.27102 -1.86499 11 12 13 16 18 21 22 23 
229 17 2.13814 -1.91095 1.56342 3.07765 -3.08027 1.19862 -0.741632 11 12 13 16 18 21 22 23 
372 17 5.9672 0.217619 1.51924 4.47917 0.0284979 7.45523 0.406741 11 12 13 16 18 21 22 23 
334 18 3.63253 3.87985 1.49321 2.37051 3.06911 4.89456 4.69059 12 13 14 17 19 22 23 24 
314 18 4.59484 5.54525 1.52025 3.43483 4.59426 5.75485 6.49624 12 13 14 17 19 22 23 24 
290 18 4.76423 3.21043 1.62067 3.46773 2.45605 6.06074 3.9648 12 13 14 17 19 22 23 24 
336 18 4.17446 5.1859 1.56548 3.01471 4.2346 5.33421 6.13721 12 13 14 17 19 22 23 24 
254 18 4.06563 3.97999 0.0939474 5.33053 4.78623 2.80073 3.17375 12 13 14 17 19 22 23 24 
310 18 2.3602 2.58085 1.66042 1.24168 1.58139 3.47872 3.58031 12 13 14 17 19 22 23 24 
315 18 4.50075 3.96034 1.52025 3.36169 2.98436 5.63981 4.93633 12 13 14 17 19 22 23 24 
273 18 2.95677 4.20863 1.63076 1.80663 3.24573 4.10692 5.17152 12 13 14 17 19 22 23 24 
311 18 4.07102 3.1711 1.63968 2.68422 2.59946 5.45783 3.74274 12 13 14 17 19 22 23 24 
292 18 3.41419 2.78222 1.52951 2.02244 2.22273 4.80594 3.34171 12 13 14 17 19 22 23 24 
295 18 4.19937 4.86628 -0.0909834 5.22586 5.96005 3.17289 3.77251 12 13 14 17 19 22 23 24 
335 18 5.36737 4.66408 1.56548 4.21125 3.70838 6.5235 5.61979 12 13 14 17 19 22 23 24 
256 18 4.84498 5.23797 0.024088 5.93498 6.26846 3.75498 4.20748 12 13 14 17 19 22 23 24 
216 18 2.15029 4.31801 -0.00681139 3.01396 5.54442 1.28662 3.09161 12 13 14 17 19 22 23 24 
374 18 5.98323 2.02841 1.64317 7.47922 2.13795 4.48723 1.91888 12 13 14 17 19 22 23 24 
249 18 3.624 2.0037 1.49744 2.45891 1.05895 4.78909 2.94846 12 13 14 17 19 22 23 24 
258 19 5.21101 9.45017 0.03131 6.69067 9.69638 3.73136 9.20395 13 14 -1 18 -1 23 24 -1 
338 19 5.6261 7.10559 0.0623159 6.56641 8.27428 4.68579 5.93691 13 14 -1 18 -1 23 24 -1 
373 19 2.39629 9.67119 1.55408 0.897821 9.60353 3.89477 9.73886 13 14 -1 18 -1 23 24 -1 
257 19 2.05428 9.13856 -0.0370511 0.591233 9.46947 3.51732 8.80764 13 14 -1 18 -1 23 24 -1 
277 19 3.92553 8.90794 -0.0597183 5.35246 9.37039 2.49859 8.44549 13 14 -1 18 -1 23 24 -1 
276 19 3.14575 6.81979 0.0647429 4.1436 7.93975 2.14791 5.69983 13 14 -1 18 -1 23 24 -1 
354 19 4.98145 7.30963 1.65873 3.70303 6.525 6.25987 8.09425 13 14 -1 18 -1 23 24 -1 
255 19 3.69201 9.57434 -0.00311797 2.2051 9.37657 5.17892 9.7721 13 14 -1 18 -1 23 24 -1 
316 19 2.95877 6.30036 -0.0655887 3.88522 7.48005 2.03231 5.12066 13 14 -1 18 -1 23 24 -1 
275 19 3.38161 7.72286 -0.0896766 4.81555 8.16311 1.94767 7.28262 13 14 -1 18 -1 23 24 -1 
294 19 5.08235 6.10985 1.6695 3.8504 5.25411 6.31431 6.96559 13 14 -1 18 -1 23 24 -1 
296 19 5.77583 8.79559 -0.0642139 7.20839 9.24031 4.34327 8.35088 13 14 -1 18 -1 23 24 -1 
321 20 7.39927 -9.93403 0.00346954 5.89928 -9.92967 8.89926 -9.93839 -1 15 16 -1 21 -1 -1 -1 
343 20 7.48355 -9.45792 1.58283 6.03369 -9.07333 8.93341 -9.84252 -1 15 16 -1 21 -1 -1 -1 
362 20 9.73974 -8.11963 1.61243 9.78491 -6.62031 9.69456 -9.61895 -1 15 16 -1 21 -1 -1 -1 
262 20 7.98982 -6.27183 -0.0512347 7.31178 -4.93383 8.66786 -7.60984 -1 15 16 -1 21 -1 -1 -1 
324 20 8.44177 -8.24273 1.52854 7.20156 -7.39901 9.68199 -9.08645 -1 15 16 -1 21 -1 -1 -1 
322 20 6.98314 -8.74527 0.017917 5.4923 -8.57972 8.47398 -8.91083 -1 15 16 -1 21 -1 -1 -1 
281 20 7.77293 -7.44719 0.0213392 6.63767 -6.4668 8.9082 -8.42759 -1 15 16 -1 21 -1 -1 -1 
285 20 7.77315 -9.22185 -0.043355 9.26876 -9.33663 6.27755 -9.10707 -1 15 16 -1 21 -1 -1 -1 
306 20 7.61022 -7.48573 1.66258 6.39137 -6.61143 8.82907 -8.36003 -1 15 16 -1 21 -1 -1 -1 
228 20 7.23301 -8.77998 0.08476 5.74196 -8.61631 8.72405 -8.94366 -1 15 16 -1 21 -1 -1 -1 
346 20 9.83284 -6.86708 1.57554 9.7803 -5.368 9.88538 -8.36616 -1 15 16 -1 21 -1 -1 -1 
304 20 7.45698 -6.41416 0.0786674 6.39266 -5.35718 8.5213 -7.47115 -1 15 16 -1 21 -1 -1 -1 
303 20 6.44388 -7.57051 0.0786674 5.20091 -6.73086 7.68686 -8.41016 -1 15 16 -1 21 -1 -1 -1 
366 21 9.18303 -4.08749 1.59963 8.63865 -2.68975 9.72741 -5.48522 15 16 17 20 22 -1 -1 -1 
307 21 7.51066 -3.75011 1.47786 6.57786 -2.57543 8.44346 -4.9248 15 16 17 20 22 -1 -1 -1 
288 21 7.19905 -3.01973 1.54623 6.30813 -1.81298 8.08998 -4.22649 15 16 17 20 22 -1 -1 -1 
348 21 8.73209 -3.58109 1.61413 8.02114 -2.26027 9.44304 -4.9019 15 16 17 20 22 -1 -1 -1 
365 21 9.43222 -3.68241 1.61639 9.07458 -2.22566 9.78985 -5.13915 15 16 17 20 22 -1 -1 -1 
327 21 7.2033 -4.18229 1.48248 6.38154 -2.92741 8.02506 -5.43716 15 16 17 20 22 -1 -1 -1 
361 21 8.50246 -5.90479 0.0685141 7.5793 -4.72252 9.42562 -7.08707 15 16 17 20 22 -1 -1 -1 
192 21 7.89951 -3.33938 0.060257 7.33627 -1.94914 8.46274 -4.72962 15 16 17 20 22 -1 -1 -1 
363 21 8.62694 -4.99114 1.63109 7.79991 -3.73973 9.45397 -6.24255 15 16 17 20 22 -1 -1 -1 
364 21 7.48823 -5.66375 1.6272 6.71582 -4.37791 8.26064 -6.94959 15 16 17 20 22 -1 -1 -1 
325 21 8.76492 -5.58106 1.49129 7.80091 -4.43185 9.72893 -6.73027 15 16 17 20 22 -1 -1 -1 
350 22 8.7115 -0.238188 1.54919 8.3364 1.21415 9.0866 -1.69053 16 17 18 21 23 -1 -1 -1 
368 22 9.25605 0.149158 1.67067 9.03674 1.63304 9.47537 -1.33472 16 17 18 21 23 -1 -1 -1 
347 22 9.28404 1.05875 1.50313 9.69434 -0.384037 8.87373 2.50155 16 17 18 21 23 -1 -1 -1 
367 22 7.37348 -1.53042 1.47839 6.05394 -0.81711 8.69302 -2.24374 16 17 18 21 23 -1 -1 -1 
309 22 6.43724 0.43685 1.64993 4.94806 0.257041 7.92643 0.616659 16 17 18 21 23 -1 -1 -1 
349 22 6.04966 0.123536 1.62199 7.54439 0.249211 4.55494 -0.00213791 16 17 18 21 23 -1 -1 -1 
353 22 6.86299 1.4787 1.56506 5.36348 1.44048 8.3625 1.51691 16 17 18 21 23 -1 -1 -1 
333 22 7.4019 1.56122 1.58287 5.90193 1.57053 8.90187 1.55192 16 17 18 21 23 -1 -1 -1 
345 22 6.67171 -1.73672 1.54214 5.24205 -1.28276 8.10136 -2.19069 16 17 18 21 23 -1 -1 -1 
342 22 8.79831 -1.76789 -0.0266753 8.57074 -0.285253 9.02589 -3.25053 16 17 18 21 23 -1 -1 -1 
329 22 9.72034 -1.61799 1.50539 9.9257 -0.132111 9.51498 -3.10386 16 17 18 21 23 -1 -1 -1 
268 22 6.24443 1.26953 1.57244 4.7451 1.31441 7.74376 1.22466 16 17 18 21 23 -1 -1 -1 
269 22 6.00632 0.629637 1.58036 4.50947 0.532422 7.50316 0.726852 16 17 18 21 23 -1 -1 -1 
352 23 8.7484 3.33244 1.58557 8.95059 1.84613 8.54621 4.81875 17 18 19 22 24 -1 -1 -1 
357 23 8.85706 4.39817 1.6088 9.15973 2.92902 8.55439 5.86731 17 18 19 22 24 -1 -1 -1 
358 23 9.48503 2.46942 -0.0262301 9.99195 1.05767 8.97812 3.88117 17 18 19 22 24 -1 -1 -1 
332 23 7.99046 4.56051 1.47638 8.06926 3.06259 7.91166 6.05844 17 18 19 22 24 -1 -1 -1 
356 23 9.64867 4.36819 1.6088 9.71506 2.86966 9.58228 5.86672 17 18 19 22 24 -1 -1 -1 
371 23 8.90473 3.1133 1.55579 8.67299 4.59529 9.13647 1.63131 17 18 19 22 24 -1 -1 -1 
369 23 7.66372 3.39221 1.504 8.36188 2.06459 6.96555 4.71982 17 18 19 22 24 -1 -1 -1 
272 23 6.86546 5.04294 1.63076 5.91333 3.88387 7.81759 6.20202 17 18 19 22 24 -1 -1 -1 
331 23 6.58329 5.09304 1.61035 5.56042 3.99589 7.60616 6.19019 17 18 19 22 24 -1 -1 -1 
370 23 6.50379 2.39686 1.62503 5.02051 2.62022 7.98706 2.1735 17 18 19 22 24 -1 -1 -1 
337 24 7.42492 9.33222 -0.0754216 6.07075 8.68708 8.7791 9.97737 18 19 -1 23 -1 -1 -1 -1 
355 24 7.52644 8.05185 1.65228 8.88302 8.69192 6.16986 7.41178 18 19 -1 23 -1 -1 -1 -1 
375 24 6.7284 9.75708 1.58201 5.22883 9.72144 8.22798 9.79272 18 19 -1 23 -1 -1 -1 -1 
378 24 8.43225 8.09006 1.61999 7.01372 7.60244 9.85078 8.57769 18 19 -1 23 -1 -1 -1 -1 
318 24 7.6314 9.22843 0.0769724 8.99875 9.84515 6.26404 8.61172 18 19 -1 23 -1 -1 -1 -1 
274 24 9.22024 6.12644 0.0303916 8.9107 7.59415 9.52978 4.65872 18 19 -1 23 -1 -1 -1 -1 
377 24 9.47633 6.91575 1.61999 9.51772 5.41632 9.43494 8.41518 18 19 -1 23 -1 -1 -1 -1 
298 24 6.576 8.43736 -0.0538784 8.06778 8.59422 5.08422 8.28051 18 19 -1 23 -1 -1 -1 -1 
313 24 6.7886 6.38163 1.66995 5.5368 5.55519 8.0404 7.20807 18 19 -1 23 -1 -1 -1 -1 
376 24 8.21205 6.00001 1.61539 8.12523 7.49749 8.29887 4.50252 18 19 -1 23 -1 -1 -1 -1 
