102 0 -7.36109 -6.77102 -0.0897456 -6.17492 -5.85288 -8.54726 -7.68917 -1 -1 -1 -1 1 -1 5 6 
204 0 -7.74165 -8.71359 0.0898347 -8.59079 -9.95011 -6.89252 -7.47708 -1 -1 -1 -1 1 -1 5 6 
104 0 -7.94989 -8.47646 -0.0464703 -6.98367 -7.32911 -8.91612 -9.62381 -1 -1 -1 -1 1 -1 5 6 
42 0 -7.5545 -7.27583 -0.0685787 -6.47494 -6.23441 -8.63405 -8.31725 -1 -1 -1 -1 1 -1 5 6 
126 0 -8.1528 -6.83895 -0.0866852 -6.9906 -5.89064 -9.315 -7.78726 -1 -1 -1 -1 1 -1 5 6 
163 0 -6.40171 -9.31068 0.000652872 -7.89989 -9.38447 -4.90352 -9.2369 -1 -1 -1 -1 1 -1 5 6 
143 0 -9.50353 -6.13935 0.0057508 -9.09481 -4.69611 -9.91224 -7.5826 -1 -1 -1 -1 1 -1 5 6 
84 0 -8.55799 -6.30626 -0.0484298 -7.50986 -5.23321 -9.60611 -7.37931 -1 -1 -1 -1 1 -1 5 6 
124 0 -7.13338 -6.34122 -0.0693766 -5.99813 -5.36081 -8.26863 -7.32163 -1 -1 -1 -1 1 -1 5 6 
44 0 -6.52266 -6.19307 1.57057 -7.69408 -7.12997 -5.35124 -5.25618 -1 -1 -1 -1 1 -1 5 6 
148 0 -6.42595 -7.92962 1.53451 -7.34735 -9.11328 -5.50456 -6.74597 -1 -1 -1 -1 1 -1 5 6 
25 1 -6.63982 -5.81989 1.51782 -7.85842 -6.69454 -5.42122 -4.94524 -1 -1 -1 0 2 5 6 7 
103 1 -6.84338 -2.8964 -0.00949416 -6.79237 -1.39727 -6.89438 -4.39553 -1 -1 -1 0 2 5 6 7 
46 1 -8.49996 -2.82243 1.51621 -8.84049 -4.28327 -8.15944 -1.3616 -1 -1 -1 0 2 5 6 7 
22 1 -7.61062 -3.75038 1.51221 -8.0238 -5.19235 -7.19743 -2.30842 -1 -1 -1 0 2 5 6 7 
32 1 -7.9549 -4.65737 1.53486 -8.42919 -6.08041 -7.48061 -3.23433 -1 -1 -1 0 2 5 6 7 
66 1 -7.50731 -5.67945 1.61439 -8.45237 -6.8443 -6.56225 -4.51461 -1 -1 -1 0 2 5 6 7 
69 1 -8.5235 -4.07496 1.65286 -9.25808 -5.38278 -7.78891 -2.76714 -1 -1 -1 0 2 5 6 7 
65 1 -8.24043 -2.70318 1.50376 -8.75418 -4.11246 -7.72668 -1.29391 -1 -1 -1 0 2 5 6 7 
108 1 -7.71368 -3.17528 1.57308 -8.33132 -4.54221 -7.09603 -1.80834 -1 -1 -1 0 2 5 6 7 
28 1 -8.97141 -2.53077 1.47188 -9.6398 -3.87363 -8.30302 -1.18792 -1 -1 -1 0 2 5 6 7 
21 1 -7.62707 -5.64306 -0.092345 -6.69673 -4.46642 -8.5574 -6.8197 -1 -1 -1 0 2 5 6 7 
41 1 -6.289 -5.28917 -0.0685787 -5.06224 -4.426 -7.51577 -6.15233 -1 -1 -1 0 2 5 6 7 
109 1 -9.61293 -2.13335 1.54238 -9.61671 -0.633352 -9.60915 -3.63334 -1 -1 -1 0 2 5 6 7 
127 1 -7.12662 -2.04042 1.60202 -7.76574 -3.39745 -6.48749 -0.683393 -1 -1 -1 0 2 5 6 7 
30 2 -9.21455 -0.869428 1.53668 -9.57532 -2.3254 -8.85378 0.58654 -1 -1 -1 1 3 6 7 8 
27 2 -8.18697 1.02966 1.51453 -9.03145 -0.21004 -7.34249 2.26936 -1 -1 -1 1 3 6 7 8 
45 2 -8.89854 1.07785 1.63561 -8.42894 2.50244 -9.36815 -0.346745 -1 -1 -1 1 3 6 7 8 
26 2 -8.81797 -1.73674 1.57237 -9.42019 -3.11054 -8.21574 -0.362944 -1 -1 -1 1 3 6 7 8 
89 2 -8.27497 -1.49056 1.5963 -8.81718 -2.88914 -7.73277 -0.0919841 -1 -1 -1 1 3 6 7 8 
24 2 -7.44209 0.804017 1.49928 -7.55728 -0.691554 -7.32691 2.29959 -1 -1 -1 1 3 6 7 8 
35 3 -9.62911 4.74108 1.57487 -9.73671 6.23722 -9.52152 3.24494 -1 -1 -1 2 4 7 8 9 
29 3 -9.39028 3.1477 1.57246 -9.23545 1.65572 -9.54511 4.63969 -1 -1 -1 2 4 7 8 9 
151 3 -9.88737 3.951 1.51143 -9.926 5.4505 -9.84873 2.4515 -1 -1 -1 2 4 7 8 9 
33 3 -8.22273 4.80685 1.57137 -8.28829 6.30542 -8.15716 3.30829 -1 -1 -1 2 4 7 8 9 
110 3 -6.7442 4.53029 1.47668 -7.46713 3.21599 -6.02128 5.84459 -1 -1 -1 2 4 7 8 9 
56 3 -8.3571 4.0277 1.5693 -8.54482 5.5159 -8.16938 2.53949 -1 -1 -1 2 4 7 8 9 
86 3 -6.63158 4.47078 1.65076 -7.42038 3.19493 -5.84278 5.74663 -1 -1 -1 2 4 7 8 9 
92 3 -7.47165 3.42898 1.59747 -8.0305 2.03697 -6.91279 4.82098 -1 -1 -1 2 4 7 8 9 
98 3 -8.54598 5.55921 0.0357864 -8.86102 7.02575 -8.23093 4.09266 -1 -1 -1 2 4 7 8 9 
49 3 -9.28308 3.45748 1.53819 -9.12827 1.96549 -9.43789 4.94947 -1 -1 -1 2 4 7 8 9 
53 3 -7.64226 5.32036 1.64356 -7.39444 6.79974 -7.89008 3.84097 -1 -1 -1 2 4 7 8 9 
94 3 -9.09082 5.39802 1.49327 -9.06826 6.89785 -9.11337 3.89819 -1 -1 -1 2 4 7 8 9 
93 3 -8.81405 5.87439 1.57299 -9.11302 7.3443 -8.51508 4.40449 -1 -1 -1 2 4 7 8 9 
75 3 -9.32952 5.8445 1.66739 -9.39402 7.34311 -9.26503 4.34589 -1 -1 -1 2 4 7 8 9 
128 3 -6.38445 5.83853 1.5358 -7.47565 4.80931 -5.29325 6.86774 -1 -1 -1 2 4 7 8 9 
38 3 -6.62936 3.28112 1.66868 -5.59994 4.37212 -7.65879 2.19012 -1 -1 -1 2 4 7 8 9 
130 3 -9.81689 2.2234 1.60474 -9.87298 0.724452 -9.76079 3.72235 -1 -1 -1 2 4 7 8 9 
138 3 -6.05991 5.12661 -0.00256941 -5.29553 6.41724 -6.82428 3.83598 -1 -1 -1 2 4 7 8 9 
37 3 -6.08627 2.38701 1.66868 -6.8686 1.10719 -5.30393 3.66684 -1 -1 -1 2 4 7 8 9 
58 4 -9.48402 8.28534 -0.0321181 -9.20155 6.81218 -9.7665 9.7585 -1 -1 -1 3 -1 8 9 -1 
77 4 -7.6176 9.70336 0.0753746 -9.09393 9.43793 -6.14128 9.96879 -1 -1 -1 3 -1 8 9 -1 
36 4 -7.93955 7.44687 1.51514 -7.40944 8.85007 -8.46965 6.04366 -1 -1 -1 3 -1 8 9 -1 
96 4 -6.11264 9.08768 -0.0364301 -7.6047 8.93349 -4.62059 9.24187 -1 -1 -1 3 -1 8 9 -1 
57 4 -8.81922 8.1294 1.5693 -9.20998 9.57761 -8.42847 6.68119 -1 -1 -1 3 -1 8 9 -1 
52 4 -9.55513 6.93471 1.65249 -9.77907 8.4179 -9.3312 5.45152 -1 -1 -1 3 -1 8 9 -1 
158 4 -6.5255 9.10076 0.08265 -8.00821 8.87364 -5.04279 9.32787 -1 -1 -1 3 -1 8 9 -1 
51 4 -6.96642 6.25399 1.51942 -7.52956 4.86371 -6.40328 7.64427 -1 -1 -1 3 -1 8 9 -1 
197 4 -6.0795 7.73265 -0.0313854 -7.53558 8.09295 -4.62341 7.37235 -1 -1 -1 3 -1 8 9 -1 
81 5 -3.98502 -9.26608 0.0762549 -2.48834 -9.36583 -5.4817 -9.16633 -1 0 1 -1 6 -1 10 11 
23 5 -3.51754 -7.97433 1.50767 -2.01835 -8.02376 -5.01672 -7.9249 -1 0 1 -1 6 -1 10 11 
82 5 -3.70658 -8.43765 -0.0667708 -2.24282 -8.10993 -5.17034 -8.76537 -1 0 1 -1 6 -1 10 11 
63 5 -3.42554 -8.74643 -0.0838541 -1.95445 -8.45336 -4.89664 -9.0395 -1 0 1 -1 6 -1 10 11 
43 5 -4.0919 -8.39743 1.57954 -5.56724 -8.66826 -2.61655 -8.1266 -1 0 1 -1 6 -1 10 11 
106 5 -2.20909 -8.47639 1.52942 -0.734908 -8.19928 -3.68327 -8.7535 -1 0 1 -1 6 -1 10 11 
202 5 -2.47087 -9.8784 -0.0198541 -3.96936 -9.94564 -0.972379 -9.81117 -1 0 1 -1 6 -1 10 11 
101 5 -4.77978 -6.81204 0.0132319 -3.98245 -5.5415 -5.5771 -8.08258 -1 0 1 -1 6 -1 10 11 
145 5 -2.01521 -6.23686 0.00575202 -2.90832 -5.03172 -1.1221 -7.44199 -1 0 1 -1 6 -1 10 11 
141 5 -5.16332 -6.4287 -0.0153654 -4.45483 -5.10657 -5.87182 -7.75084 -1 0 1 -1 6 -1 10 11 
107 5 -2.4792 -7.23063 1.55838 -1.01477 -7.55537 -3.94362 -6.90588 -1 0 1 -1 6 -1 10 11 
183 5 -2.71495 -6.05192 0.0928546 -3.55492 -4.80916 -1.87498 -7.29468 -1 0 1 -1 6 -1 10 11 
125 6 -3.73095 -4.27589 -0.0866852 -3.75903 -2.77615 -3.70288 -5.77562 0 1 2 5 7 10 11 12 
167 6 -5.74398 -2.36132 -0.00214141 -5.18343 -0.969998 -6.30453 -3.75265 0 1 2 5 7 10 11 12 
189 6 -4.31133 -2.10743 0.0938717 -3.31509 -0.986046 -5.30757 -3.22882 0 1 2 5 7 10 11 12 
48 6 -5.27529 -3.31991 1.65033 -6.26101 -4.45055 -4.28957 -2.18927 0 1 2 5 7 10 11 12 
70 6 -5.22818 -2.76315 1.57811 -6.11271 -3.97459 -4.34365 -1.5517 0 1 2 5 7 10 11 12 
61 6 -5.39223 -5.71202 -0.0551714 -4.53168 -4.48342 -6.25277 -6.94062 0 1 2 5 7 10 11 12 
207 6 -3.02281 -3.0795 0.0828931 -3.20297 -1.59035 -2.84266 -4.56864 0 1 2 5 7 10 11 12 
187 6 -2.44361 -3.50178 -0.0401799 -2.78958 -2.04222 -2.09765 -4.96134 0 1 2 5 7 10 11 12 
64 6 -4.66602 -5.79409 1.58821 -5.23343 -7.18263 -4.09861 -4.40555 0 1 2 5 7 10 11 12 
121 6 -4.45495 -5.85032 0.00172069 -3.80399 -4.49893 -5.10591 -7.20171 0 1 2 5 7 10 11 12 
226 6 -2.15332 -4.89416 -0.0370219 -2.76832 -3.52603 -1.53833 -6.26229 0 1 2 5 7 10 11 12 
132 6 -3.73732 -2.04237 1.59233 -3.09684 -0.68598 -4.37779 -3.39876 0 1 2 5 7 10 11 12 
34 7 -3.07503 -1.27428 1.53506 -3.64869 -2.66025 -2.50138 0.111695 1 2 3 6 8 11 12 13 
47 7 -3.49692 0.0296551 1.60654 -4.06595 -1.35822 -2.9279 1.41753 1 2 3 6 8 11 12 13 
67 7 -3.8081 0.780062 1.63243 -3.98543 -0.709418 -3.63076 2.26954 1 2 3 6 8 11 12 13 
149 7 -4.44544 0.602614 1.54739 -3.98496 2.03018 -4.90592 -0.824956 1 2 3 6 8 11 12 13 
50 7 -5.74549 -1.46442 1.49607 -6.54381 -2.73434 -4.94718 -0.194505 1 2 3 6 8 11 12 13 
169 7 -5.05398 -0.711893 1.58895 -5.48618 -2.14828 -4.62179 0.724494 1 2 3 6 8 11 12 13 
71 7 -4.86909 -1.38987 1.61523 -4.00072 -0.166794 -5.73747 -2.61295 1 2 3 6 8 11 12 13 
188 7 -2.68444 1.18861 0.0938717 -2.93879 2.66689 -2.4301 -0.289668 1 2 3 6 8 11 12 13 
90 7 -4.27205 1.97889 1.62689 -4.66652 0.531692 -3.87757 3.42609 1 2 3 6 8 11 12 13 
88 7 -5.74867 0.312517 1.52721 -6.44715 -1.01494 -5.0502 1.63997 1 2 3 6 8 11 12 13 
123 7 -2.16507 -1.17987 -0.0113081 -2.05774 0.31629 -2.2724 -2.67602 1 2 3 6 8 11 12 13 
168 7 -2.12287 1.44362 -0.00214141 -2.72487 2.81751 -1.52086 0.0697186 1 2 3 6 8 11 12 13 
55 7 -4.62824 1.84032 1.65656 -4.07913 3.2362 -5.17735 0.444442 1 2 3 6 8 11 12 13 
85 7 -2.03422 -0.730498 1.60699 -2.18644 -2.22275 -1.882 0.761759 1 2 3 6 8 11 12 13 
117 8 -2.92676 5.50873 -0.0258068 -4.40574 5.75898 -1.44778 5.25849 2 3 4 7 9 12 13 14 
74 8 -4.59551 2.65627 1.64626 -3.88626 3.978 -5.30477 1.33455 2 3 4 7 9 12 13 14 
113 8 -5.76649 3.33493 1.61256 -4.69308 4.38268 -6.8399 2.28717 2 3 4 7 9 12 13 14 
111 8 -5.38102 3.61023 1.54961 -6.48406 2.59371 -4.27798 4.62674 2 3 4 7 9 12 13 14 
172 8 -2.74749 4.53381 0.080962 -3.77551 5.62614 -1.71946 3.44149 2 3 4 7 9 12 13 14 
95 8 -4.90105 2.63983 1.49327 -4.08303 3.89714 -5.71907 1.38251 2 3 4 7 9 12 13 14 
31 8 -4.08141 4.55827 1.64665 -5.11913 5.64138 -3.04368 3.47517 2 3 4 7 9 12 13 14 
210 8 -2.57014 2.89245 0.0886768 -3.35432 4.17115 -1.78597 1.61375 2 3 4 7 9 12 13 14 
134 8 -4.04506 5.70358 -0.033627 -5.52366 5.95606 -2.56647 5.45111 2 3 4 7 9 12 13 14 
155 8 -5.61911 4.02133 0.0708671 -4.73986 5.23661 -6.49836 2.80604 2 3 4 7 9 12 13 14 
153 8 -5.6764 2.24084 0.0944598 -5.00467 3.58203 -6.34813 0.899654 2 3 4 7 9 12 13 14 
97 9 -5.41101 8.60057 0.0814642 -6.8948 8.82048 -3.92722 8.38066 3 4 -1 8 -1 13 14 -1 
234 9 -2.40997 8.57868 0.0738822 -3.90359 8.71688 -0.916346 8.44048 3 4 -1 8 -1 13 14 -1 
116 9 -4.18624 7.67799 0.0688266 -5.5081 8.38699 -2.86438 6.96898 3 4 -1 8 -1 13 14 -1 
114 9 -3.90391 7.18302 1.61256 -5.2068 7.92631 -2.60102 6.43973 3 4 -1 8 -1 13 14 -1 
174 9 -4.55958 9.67228 -0.0158582 -6.04505 9.46401 -3.07411 9.88056 3 4 -1 8 -1 13 14 -1 
173 9 -3.42169 8.84235 0.0946512 -4.89354 9.13161 -1.94985 8.55308 3 4 -1 8 -1 13 14 -1 
72 9 -4.50091 7.63649 1.58781 -5.84805 8.2962 -3.15377 6.97677 3 4 -1 8 -1 13 14 -1 
253 9 -2.61302 9.04387 -0.0652644 -4.09763 9.25818 -1.12841 8.82956 3 4 -1 8 -1 13 14 -1 
178 9 -4.21613 9.95216 0.0681749 -5.71551 9.90934 -2.71674 9.99497 3 4 -1 8 -1 13 14 -1 
118 9 -5.7679 9.69233 -0.0705271 -7.25571 9.50148 -4.28009 9.88317 3 4 -1 8 -1 13 14 -1 
175 9 -3.89908 6.65929 0.0185602 -5.32444 7.12655 -2.47371 6.19203 3 4 -1 8 -1 13 14 -1 
137 9 -2.96588 6.95223 0.027191 -4.33552 7.56385 -1.59624 6.3406 3 4 -1 8 -1 13 14 -1 
157 9 -2.18682 8.8051 0.0924511 -3.66313 9.07063 -0.710508 8.53958 3 4 -1 8 -1 13 14 -1 
215 9 -2.61204 9.42216 -0.0463609 -4.10358 9.58123 -1.1205 9.26308 3 4 -1 8 -1 13 14 -1 
54 9 -5.07367 6.89643 1.57851 -6.41759 7.56268 -3.72975 6.23019 3 4 -1 8 -1 13 14 -1 
135 9 -2.11825 8.18215 -0.0784199 -3.61825 8.17816 -0.618259 8.18615 3 4 -1 8 -1 13 14 -1 
78 9 -5.98938 7.57821 0.0219834 -7.43974 7.96093 -4.53903 7.19549 3 4 -1 8 -1 13 14 -1 
76 9 -2.8337 6.02331 1.66739 -4.30109 6.33437 -1.3663 5.71225 3 4 -1 8 -1 13 14 -1 
161 10 0.60882 -8.75596 -0.0377534 2.09744 -8.57151 -0.879797 -8.94041 -1 5 6 -1 11 -1 15 16 
184 10 -1.70061 -9.88374 0.0666466 -0.201085 -9.84592 -3.20013 -9.92157 -1 5 6 -1 11 -1 15 16 
182 10 0.152275 -9.24731 -0.0612134 -1.31838 -9.54255 1.62293 -8.95208 -1 5 6 -1 11 -1 15 16 
62 10 -1.42332 -9.62263 -0.0838541 0.0762783 -9.58809 -2.92293 -9.65717 -1 5 6 -1 11 -1 15 16 
243 10 -1.61037 -6.70757 -0.00534277 -2.52472 -5.51846 -0.696027 -7.89667 -1 5 6 -1 11 -1 15 16 
162 10 0.330779 -7.80278 0.045501 -0.944342 -7.0128 1.6059 -8.59276 -1 5 6 -1 11 -1 15 16 
142 10 0.635955 -9.43311 -0.0336728 2.1298 -9.29732 -0.857886 -9.5689 -1 5 6 -1 11 -1 15 16 
244 10 1.37806 -6.40223 0.0983097 0.867909 -4.99165 1.88821 -7.81282 -1 5 6 -1 11 -1 15 16 
186 10 0.837739 -8.90757 0.0781129 -0.637104 -9.18113 2.31258 -8.634 -1 5 6 -1 11 -1 15 16 
242 10 1.35178 -9.59947 -0.00484941 -0.131506 -9.82276 2.83507 -9.37618 -1 5 6 -1 11 -1 15 16 
83 10 -1.86514 -8.93095 -0.0484298 -3.36488 -8.90338 -0.365389 -8.95852 -1 5 6 -1 11 -1 15 16 
146 11 0.224309 -5.22794 -0.0290627 -0.235429 -3.80013 0.684046 -6.65575 5 6 7 10 12 15 16 17 
221 11 -1.74032 -4.26265 -0.0620778 -2.11461 -2.8101 -1.36602 -5.7152 5 6 7 10 12 15 16 17 
166 11 0.730776 -3.92823 0.0316722 0.137435 -2.55057 1.32412 -5.30589 5 6 7 10 12 15 16 17 
223 11 -0.912929 -3.60959 -0.0611452 -1.66698 -2.31289 -0.158881 -4.90628 5 6 7 10 12 15 16 17 
266 11 0.521457 -2.17293 -0.0801331 0.149701 -0.719729 0.893214 -3.62613 5 6 7 10 12 15 16 17 
241 11 1.23605 -4.4067 -0.00257303 0.612247 -3.04256 1.85985 -5.77084 5 6 7 10 12 15 16 17 
227 11 0.811772 -4.61822 0.08476 0.193451 -3.25159 1.43009 -5.98485 5 6 7 10 12 15 16 17 
261 11 0.295589 -4.73613 0.0248666 -0.307031 -3.3625 0.898208 -6.10975 5 6 7 10 12 15 16 17 
264 11 1.3303 -4.08397 0.00277262 0.774993 -2.69054 1.8856 -5.4774 5 6 7 10 12 15 16 17 
144 11 -1.21308 -5.56053 0.0588998 -1.52298 -4.09289 -0.903174 -7.02817 5 6 7 10 12 15 16 17 
68 11 -1.05091 -2.371 1.59126 -0.525914 -3.77612 -1.57591 -0.965874 5 6 7 10 12 15 16 17 
122 11 0.014679 -2.29657 0.0960758 0.108713 -0.799518 -0.0793547 -3.79362 5 6 7 10 12 15 16 17 
164 11 -1.33495 -5.62481 0.0663293 -1.613 -4.15081 -1.05689 -7.09882 5 6 7 10 12 15 16 17 
129 11 -1.71256 -2.00014 1.47294 -1.73741 -3.49994 -1.68771 -0.500349 5 6 7 10 12 15 16 17 
194 12 -0.731041 0.0437848 0.0518072 -1.45286 1.35869 -0.00922189 -1.27112 6 7 8 11 13 16 17 18 
328 12 -0.0344043 -0.124071 1.57454 -0.705926 1.21722 0.637118 -1.46536 6 7 8 11 13 16 17 18 
150 12 -1.31975 0.0418395 1.5108 -1.88192 1.43251 -0.757569 -1.34883 6 7 8 11 13 16 17 18 
203 12 1.54261 0.0605399 0.0986814 1.58079 1.56005 1.50442 -1.43897 6 7 8 11 13 16 17 18 
171 12 -0.817319 1.0287 1.62101 -0.133571 -0.306395 -1.50107 2.3638 6 7 8 11 13 16 17 18 
133 12 -0.891505 -0.0701047 1.59233 -1.71084 1.18636 -0.0721733 -1.32657 6 7 8 11 13 16 17 18 
185 12 -0.642638 1.58376 -0.0540477 -1.35165 2.90562 0.0663722 0.261903 6 7 8 11 13 16 17 18 
147 12 1.13525 0.030431 -0.0290627 0.860784 1.50511 1.40972 -1.44424 6 7 8 11 13 16 17 18 
232 12 1.38658 0.475709 0.0536245 1.34505 -1.02372 1.42812 1.97513 6 7 8 11 13 16 17 18 
112 12 -1.22703 1.47995 1.63237 -2.02471 2.75027 -0.42935 0.209628 6 7 8 11 13 16 17 18 
205 12 0.874287 -1.75202 -0.0835163 0.211463 -0.40641 1.53711 -3.09763 6 7 8 11 13 16 17 18 
196 12 -1.37586 1.16156 -0.0214127 -2.08913 2.48112 -0.662603 -0.158012 6 7 8 11 13 16 17 18 
115 12 0.221753 0.806701 0.0241251 -0.45868 2.14349 0.902187 -0.53009 6 7 8 11 13 16 17 18 
91 12 -1.31056 -0.807174 1.57205 -1.79412 0.612746 -0.827004 -2.22709 6 7 8 11 13 16 17 18 
284 12 0.440103 -1.36213 -0.043355 -0.139045 0.0215539 1.01925 -2.74582 6 7 8 11 13 16 17 18 
131 12 -1.93887 -1.30213 1.51604 -2.11845 -2.79134 -1.75928 0.187081 6 7 8 11 13 16 17 18 
105 12 -0.708204 -1.65686 -0.0464703 -0.8605 -0.164611 -0.555908 -3.14911 6 7 8 11 13 16 17 18 
351 12 1.87916 1.6304 1.5717 0.815514 2.68807 2.9428 0.572732 6 7 8 11 13 16 17 18 
252 13 0.280982 5.01461 1.54105 -0.823723 6.02932 1.38569 3.9999 7 8 9 12 14 17 18 19 
273 13 1.2682 3.41872 1.63076 -0.029331 4.17132 2.56573 2.66612 7 8 9 12 14 17 18 19 
312 13 -0.0931682 3.37393 1.55215 -1.30247 4.26139 1.11613 2.48647 7 8 9 12 14 17 18 19 
212 13 -1.79879 3.85065 0.0451745 -2.69139 5.05617 -0.906189 2.64514 7 8 9 12 14 17 18 19 
170 13 -0.82094 3.48369 1.62101 -2.09032 4.28286 0.448443 2.68453 7 8 9 12 14 17 18 19 
87 13 -1.20015 2.10835 1.62448 -0.381729 0.851296 -2.01857 3.36541 7 8 9 12 14 17 18 19 
176 13 -1.39918 4.80382 0.0439749 -2.76156 5.43146 -0.0368089 4.17617 7 8 9 12 14 17 18 19 
216 13 1.46765 2.81891 -0.00681139 2.83654 2.2056 0.0987597 3.43221 7 8 9 12 14 17 18 19 
177 13 -1.5862 4.635 0.0410186 -2.92101 5.3193 -0.251385 3.95069 7 8 9 12 14 17 18 19 
278 13 0.981389 5.34661 -0.0548573 2.23611 4.52462 -0.273336 6.1686 7 8 9 12 14 17 18 19 
209 13 1.40157 5.21165 0.0886768 2.7023 4.46459 0.100837 5.95872 7 8 9 12 14 17 18 19 
251 13 1.20136 3.25064 1.54105 -0.0692295 4.04788 2.47196 2.4534 7 8 9 12 14 17 18 19 
213 13 -0.0319093 5.87912 0.0189033 -1.04938 6.98128 0.985557 4.77695 7 8 9 12 14 17 18 19 
193 13 -1.52006 5.89078 0.0866947 -2.87202 6.54054 -0.168087 5.24103 7 8 9 12 14 17 18 19 
233 13 -1.94696 5.68931 0.0984411 -0.498088 5.30104 -3.39584 6.07759 7 8 9 12 14 17 18 19 
237 14 0.0971271 8.02984 0.0560184 -1.12622 8.89784 1.32047 7.16183 8 9 -1 13 -1 18 19 -1 
154 14 0.779571 6.86773 -0.0763312 -0.628833 7.38387 2.18798 6.3516 8 9 -1 13 -1 18 19 -1 
218 14 -1.39474 9.37556 0.0219677 -2.8771 9.60489 0.087628 9.14622 8 9 -1 13 -1 18 19 -1 
156 14 -0.275344 9.67011 0.0322909 -1.77515 9.64614 1.22446 9.69407 8 9 -1 13 -1 18 19 -1 
136 14 -1.52029 6.37714 -0.00985311 -2.88196 7.0063 -0.158615 5.74797 8 9 -1 13 -1 18 19 -1 
235 14 -0.698315 9.53961 -0.0355828 -2.19318 9.66366 0.796546 9.41557 8 9 -1 13 -1 18 19 -1 
373 14 1.30704 8.96185 1.55408 -0.185515 9.11116 2.79959 8.81253 8 9 -1 13 -1 18 19 -1 
217 14 -1.62932 7.6584 0.0193853 -3.05482 7.19156 -0.203818 8.12525 8 9 -1 13 -1 18 19 -1 
198 14 1.89848 8.50286 -0.0460039 0.43488 8.17442 3.36208 8.83129 8 9 -1 13 -1 18 19 -1 
263 15 4.44928 -6.23495 0.0564466 4.93796 -4.81678 3.9606 -7.65312 -1 10 11 -1 16 -1 20 21 
165 15 2.55957 -6.26761 -0.0187441 2.77706 -4.78346 2.34208 -7.75176 -1 10 11 -1 16 -1 20 21 
206 15 2.19885 -6.98506 -0.08235 2.52553 -5.52106 1.87218 -8.44905 -1 10 11 -1 16 -1 20 21 
302 15 5.51751 -8.05861 -0.0541769 4.72067 -6.78776 6.31434 -9.32945 -1 10 11 -1 16 -1 20 21 
303 15 4.37029 -6.7764 0.0786674 4.93086 -5.38508 3.80973 -8.16771 -1 10 11 -1 16 -1 20 21 
248 15 3.44183 -6.91279 1.55798 3.62387 -5.42387 3.25978 -8.4017 -1 10 11 -1 16 -1 20 21 
201 15 4.08281 -7.86532 -0.0121466 4.78775 -6.54128 3.37787 -9.18935 -1 10 11 -1 16 -1 20 21 
224 15 3.69973 -7.88796 -0.0442809 4.337 -6.53006 3.06247 -9.24586 -1 10 11 -1 16 -1 20 21 
265 15 5.70464 -7.39663 -0.0801331 4.91061 -6.12403 6.49867 -8.66924 -1 10 11 -1 16 -1 20 21 
285 15 5.70028 -8.06824 -0.043355 6.45424 -9.36499 4.94632 -6.7715 -1 10 11 -1 16 -1 20 21 
181 15 2.14765 -6.80835 0.0295419 2.47745 -5.34506 1.81785 -8.27165 -1 10 11 -1 16 -1 20 21 
344 16 2.26951 -3.11978 1.5878 2.47025 -1.63328 2.06877 -4.60629 10 11 12 15 17 20 21 22 
270 16 4.25673 -3.30473 1.62258 3.95448 -1.83549 4.55897 -4.77396 10 11 12 15 17 20 21 22 
152 16 2.90959 -3.77591 1.51143 3.24343 -2.31354 2.57574 -5.23829 10 11 12 15 17 20 21 22 
286 16 3.72362 -3.00946 1.62525 3.35907 -1.55444 4.08818 -4.46449 10 11 12 15 17 20 21 22 
230 16 4.13766 -5.52511 1.61476 4.26407 -4.03044 4.01124 -7.01977 10 11 12 15 17 20 21 22 
283 16 5.15888 -4.26316 0.0836279 5.30917 -2.77071 5.00859 -5.75562 10 11 12 15 17 20 21 22 
211 16 3.62667 -5.35495 0.0146525 3.56476 -3.85623 3.68857 -6.85367 10 11 12 15 17 20 21 22 
245 16 2.07693 -5.05563 -0.0212704 2.50413 -3.61776 1.64972 -6.49351 10 11 12 15 17 20 21 22 
225 16 3.15046 -5.46031 -0.0243093 3.31814 -3.96971 2.98278 -6.95091 10 11 12 15 17 20 21 22 
282 16 5.70367 -2.6214 -0.0810843 5.66775 -1.12183 5.73959 -4.12097 10 11 12 15 17 20 21 22 
247 16 2.12908 -5.65829 0.0105635 2.35573 -4.17551 1.90243 -7.14107 10 11 12 15 17 20 21 22 
250 16 2.95804 -3.15355 1.58442 3.27085 -1.68654 2.64522 -4.62057 10 11 12 15 17 20 21 22 
229 16 2.27118 -2.99849 1.56342 2.06866 -4.48475 2.4737 -1.51222 10 11 12 15 17 20 21 22 
267 16 4.32402 -2.101 1.47404 3.7779 -0.703947 4.87014 -3.49805 10 11 12 15 17 20 21 22 
246 16 2.04531 -3.11113 0.0105635 2.14396 -1.61438 1.94665 -4.60788 10 11 12 15 17 20 21 22 
73 16 4.47388 -2.01673 1.49962 5.0846 -3.38677 3.86315 -0.64669 10 11 12 15 17 20 21 22 
330 17 5.51491 -0.139425 1.4827 4.74178 1.14599 6.28803 -1.42483 11 12 13 16 18 21 22 23 
309 17 5.43385 1.5345 1.64993 4.5273 2.72956 6.3404 0.339444 11 12 13 16 18 21 22 23 
287 17 3.24204 0.282106 1.57435 2.50177 1.58671 3.98231 -1.0225 11 12 13 16 18 21 22 23 
311 17 4.81171 -0.596319 1.63968 4.70708 0.900027 4.91635 -2.09267 11 12 13 16 18 21 22 23 
292 17 3.12753 1.01199 1.52951 2.26882 2.24187 3.98625 -0.217893 11 12 13 16 18 21 22 23 
333 17 4.58267 1.52874 1.58287 4.02985 2.92315 5.1355 0.13433 11 12 13 16 18 21 22 23 
323 17 3.10278 1.29508 0.017917 2.1374 2.44313 4.06817 0.14702 11 12 13 16 18 21 22 23 
326 17 4.05173 -0.848559 1.64329 3.45041 0.52564 4.65304 -2.22276 11 12 13 16 18 21 22 23 
208 17 2.82508 -0.142061 0.0886768 2.2245 1.23246 3.42567 -1.51658 11 12 13 16 18 21 22 23 
231 17 2.5341 -1.34401 1.61476 2.54714 0.155932 2.52105 -2.84395 11 12 13 16 18 21 22 23 
305 17 2.08569 -0.890039 1.52065 2.50644 0.549742 1.66493 -2.32982 11 12 13 16 18 21 22 23 
254 18 3.59412 5.6056 0.0939474 4.83779 4.76699 2.35044 6.44422 12 13 14 17 19 22 23 24 
249 18 5.23592 4.08716 1.49744 4.54503 5.41858 5.92681 2.75574 12 13 14 17 19 22 23 24 
314 18 3.97702 3.04674 1.52025 3.92775 4.54593 4.0263 1.54755 12 13 14 17 19 22 23 24 
313 18 5.05727 5.85456 1.66995 3.84266 6.73474 6.27188 4.97438 12 13 14 17 19 22 23 24 
191 18 2.87015 2.45398 -0.0803081 1.72633 3.42439 4.01396 1.48357 12 13 14 17 19 22 23 24 
370 18 4.44441 5.73889 1.62503 3.20524 6.58414 5.68359 4.89365 12 13 14 17 19 22 23 24 
190 18 2.05709 4.40787 0.0938717 3.31047 3.58384 0.803704 5.23191 12 13 14 17 19 22 23 24 
276 18 4.49369 5.99821 0.0647429 5.77461 5.21767 3.21277 6.77875 12 13 14 17 19 22 23 24 
295 18 2.66543 3.24564 -0.0909834 3.61311 2.08293 1.71774 4.40836 12 13 14 17 19 22 23 24 
310 18 2.85246 5.3238 1.66042 1.50063 5.97386 4.20428 4.67375 12 13 14 17 19 22 23 24 
195 18 5.76262 2.22294 -0.0966908 6.75882 1.10152 4.76642 3.34436 12 13 14 17 19 22 23 24 
334 18 5.88014 2.55335 1.49321 5.03787 3.79455 6.72241 1.31214 12 13 14 17 19 22 23 24 
316 18 2.32491 5.79817 -0.0655887 3.755 5.34557 0.894822 6.25076 12 13 14 17 19 22 23 24 
272 18 5.8267 4.8911 1.63076 7.06969 4.05147 4.58372 5.73074 12 13 14 17 19 22 23 24 
357 18 5.86947 3.26147 1.6088 6.48247 1.89244 5.25648 4.6305 12 13 14 17 19 22 23 24 
255 19 3.94328 8.84764 -0.00311797 2.46322 8.60383 5.42333 9.09144 13 14 -1 18 -1 23 24 -1 
275 19 3.13389 7.83441 -0.0896766 4.58692 8.20684 1.68086 7.46197 13 14 -1 18 -1 23 24 -1 
257 19 4.5047 9.38562 -0.0370511 3.11818 8.81328 5.89122 9.95796 13 14 -1 18 -1 23 24 -1 
236 19 4.25337 8.38904 0.0754502 5.75044 8.48282 2.7563 8.29526 13 14 -1 18 -1 23 24 -1 
238 19 2.63348 9.97182 -0.0677189 1.13372 9.99887 4.13324 9.94477 13 14 -1 18 -1 23 24 -1 
256 19 3.84385 9.75044 0.024088 5.34376 9.73378 2.34395 9.7671 13 14 -1 18 -1 23 24 -1 
277 19 2.59007 9.83819 -0.0597183 4.08999 9.8233 1.09014 9.85308 13 14 -1 18 -1 23 24 -1 
317 19 4.01869 6.81925 0.0721344 5.27965 6.00685 2.75774 7.63166 13 14 -1 18 -1 23 24 -1 
214 19 3.41987 6.51171 -0.0575552 4.66626 5.67714 2.17347 7.34627 13 14 -1 18 -1 23 24 -1 
375 19 5.30982 8.94338 1.58201 3.81795 8.78743 6.8017 9.09934 13 14 -1 18 -1 23 24 -1 
336 19 2.5311 7.76044 1.56548 1.07077 7.41775 3.99143 8.10313 13 14 -1 18 -1 23 24 -1 
297 19 2.49978 9.43607 0.0840942 3.99387 9.56904 1.00568 9.3031 13 14 -1 18 -1 23 24 -1 
378 19 5.22352 6.3219 1.61999 6.21032 5.1922 4.23672 7.4516 13 14 -1 18 -1 23 24 -1 
321 20 9.30641 -8.07175 0.00346954 9.30104 -6.57176 9.31177 -9.57174 -1 15 16 -1 21 -1 -1 -1 
362 20 9.93235 -8.42678 1.61243 9.98884 -6.92784 9.87587 -9.92572 -1 15 16 -1 21 -1 -1 -1 
324 20 9.60246 -6.18627 1.52854 9.79583 -4.69879 9.40909 -7.67376 -1 15 16 -1 21 -1 -1 -1 
228 20 8.44861 -7.40586 0.08476 8.30156 -5.91308 8.59566 -8.89863 -1 15 16 -1 21 -1 -1 -1 
346 20 9.0425 -8.34619 1.57554 8.7438 -6.87623 9.34119 -9.81614 -1 15 16 -1 21 -1 -1 -1 
341 20 7.83928 -6.66415 -0.0266753 8.1092 -5.18863 7.56936 -8.13966 -1 15 16 -1 21 -1 -1 -1 
325 20 9.74154 -7.98023 1.49129 9.88498 -6.4871 9.5981 -9.47335 -1 15 16 -1 21 -1 -1 -1 
343 20 7.45424 -7.79786 1.58283 7.33033 -6.30299 7.57815 -9.29274 -1 15 16 -1 21 -1 -1 -1 
222 20 6.33906 -8.35789 -0.0374866 5.59919 -7.05306 7.07893 -9.66273 -1 15 16 -1 21 -1 -1 -1 
262 20 6.35534 -8.1463 -0.0512347 5.59162 -6.85529 7.11907 -9.43732 -1 15 16 -1 21 -1 -1 -1 
322 20 6.94645 -9.7247 0.017917 5.46414 -9.49499 8.42876 -9.9544 -1 15 16 -1 21 -1 -1 -1 
364 20 6.77867 -6.95589 1.6272 6.77681 -5.45589 6.78053 -8.45589 -1 15 16 -1 21 -1 -1 -1 
327 20 7.21543 -6.66373 1.48248 7.38911 -5.17382 7.04175 -8.15364 -1 15 16 -1 21 -1 -1 -1 
291 20 8.28431 -6.38581 1.5682 8.10436 -4.89664 8.46426 -7.87498 -1 15 16 -1 21 -1 -1 -1 
307 21 9.68195 -3.96568 1.47786 9.71454 -2.46603 9.64935 -5.46533 15 16 17 20 22 -1 -1 -1 
361 21 6.63517 -3.09634 0.0685141 6.38395 -1.61752 6.88638 -4.57515 15 16 17 20 22 -1 -1 -1 
308 21 8.18281 -2.84972 1.55792 8.02351 -1.3582 8.3421 -4.34124 15 16 17 20 22 -1 -1 -1 
342 21 7.80063 -3.51545 -0.0266753 7.09483 -2.19187 8.50642 -4.83902 15 16 17 20 22 -1 -1 -1 
288 21 9.60792 -4.00799 1.54623 9.64107 -2.50836 9.57477 -5.50763 15 16 17 20 22 -1 -1 -1 
289 21 9.49413 -3.36588 1.47494 9.67611 -1.87696 9.31214 -4.8548 15 16 17 20 22 -1 -1 -1 
363 21 9.78529 -4.59535 1.63109 9.96187 -3.10578 9.60871 -6.08492 15 16 17 20 22 -1 -1 -1 
281 21 9.29355 -4.27967 0.0213392 9.54573 -2.80102 9.04137 -5.75832 15 16 17 20 22 -1 -1 -1 
268 21 7.56489 -4.23517 1.57244 7.21916 -2.77556 7.91063 -5.69478 15 16 17 20 22 -1 -1 -1 
301 21 7.00648 -5.59913 -0.0896105 7.12435 -4.10377 6.88861 -7.09449 15 16 17 20 22 -1 -1 -1 
304 21 6.07043 -4.23349 0.0786674 6.03484 -2.73391 6.10602 -5.73307 15 16 17 20 22 -1 -1 -1 
192 21 8.87593 -2.66628 0.060257 8.49868 -1.21449 9.25318 -4.11806 15 16 17 20 22 -1 -1 -1 
271 21 6.28022 -2.9756 1.61511 5.96358 -1.5094 6.59686 -4.4418 15 16 17 20 22 -1 -1 -1 
368 21 9.67595 -2.1637 1.67067 9.72053 -0.664364 9.63137 -3.66304 15 16 17 20 22 -1 -1 -1 
366 21 8.64888 -5.41153 1.59963 8.46469 -3.92288 8.83306 -6.90018 15 16 17 20 22 -1 -1 -1 
306 21 6.23416 -5.31652 1.66258 6.23163 -3.81652 6.2367 -6.81651 15 16 17 20 22 -1 -1 -1 
329 22 8.12236 -1.02577 1.50539 7.74134 0.425035 8.50338 -2.47657 16 17 18 21 23 -1 -1 -1 
372 22 8.2839 0.921315 1.51924 8.16 2.41619 8.40781 -0.573559 16 17 18 21 23 -1 -1 -1 
367 22 8.52274 1.05736 1.47839 8.47345 2.55655 8.57202 -0.441831 16 17 18 21 23 -1 -1 -1 
269 22 7.64552 -0.255881 1.58036 7.6166 1.24384 7.67443 -1.7556 16 17 18 21 23 -1 -1 -1 
348 22 9.92164 0.132276 1.61413 9.87176 1.63145 9.97153 -1.36689 16 17 18 21 23 -1 -1 -1 
350 22 9.84665 -1.81698 1.54919 9.78154 -0.318389 9.91176 -3.31556 16 17 18 21 23 -1 -1 -1 
331 22 6.63096 1.13411 1.61035 5.64647 2.26582 7.61545 0.00239362 16 17 18 21 23 -1 -1 -1 
274 22 9.04177 0.597486 0.0303916 8.7706 2.07277 9.31294 -0.877799 16 17 18 21 23 -1 -1 -1 
347 22 9.55796 1.9345 1.50313 9.781 0.451171 9.33492 3.41782 16 17 18 21 23 -1 -1 -1 
365 22 6.89912 -0.18573 1.61639 6.2729 1.1773 7.52533 -1.54876 16 17 18 21 23 -1 -1 -1 
353 22 6.44087 0.353096 1.56506 5.64886 1.62696 7.23288 -0.920764 16 17 18 21 23 -1 -1 -1 
374 22 9.05772 1.78639 1.64317 8.6308 3.22435 9.48464 0.348423 16 17 18 21 23 -1 -1 -1 
290 22 6.1226 1.00888 1.62067 5.34006 2.28858 6.90515 -0.270815 16 17 18 21 23 -1 -1 -1 
293 22 6.00435 1.88805 1.6695 4.97623 2.98029 7.03247 0.795824 16 17 18 21 23 -1 -1 -1 
345 22 6.234 -0.293689 1.54214 5.23511 0.825338 7.23289 -1.41272 16 17 18 21 23 -1 -1 -1 
349 22 6.11872 0.323894 1.62199 6.92208 -0.942842 5.31537 1.59063 16 17 18 21 23 -1 -1 -1 
352 22 7.32868 1.95932 1.58557 7.32344 0.459329 7.33391 3.45931 16 17 18 21 23 -1 -1 -1 
356 23 8.06749 3.7333 1.6088 8.24696 2.24408 7.88801 5.22253 17 18 19 22 24 -1 -1 -1 
335 23 6.48536 2.82538 1.56548 6.92685 1.39182 6.04386 4.25893 17 18 19 22 24 -1 -1 -1 
369 23 9.44209 3.94917 1.504 9.00347 2.51474 9.8807 5.38361 17 18 19 22 24 -1 -1 -1 
338 23 7.86359 5.7345 0.0623159 8.79786 4.56099 6.92932 6.90802 17 18 19 22 24 -1 -1 -1 
371 23 8.59264 2.72096 1.55579 8.37397 4.20493 8.81132 1.23698 17 18 19 22 24 -1 -1 -1 
298 23 6.76146 2.53196 -0.0538784 6.19728 3.92182 7.32563 1.1421 17 18 19 22 24 -1 -1 -1 
294 23 6.62957 2.5182 1.6695 6.18199 3.94986 7.07715 1.08653 17 18 19 22 24 -1 -1 -1 
332 23 8.3297 2.34402 1.47638 8.38684 0.845107 8.27257 3.84293 17 18 19 22 24 -1 -1 -1 
337 23 6.84809 5.8166 -0.0754216 7.47357 4.45323 6.22261 7.17997 17 18 19 22 24 -1 -1 -1 
315 23 6.30758 5.91961 1.52025 5.32121 7.04969 7.29395 4.78954 17 18 19 22 24 -1 -1 -1 
355 23 6.11927 5.65781 1.65228 7.1142 4.53526 5.12434 6.78036 17 18 19 22 24 -1 -1 -1 
377 24 6.3777 7.05308 1.61999 7.05852 5.71648 5.69689 8.38967 18 19 -1 23 -1 -1 -1 -1 
296 24 8.07392 8.25365 -0.0642139 9.415 7.58171 6.73284 8.92558 18 19 -1 23 -1 -1 -1 -1 
376 24 8.1962 6.6501 1.61539 7.13055 7.70576 9.26184 5.59445 18 19 -1 23 -1 -1 -1 -1 
358 24 9.01246 6.67545 -0.0262301 9.89532 5.46278 8.12959 7.88811 18 19 -1 23 -1 -1 -1 -1 
354 24 6.33746 8.4686 1.65873 7.7828 8.06736 4.89212 8.86984 18 19 -1 23 -1 -1 -1 -1 
318 24 7.00103 6.07827 0.0769724 7.42682 4.63997 6.57525 7.51657 18 19 -1 23 -1 -1 -1 -1 
258 24 6.2652 9.41037 0.03131 7.75569 9.57901 4.77471 9.24173 18 19 -1 23 -1 -1 -1 -1 
