204 0 -7.45203 -7.26155 0.0898347 -8.90383 -6.88436 -6.00023 -7.63874 -1 -1 -1 -1 1 -1 5 6 
104 0 -8.12319 -9.22933 -0.0464703 -6.81659 -8.49259 -9.4298 -9.96606 -1 -1 -1 -1 1 -1 5 6 
126 0 -7.76341 -6.49468 -0.0866852 -9.26029 -6.39803 -6.26653 -6.59133 -1 -1 -1 -1 1 -1 5 6 
143 0 -8.87901 -7.46795 0.0057508 -9.65441 -6.18391 -8.10361 -8.75198 -1 -1 -1 -1 1 -1 5 6 
148 0 -6.31794 -9.49086 1.53451 -7.78998 -9.77915 -4.84591 -9.20257 -1 -1 -1 -1 1 -1 5 6 
25 0 -6.92417 -8.12274 1.51782 -8.42413 -8.13351 -5.42421 -8.11198 -1 -1 -1 -1 1 -1 5 6 
101 0 -7.03891 -7.22262 0.0132319 -5.62573 -7.72554 -8.45209 -6.71971 -1 -1 -1 -1 1 -1 5 6 
44 0 -7.3417 -6.33555 1.57057 -8.84115 -6.37627 -5.84225 -6.29482 -1 -1 -1 -1 1 -1 5 6 
46 1 -9.31387 -4.00669 1.51621 -9.32391 -5.50666 -9.30382 -2.50673 -1 -1 -1 0 2 5 6 7 
69 1 -9.43389 -4.49512 1.65286 -9.33744 -5.99202 -9.53034 -2.99822 -1 -1 -1 0 2 5 6 7 
108 1 -8.4083 -3.4728 1.57308 -8.77676 -4.92684 -8.03984 -2.01876 -1 -1 -1 0 2 5 6 7 
84 1 -8.05708 -3.52295 -0.0484298 -7.95288 -2.02658 -8.16128 -5.01933 -1 -1 -1 0 2 5 6 7 
124 1 -7.48558 -3.82573 -0.0693766 -7.66167 -2.3361 -7.30949 -5.31536 -1 -1 -1 0 2 5 6 7 
65 1 -8.41629 -3.31035 1.50376 -8.74063 -4.77487 -8.09194 -1.84584 -1 -1 -1 0 2 5 6 7 
127 1 -7.88073 -2.60553 1.60202 -7.85979 -4.10539 -7.90166 -1.10568 -1 -1 -1 0 2 5 6 7 
32 1 -8.44924 -3.99386 1.53486 -8.79648 -5.45312 -8.102 -2.53461 -1 -1 -1 0 2 5 6 7 
109 1 -9.11031 -2.42767 1.54238 -9.05287 -0.928773 -9.16774 -3.92657 -1 -1 -1 0 2 5 6 7 
102 1 -7.56878 -5.81028 -0.0897456 -6.1075 -6.1489 -9.03006 -5.47167 -1 -1 -1 0 2 5 6 7 
66 1 -7.6896 -2.25069 1.61439 -7.77006 -3.74853 -7.60913 -0.752851 -1 -1 -1 0 2 5 6 7 
22 1 -7.32662 -2.29564 1.51221 -7.04405 -3.76879 -7.60918 -0.822499 -1 -1 -1 0 2 5 6 7 
21 1 -7.00401 -5.85036 -0.092345 -5.54198 -6.18576 -8.46603 -5.51495 -1 -1 -1 0 2 5 6 7 
61 1 -7.7725 -5.93377 -0.0551714 -6.28411 -6.12001 -9.2609 -5.74754 -1 -1 -1 0 2 5 6 7 
28 1 -8.95409 -2.08087 1.47188 -8.9112 -3.58026 -8.99698 -0.581488 -1 -1 -1 0 2 5 6 7 
30 2 -6.79454 1.87563 1.53668 -6.67251 0.380598 -6.91656 3.37065 -1 -1 -1 1 3 6 7 8 
27 2 -9.63807 0.748184 1.51453 -9.57844 -0.750631 -9.69769 2.247 -1 -1 -1 1 3 6 7 8 
45 2 -9.74027 0.385702 1.63561 -9.89385 1.87782 -9.58668 -1.10641 -1 -1 -1 1 3 6 7 8 
26 2 -9.31277 0.218972 1.57237 -9.46909 -1.27286 -9.15645 1.7108 -1 -1 -1 1 3 6 7 8 
89 2 -8.34574 -0.107922 1.5963 -8.04734 -1.57794 -8.64415 1.3621 -1 -1 -1 1 3 6 7 8 
24 2 -8.79746 -0.903186 1.49928 -8.8215 -2.40299 -8.77342 0.596622 -1 -1 -1 1 3 6 7 8 
151 2 -8.82558 1.0852 1.51143 -9.26693 2.5188 -8.38423 -0.348396 -1 -1 -1 1 3 6 7 8 
50 2 -7.85677 -1.35955 1.49607 -7.72807 -2.85402 -7.98547 0.134919 -1 -1 -1 1 3 6 7 8 
35 3 -7.79111 4.4968 1.57487 -8.31446 5.90254 -7.26776 3.09106 -1 -1 -1 2 4 7 8 9 
29 3 -9.6476 5.19156 1.57246 -9.43371 3.70689 -9.8615 6.67623 -1 -1 -1 2 4 7 8 9 
33 3 -6.89139 4.53856 1.57137 -7.62074 5.84931 -6.16205 3.22781 -1 -1 -1 2 4 7 8 9 
49 3 -9.63371 4.40847 1.53819 -9.47567 2.91682 -9.79176 5.90012 -1 -1 -1 2 4 7 8 9 
53 3 -8.59301 2.91179 1.64356 -8.62341 4.41148 -8.56261 1.4121 -1 -1 -1 2 4 7 8 9 
38 3 -8.26544 2.93065 1.66868 -8.16814 4.42749 -8.36274 1.43381 -1 -1 -1 2 4 7 8 9 
111 3 -6.88215 3.79707 1.54961 -6.47539 2.35328 -7.28892 5.24086 -1 -1 -1 2 4 7 8 9 
57 3 -9.25281 5.40799 1.5693 -9.71899 6.83371 -8.78664 3.98227 -1 -1 -1 2 4 7 8 9 
92 3 -7.56481 2.90538 1.59747 -6.99177 1.51915 -8.13784 4.29161 -1 -1 -1 2 4 7 8 9 
51 3 -6.79685 4.94351 1.51942 -6.25969 3.54299 -7.33402 6.34403 -1 -1 -1 2 4 7 8 9 
128 3 -6.61695 5.63364 1.5358 -5.69463 4.4507 -7.53927 6.81657 -1 -1 -1 2 4 7 8 9 
75 3 -8.93104 5.75334 1.66739 -9.62191 7.08476 -8.24017 4.42191 -1 -1 -1 2 4 7 8 9 
130 3 -9.27899 2.27455 1.60474 -9.28907 0.774581 -9.26891 3.77451 -1 -1 -1 2 4 7 8 9 
58 4 -8.54534 6.47113 -0.0321181 -8.13485 5.02839 -8.95584 7.91387 -1 -1 -1 3 -1 8 9 -1 
36 4 -7.12816 6.57063 1.51514 -8.06607 7.74124 -6.19026 5.40002 -1 -1 -1 3 -1 8 9 -1 
93 4 -9.02244 8.05086 1.57299 -9.31086 9.52287 -8.73403 6.57885 -1 -1 -1 3 -1 8 9 -1 
174 4 -8.04697 9.78583 -0.0158582 -9.54513 9.86017 -6.54881 9.71148 -1 -1 -1 3 -1 8 9 -1 
110 4 -7.25847 6.57614 1.47668 -6.26462 5.45264 -8.25232 7.69965 -1 -1 -1 3 -1 8 9 -1 
52 4 -8.31872 7.38787 1.65249 -8.71886 8.83351 -7.91857 5.94222 -1 -1 -1 3 -1 8 9 -1 
96 4 -7.44531 9.83067 -0.0364301 -8.94073 9.94777 -5.94989 9.71356 -1 -1 -1 3 -1 8 9 -1 
94 4 -9.30992 6.13734 1.49327 -9.8932 7.51929 -8.72665 4.75539 -1 -1 -1 3 -1 8 9 -1 
54 4 -6.95836 7.23706 1.57851 -8.22784 8.03607 -5.68887 6.43805 -1 -1 -1 3 -1 8 9 -1 
98 4 -8.79713 6.32782 0.0357864 -9.46408 7.67139 -8.13019 4.98425 -1 -1 -1 3 -1 8 9 -1 
56 4 -7.50486 6.02421 1.5693 -8.13459 7.38562 -6.87512 4.6628 -1 -1 -1 3 -1 8 9 -1 
81 5 -4.79079 -7.97053 0.0762549 -3.30117 -8.14672 -6.2804 -7.79434 -1 0 1 -1 6 -1 10 11 
23 5 -5.99922 -8.99538 1.50767 -4.53445 -8.67216 -7.46398 -9.3186 -1 0 1 -1 6 -1 10 11 
82 5 -4.21256 -8.89492 -0.0667708 -2.73358 -8.64473 -5.69155 -9.14512 -1 0 1 -1 6 -1 10 11 
43 5 -3.38376 -9.65915 1.57954 -4.86895 -9.86941 -1.89857 -9.44888 -1 0 1 -1 6 -1 10 11 
64 5 -4.48325 -8.40392 1.58821 -5.97 -8.60281 -2.99649 -8.20503 -1 0 1 -1 6 -1 10 11 
121 5 -2.87453 -7.73633 0.00172069 -1.57867 -8.49181 -4.17038 -6.98084 -1 0 1 -1 6 -1 10 11 
141 5 -4.6538 -6.48926 -0.0153654 -3.15869 -6.61025 -6.14892 -6.36827 -1 0 1 -1 6 -1 10 11 
202 5 -3.63655 -9.31754 -0.0198541 -5.13093 -9.44732 -2.14218 -9.18775 -1 0 1 -1 6 -1 10 11 
41 5 -4.81213 -6.24222 -0.0685787 -3.34605 -6.55939 -6.27822 -5.92505 -1 0 1 -1 6 -1 10 11 
42 5 -4.90768 -7.69961 -0.0685787 -3.45392 -8.06917 -6.36144 -7.33004 -1 0 1 -1 6 -1 10 11 
163 5 -5.64744 -9.89422 0.000652872 -7.14741 -9.88403 -4.14748 -9.90441 -1 0 1 -1 6 -1 10 11 
106 5 -2.06433 -9.17331 1.52942 -0.579284 -9.38462 -3.54937 -8.962 -1 0 1 -1 6 -1 10 11 
125 6 -3.50309 -4.60453 -0.0866852 -3.83374 -3.14143 -3.17244 -6.06763 0 1 2 5 7 10 11 12 
48 6 -5.19308 -4.1738 1.65033 -3.99195 -5.07229 -6.39422 -3.27532 0 1 2 5 7 10 11 12 
129 6 -4.06933 -3.16478 1.47294 -3.72637 -4.62504 -4.41229 -1.70451 0 1 2 5 7 10 11 12 
183 6 -4.42051 -3.68345 0.0928546 -5.01357 -2.30566 -3.82745 -5.06123 0 1 2 5 7 10 11 12 
70 6 -5.34354 -4.63415 1.57811 -4.22206 -5.63028 -6.46502 -3.63801 0 1 2 5 7 10 11 12 
71 6 -4.56477 -4.00735 1.61523 -5.41671 -2.77276 -3.71283 -5.24193 0 1 2 5 7 10 11 12 
189 6 -3.10121 -2.79586 0.0938717 -3.68187 -1.41281 -2.52055 -4.17891 0 1 2 5 7 10 11 12 
162 6 -2.23445 -5.53889 0.045501 -3.04471 -4.27656 -1.42419 -6.80121 0 1 2 5 7 10 11 12 
107 6 -3.63646 -5.72536 1.55838 -2.43343 -6.6213 -4.8395 -4.82942 0 1 2 5 7 10 11 12 
103 6 -5.98135 -4.63258 -0.00949416 -7.29043 -3.90026 -4.67227 -5.36491 0 1 2 5 7 10 11 12 
132 6 -2.02367 -3.52502 1.59233 -2.98474 -2.37336 -1.06259 -4.67669 0 1 2 5 7 10 11 12 
122 6 -2.02861 -3.09345 0.0960758 -2.98788 -1.94028 -1.06935 -4.24663 0 1 2 5 7 10 11 12 
34 7 -5.23909 1.98175 1.53506 -4.66021 0.597952 -5.81797 3.36555 1 2 3 6 8 11 12 13 
169 7 -3.84156 -0.691942 1.58895 -3.52019 -2.15711 -4.16292 0.773228 1 2 3 6 8 11 12 13 
123 7 -3.39699 0.715727 -0.0113081 -3.96891 2.10242 -2.82507 -0.670963 1 2 3 6 8 11 12 13 
153 7 -5.46587 -0.525801 0.0944598 -6.82543 0.107911 -4.10631 -1.15951 1 2 3 6 8 11 12 13 
188 7 -3.35578 -0.764711 0.0938717 -4.02383 0.578314 -2.68774 -2.10774 1 2 3 6 8 11 12 13 
207 7 -3.10226 -0.852343 0.0828931 -3.64659 0.545405 -2.55792 -2.25009 1 2 3 6 8 11 12 13 
91 7 -2.45696 -0.515276 1.57205 -2.95984 0.897914 -1.95407 -1.92847 1 2 3 6 8 11 12 13 
149 7 -5.22615 1.37998 1.54739 -5.64885 2.81919 -4.80345 -0.0592265 1 2 3 6 8 11 12 13 
67 7 -4.00735 1.31504 1.63243 -3.28905 -0.00178989 -4.72565 2.63187 1 2 3 6 8 11 12 13 
131 7 -2.83148 -0.774418 1.51604 -2.11547 -2.09249 -3.5475 0.543658 1 2 3 6 8 11 12 13 
168 7 -2.82099 0.696218 -0.00214141 -3.48462 2.04143 -2.15735 -0.648993 1 2 3 6 8 11 12 13 
85 7 -2.07913 0.687607 1.60699 -1.32067 -0.606505 -2.8376 1.98172 1 2 3 6 8 11 12 13 
113 7 -5.90968 1.97424 1.61256 -6.17049 3.4514 -5.64887 0.497091 1 2 3 6 8 11 12 13 
167 7 -5.87421 -0.756486 -0.00214141 -7.25849 -0.178752 -4.48993 -1.33422 1 2 3 6 8 11 12 13 
74 8 -4.24665 3.86723 1.64626 -4.8892 5.22264 -3.60411 2.51182 2 3 4 7 9 12 13 14 
210 8 -4.4296 5.01778 0.0886768 -5.57549 5.98573 -3.28371 4.04982 2 3 4 7 9 12 13 14 
155 8 -4.43132 3.05545 0.0708671 -5.65564 3.92208 -3.207 2.18883 2 3 4 7 9 12 13 14 
90 8 -3.34934 2.81935 1.62689 -2.80939 1.4199 -3.8893 4.2188 2 3 4 7 9 12 13 14 
86 8 -5.4441 5.71436 1.65076 -4.27803 4.77081 -6.61017 6.6579 2 3 4 7 9 12 13 14 
88 8 -5.44234 2.90517 1.52721 -4.85198 1.52623 -6.0327 4.28411 2 3 4 7 9 12 13 14 
172 8 -3.78797 5.60394 0.080962 -5.13297 6.268 -2.44297 4.93988 2 3 4 7 9 12 13 14 
138 8 -5.52712 5.23862 -0.00256941 -6.52036 6.36266 -4.53388 4.11457 2 3 4 7 9 12 13 14 
87 8 -2.74492 2.189 1.62448 -1.98888 0.893474 -3.50097 3.48453 2 3 4 7 9 12 13 14 
95 8 -5.75012 5.27327 1.49327 -6.66754 6.46001 -4.8327 4.08654 2 3 4 7 9 12 13 14 
31 8 -4.92642 2.17873 1.64665 -5.68012 3.47562 -4.17271 0.881837 2 3 4 7 9 12 13 14 
175 8 -3.772 5.81517 0.0185602 -5.15708 6.39096 -2.38691 5.23937 2 3 4 7 9 12 13 14 
37 8 -5.76808 2.18991 1.66868 -5.35428 0.748114 -6.18189 3.6317 2 3 4 7 9 12 13 14 
55 8 -5.83338 2.95528 1.65656 -6.22118 4.40428 -5.44558 1.50628 2 3 4 7 9 12 13 14 
97 9 -4.7219 8.00485 0.0814642 -6.07964 7.36724 -3.36416 8.64246 3 4 -1 8 -1 13 14 -1 
116 9 -4.71593 8.87597 0.0688266 -5.86669 7.9138 -3.56517 9.83813 3 4 -1 8 -1 13 14 -1 
173 9 -2.87082 9.20743 0.0946512 -4.2115 8.53469 -1.53014 9.88017 3 4 -1 8 -1 13 14 -1 
72 9 -2.96813 6.84215 1.58781 -4.37852 7.35282 -1.55773 6.33148 3 4 -1 8 -1 13 14 -1 
178 9 -3.0062 9.26425 0.0681749 -4.31352 8.52879 -1.69888 9.99972 3 4 -1 8 -1 13 14 -1 
215 9 -4.71499 8.68655 -0.0463609 -5.82589 7.67863 -3.60408 9.69446 3 4 -1 8 -1 13 14 -1 
134 9 -4.43113 6.7395 -0.033627 -5.73039 7.48912 -3.13187 5.98988 3 4 -1 8 -1 13 14 -1 
76 9 -4.26119 7.77179 1.66739 -5.73428 7.48894 -2.7881 8.05463 3 4 -1 8 -1 13 14 -1 
158 9 -3.35085 8.42933 0.08265 -4.71601 7.80775 -1.9857 9.0509 3 4 -1 8 -1 13 14 -1 
197 9 -5.42284 8.70089 -0.0313854 -6.725 7.95633 -4.12068 9.44545 3 4 -1 8 -1 13 14 -1 
117 9 -3.48273 6.84708 -0.0258068 -4.91229 7.30134 -2.05317 6.39281 3 4 -1 8 -1 13 14 -1 
157 9 -2.90037 7.7975 0.0924511 -4.38098 7.5571 -1.41975 8.03789 3 4 -1 8 -1 13 14 -1 
77 9 -5.54287 9.38115 0.0753746 -7.0349 9.22677 -4.05083 9.53553 3 4 -1 8 -1 13 14 -1 
118 9 -4.44811 8.81428 -0.0705271 -5.57842 7.82817 -3.31781 9.80039 3 4 -1 8 -1 13 14 -1 
78 9 -5.52613 6.10094 0.0219834 -6.72065 7.0082 -4.33161 5.19368 3 4 -1 8 -1 13 14 -1 
234 9 -2.09339 6.66874 0.0738822 -3.48826 7.22041 -0.698517 6.11708 3 4 -1 8 -1 13 14 -1 
161 10 -0.0614547 -6.9806 -0.0377534 0.67831 -8.2855 -0.80122 -5.67571 -1 5 6 -1 11 -1 15 16 
182 10 -1.0155 -8.20122 -0.0612134 -2.29139 -7.41249 0.260393 -8.98995 -1 5 6 -1 11 -1 15 16 
83 10 -0.754906 -9.06468 -0.0484298 -2.25351 -8.99997 0.743698 -9.12939 -1 5 6 -1 11 -1 15 16 
184 10 -0.163188 -7.70593 0.0666466 0.997798 -8.65573 -1.32417 -6.75614 -1 5 6 -1 11 -1 15 16 
142 10 -0.336357 -9.40732 -0.0336728 1.15845 -9.28259 -1.83116 -9.53205 -1 5 6 -1 11 -1 15 16 
63 10 0.278453 -8.26873 -0.0838541 1.41674 -9.24561 -0.859839 -7.29185 -1 5 6 -1 11 -1 15 16 
146 10 0.599752 -6.5363 -0.0290627 -0.193053 -5.26293 1.39256 -7.80966 -1 5 6 -1 11 -1 15 16 
223 10 0.0857586 -6.51614 -0.0611452 -0.356577 -5.08284 0.528094 -7.94944 -1 5 6 -1 11 -1 15 16 
62 10 -1.12323 -9.61359 -0.0838541 0.376299 -9.65113 -2.62276 -9.57605 -1 5 6 -1 11 -1 15 16 
227 10 1.10587 -6.95877 0.08476 0.547535 -5.56656 1.66421 -8.35098 -1 5 6 -1 11 -1 15 16 
145 10 -0.815536 -6.13432 0.00575202 -1.5576 -4.83073 -0.0734759 -7.43791 -1 5 6 -1 11 -1 15 16 
261 10 1.47661 -6.75233 0.0248666 0.882686 -5.37492 2.07053 -8.12974 -1 5 6 -1 11 -1 15 16 
186 10 1.79918 -8.18777 0.0781129 1.08135 -6.87068 2.51702 -9.50485 -1 5 6 -1 11 -1 15 16 
164 10 -0.159404 -6.05546 0.0663293 -0.603788 -4.6228 0.28498 -7.48813 -1 5 6 -1 11 -1 15 16 
243 10 -1.90271 -6.6942 -0.00534277 -2.6818 -5.4124 -1.12361 -7.976 -1 5 6 -1 11 -1 15 16 
144 11 0.735109 -3.33766 0.0588998 0.86691 -1.84346 0.603307 -4.83186 5 6 7 10 12 15 16 17 
68 11 -1.76406 -2.68186 1.59126 -0.968248 -3.95335 -2.55988 -1.41038 5 6 7 10 12 15 16 17 
244 11 0.474064 -5.41421 0.0983097 -0.218894 -4.08387 1.16702 -6.74456 5 6 7 10 12 15 16 17 
344 11 1.32042 -3.69363 1.5878 0.918977 -2.24835 1.72186 -5.13891 5 6 7 10 12 15 16 17 
221 11 0.396331 -5.57032 -0.0620778 -0.203784 -4.1956 0.996446 -6.94505 5 6 7 10 12 15 16 17 
226 11 -1.60374 -4.39786 -0.0370219 -2.43151 -3.14694 -0.77597 -5.64878 5 6 7 10 12 15 16 17 
133 11 -0.166801 -2.33475 1.59233 -0.919921 -1.03751 0.586318 -3.63198 5 6 7 10 12 15 16 17 
152 11 1.50529 -3.19414 1.51143 1.26732 -1.71313 1.74326 -4.67514 5 6 7 10 12 15 16 17 
266 11 1.45003 -3.03585 -0.0801331 1.22811 -1.55235 1.67194 -4.51934 5 6 7 10 12 15 16 17 
241 11 1.56011 -5.6677 -0.00257303 1.41776 -4.17447 1.70245 -7.16093 5 6 7 10 12 15 16 17 
187 11 -1.67677 -4.36372 -0.0401799 -2.48024 -3.09705 -0.873301 -5.63038 5 6 7 10 12 15 16 17 
229 11 1.60321 -2.1829 1.56342 2.17654 -3.56901 1.02989 -0.796789 5 6 7 10 12 15 16 17 
264 11 1.9763 -4.50433 0.00277262 1.89519 -3.00652 2.0574 -6.00213 5 6 7 10 12 15 16 17 
194 12 0.203505 -1.23873 0.0518072 -0.0131585 0.245544 0.420168 -2.723 6 7 8 11 13 16 17 18 
328 12 -0.692869 -0.564702 1.57454 -1.2345 0.834096 -0.151238 -1.9635 6 7 8 11 13 16 17 18 
171 12 0.325666 1.16623 1.62101 1.54326 0.290185 -0.891929 2.04228 6 7 8 11 13 16 17 18 
147 12 1.83372 -0.858949 -0.0290627 0.828474 0.254368 2.83897 -1.97227 6 7 8 11 13 16 17 18 
112 12 -1.39545 0.769138 1.63237 -2.0091 2.13787 -0.7818 -0.599596 6 7 8 11 13 16 17 18 
196 12 -0.491345 0.14223 -0.0214127 -1.08427 1.52007 0.101579 -1.23561 6 7 8 11 13 16 17 18 
115 12 0.158205 -0.63244 0.0241251 -0.020281 0.856903 0.336692 -2.12178 6 7 8 11 13 16 17 18 
150 12 -1.83513 0.866343 1.5108 -2.5014 2.21025 -1.16886 -0.477565 6 7 8 11 13 16 17 18 
205 12 0.656036 -0.26004 -0.0835163 0.0978627 1.13224 1.21421 -1.65232 6 7 8 11 13 16 17 18 
166 12 -1.28557 -1.24178 0.0316722 -2.08205 0.0292943 -0.489091 -2.51285 6 7 8 11 13 16 17 18 
246 12 -0.148147 -1.26517 0.0105635 -0.516331 0.188943 0.220037 -2.71928 6 7 8 11 13 16 17 18 
203 12 1.81206 0.202186 0.0986814 0.967389 1.44175 2.65673 -1.03738 6 7 8 11 13 16 17 18 
312 12 0.99335 1.28784 1.55215 0.203582 2.56309 1.78312 0.0125851 6 7 8 11 13 16 17 18 
330 12 1.80573 1.57876 1.4827 1.19008 2.9466 2.42138 0.210928 6 7 8 11 13 16 17 18 
305 12 1.5354 -1.03107 1.52065 0.746415 0.244661 2.32439 -2.30681 6 7 8 11 13 16 17 18 
105 12 -1.39953 -1.83753 -0.0464703 -1.8222 -0.398316 -0.976857 -3.27675 6 7 8 11 13 16 17 18 
252 13 0.180242 3.64206 1.54105 -0.699542 4.85696 1.06003 2.42716 7 8 9 12 14 17 18 19 
170 13 -1.02063 4.37052 1.62101 -1.93606 5.55879 -0.10519 3.18226 7 8 9 12 14 17 18 19 
176 13 0.0738466 4.71791 0.0439749 -1.2283 5.46249 1.376 3.97332 7 8 9 12 14 17 18 19 
193 13 0.792321 3.89976 0.0866947 -0.414975 4.78994 1.99962 3.00957 7 8 9 12 14 17 18 19 
191 13 -0.0052719 3.0794 -0.0803081 -0.904604 4.2799 0.89406 1.8789 7 8 9 12 14 17 18 19 
177 13 -1.35962 3.99067 0.0410186 -2.00225 5.34604 -0.716991 2.6353 7 8 9 12 14 17 18 19 
212 13 -1.16815 4.08021 0.0451745 -1.87827 5.40147 -0.458029 2.75895 7 8 9 12 14 17 18 19 
316 13 -0.255569 5.30268 -0.0655887 1.10233 4.66541 -1.61347 5.93995 7 8 9 12 14 17 18 19 
251 13 1.02547 2.01706 1.54105 0.209214 3.27552 1.84173 0.758595 7 8 9 12 14 17 18 19 
278 13 0.427672 4.75926 -0.0548573 1.79198 4.13583 -0.936634 5.3827 7 8 9 12 14 17 18 19 
209 13 0.67623 5.73375 0.0886768 2.06586 5.16902 -0.713401 6.29849 7 8 9 12 14 17 18 19 
233 13 -0.946151 5.64441 0.0984411 0.418631 5.02202 -2.31093 6.2668 7 8 9 12 14 17 18 19 
47 13 -1.82041 3.20362 1.60654 -0.66197 2.25072 -2.97884 4.15652 7 8 9 12 14 17 18 19 
185 13 0.377546 2.10256 -0.0540477 -0.309441 3.43599 1.06453 0.769122 7 8 9 12 14 17 18 19 
237 14 0.896068 6.65113 0.0560184 -0.533095 7.10664 2.32523 6.19561 8 9 -1 13 -1 18 19 -1 
218 14 0.648071 7.56967 0.0219677 -0.751568 8.10912 2.04771 7.03021 8 9 -1 13 -1 18 19 -1 
156 14 1.23156 8.7018 0.0322909 -0.25272 8.4852 2.71584 8.9184 8 9 -1 13 -1 18 19 -1 
136 14 -0.305971 6.42134 -0.00985311 -1.68266 7.01694 1.07072 5.82575 8 9 -1 13 -1 18 19 -1 
213 14 0.885947 6.7992 0.0189033 -0.539081 7.26749 2.31098 6.33091 8 9 -1 13 -1 18 19 -1 
135 14 -1.67303 8.64327 -0.0784199 -3.12499 8.2667 -0.221067 9.01984 8 9 -1 13 -1 18 19 -1 
253 14 -0.516302 9.24762 -0.0652644 -2.01622 9.23179 0.983615 9.26346 8 9 -1 13 -1 18 19 -1 
198 14 1.46037 7.20897 -0.0460039 0.0469005 7.71108 2.87383 6.70686 8 9 -1 13 -1 18 19 -1 
277 14 1.47668 7.91286 -0.0597183 2.88689 7.40167 0.0664722 8.42405 8 9 -1 13 -1 18 19 -1 
275 14 -0.824599 7.38796 -0.0896766 0.634189 7.03877 -2.28339 7.73716 8 9 -1 13 -1 18 19 -1 
137 14 -0.628571 6.86581 0.027191 -2.1083 7.11156 0.851162 6.62006 8 9 -1 13 -1 18 19 -1 
114 14 0.267927 7.8974 1.61256 -1.14114 8.41172 1.677 7.38308 8 9 -1 13 -1 18 19 -1 
217 14 -1.06084 8.50181 0.0193853 -2.46875 7.98433 0.347074 9.01929 8 9 -1 13 -1 18 19 -1 
235 14 1.77565 9.56527 -0.0355828 0.305142 9.26929 3.24616 9.86124 8 9 -1 13 -1 18 19 -1 
154 14 -1.7514 6.7765 -0.0763312 -3.10641 7.41989 -0.396386 6.13312 8 9 -1 13 -1 18 19 -1 
165 15 3.29507 -7.26436 -0.0187441 2.0243 -6.46739 4.56583 -8.06133 -1 10 11 -1 16 -1 20 21 
206 15 3.76663 -7.89227 -0.08235 2.45219 -7.16958 5.08106 -8.61495 -1 10 11 -1 16 -1 20 21 
248 15 5.40474 -9.02452 1.55798 3.97395 -8.57413 6.83553 -9.4749 -1 10 11 -1 16 -1 20 21 
224 15 3.54819 -6.01535 -0.0442809 2.48439 -4.95785 4.612 -7.07286 -1 10 11 -1 16 -1 20 21 
242 15 2.4643 -9.55378 -0.00484941 1.00349 -9.89444 3.9251 -9.21312 -1 10 11 -1 16 -1 20 21 
322 15 3.5314 -9.92369 0.017917 2.03177 -9.89058 5.03103 -9.9568 -1 10 11 -1 16 -1 20 21 
302 15 5.66573 -7.11292 -0.0541769 4.57214 -6.08624 6.75932 -8.13959 -1 10 11 -1 16 -1 20 21 
247 15 2.82176 -7.74255 0.0105635 1.88007 -6.57498 3.76345 -8.91012 -1 10 11 -1 16 -1 20 21 
225 15 3.49363 -7.23388 -0.0243093 2.27214 -6.36328 4.71513 -8.10448 -1 10 11 -1 16 -1 20 21 
201 15 5.13301 -8.1137 -0.0121466 4.04566 -7.08042 6.22037 -9.14698 -1 10 11 -1 16 -1 20 21 
286 16 3.4298 -3.24975 1.62525 2.57884 -2.0145 4.28077 -4.485 10 11 12 15 17 20 21 22 
211 16 4.13587 -2.48896 0.0146525 3.53446 -1.1148 4.73728 -3.86311 10 11 12 15 17 20 21 22 
250 16 2.90809 -3.25225 1.58442 2.18033 -1.94062 3.63584 -4.56387 10 11 12 15 17 20 21 22 
283 16 4.34698 -3.3807 0.0836279 3.64797 -2.05353 5.04599 -4.70787 10 11 12 15 17 20 21 22 
303 16 3.32768 -4.40087 0.0786674 2.57566 -3.103 4.07969 -5.69874 10 11 12 15 17 20 21 22 
181 16 2.92687 -4.35099 0.0295419 2.17367 -3.0538 3.68007 -5.64817 10 11 12 15 17 20 21 22 
245 16 2.09145 -2.82644 -0.0212704 1.65305 -1.39194 2.52985 -4.26095 10 11 12 15 17 20 21 22 
271 16 4.71211 -2.37192 1.61511 4.01807 -1.04214 5.40615 -3.70169 10 11 12 15 17 20 21 22 
267 16 5.20637 -3.69117 1.47404 4.28124 -2.51044 6.1315 -4.87191 10 11 12 15 17 20 21 22 
231 16 2.03393 -2.83742 1.61476 1.62012 -1.39563 2.44774 -4.27921 10 11 12 15 17 20 21 22 
287 17 2.82154 -0.86066 1.57435 2.13644 0.473746 3.50664 -2.19507 11 12 13 16 18 21 22 23 
292 17 4.18674 -0.714346 1.52951 3.17071 0.389143 5.20276 -1.81783 11 12 13 16 18 21 22 23 
208 17 3.27137 0.059496 0.0886768 2.42302 1.29656 4.11971 -1.17756 11 12 13 16 18 21 22 23 
309 17 4.41554 1.13757 1.64993 3.91196 2.55051 4.91912 -0.275371 11 12 13 16 18 21 22 23 
290 17 3.78259 0.305282 1.62067 2.90384 1.52093 4.66133 -0.910368 11 12 13 16 18 21 22 23 
232 17 3.50559 -1.00014 0.0536245 4.20881 -2.32509 2.80237 0.324806 11 12 13 16 18 21 22 23 
326 17 2.70955 1.07983 1.64329 1.8989 2.3419 3.52021 -0.182248 11 12 13 16 18 21 22 23 
345 17 5.45791 -0.50467 1.54214 4.9228 0.896636 5.99302 -1.90598 11 12 13 16 18 21 22 23 
73 17 5.18111 -1.18712 1.49962 5.53842 -2.64394 4.82379 0.269699 11 12 13 16 18 21 22 23 
284 17 2.38762 1.06383 -0.043355 1.5708 2.32192 3.20445 -0.194269 11 12 13 16 18 21 22 23 
216 17 2.69115 1.59712 -0.00681139 3.56846 0.380434 1.81384 2.81381 11 12 13 16 18 21 22 23 
230 17 4.28523 -1.6802 1.61476 3.54819 -0.373766 5.02226 -2.98664 11 12 13 16 18 21 22 23 
270 17 2.32876 -1.24996 1.62258 1.29412 -0.163906 3.3634 -2.33602 11 12 13 16 18 21 22 23 
351 17 3.53212 1.93679 1.5717 2.62507 3.13147 4.43917 0.742108 11 12 13 16 18 21 22 23 
353 17 5.9924 -0.0122584 1.56506 5.2453 1.28845 6.73951 -1.31296 11 12 13 16 18 21 22 23 
254 18 4.91362 5.60568 0.0939474 6.14435 4.74819 3.68288 6.46317 12 13 14 17 19 22 23 24 
249 18 4.88538 3.56572 1.49744 3.87747 4.67664 5.89328 2.45481 12 13 14 17 19 22 23 24 
370 18 2.62425 4.47187 1.62503 1.45742 5.41448 3.79107 3.52926 12 13 14 17 19 22 23 24 
190 18 3.68545 4.40392 0.0938717 4.89988 3.52349 2.47102 5.28435 12 13 14 17 19 22 23 24 
357 18 4.7977 2.29764 1.6088 5.88799 1.26746 3.70741 3.32781 12 13 14 17 19 22 23 24 
335 18 5.9049 3.73847 1.56548 7.2549 3.08463 4.55489 4.3923 12 13 14 17 19 22 23 24 
323 18 2.42224 2.42 0.017917 1.62485 3.6905 3.21964 1.14951 12 13 14 17 19 22 23 24 
295 18 3.13705 4.16006 -0.0909834 4.27531 3.18314 1.9988 5.13698 12 13 14 17 19 22 23 24 
332 18 4.82921 4.68934 1.47638 6.32761 4.62014 3.33081 4.75854 12 13 14 17 19 22 23 24 
334 18 4.97305 3.15749 1.49321 3.89207 4.19743 6.05403 2.11754 12 13 14 17 19 22 23 24 
333 18 2.08711 3.69797 1.58287 1.32052 4.98729 2.8537 2.40866 12 13 14 17 19 22 23 24 
273 18 2.25875 3.74879 1.63076 1.38846 4.97051 3.12903 2.52707 12 13 14 17 19 22 23 24 
310 18 2.61186 3.62097 1.66042 1.92915 4.9566 3.29457 2.28533 12 13 14 17 19 22 23 24 
314 18 5.3268 2.50284 1.52025 4.19554 3.48786 6.45806 1.51783 12 13 14 17 19 22 23 24 
195 18 4.40823 2.14829 -0.0966908 5.39049 1.01464 3.42597 3.28194 12 13 14 17 19 22 23 24 
255 19 2.75622 9.37389 -0.00311797 1.35099 8.84918 4.16146 9.89859 13 14 -1 18 -1 23 24 -1 
257 19 5.48226 9.58687 -0.0370511 3.98228 9.59437 6.98224 9.57937 13 14 -1 18 -1 23 24 -1 
256 19 4.5099 8.92658 0.024088 6.00939 8.96553 3.0104 8.88763 13 14 -1 18 -1 23 24 -1 
336 19 3.66037 7.46915 1.56548 2.22687 7.02747 5.09387 7.91084 13 14 -1 18 -1 23 24 -1 
373 19 3.87122 6.65208 1.55408 2.39436 6.38962 5.34808 6.91453 13 14 -1 18 -1 23 24 -1 
377 19 3.90164 7.89619 1.61999 5.37049 8.20029 2.43279 7.59209 13 14 -1 18 -1 23 24 -1 
317 19 3.01896 8.27472 0.0721344 4.51009 8.11185 1.52783 8.43759 13 14 -1 18 -1 23 24 -1 
337 19 4.72165 7.49264 -0.0754216 6.18302 7.83089 3.26029 7.15439 13 14 -1 18 -1 23 24 -1 
238 19 2.19456 9.43859 -0.0677189 0.726825 9.12915 3.6623 9.74802 13 14 -1 18 -1 23 24 -1 
214 19 2.89511 6.14812 -0.0575552 4.31259 5.65746 1.47763 6.63877 13 14 -1 18 -1 23 24 -1 
321 20 8.03846 -7.35325 0.00346954 7.48599 -5.9587 8.59093 -8.7478 -1 15 16 -1 21 -1 -1 -1 
362 20 8.46265 -7.5499 1.61243 7.83954 -6.18544 9.08576 -8.91435 -1 15 16 -1 21 -1 -1 -1 
324 20 9.06796 -7.95735 1.52854 8.5435 -6.55203 9.59242 -9.36268 -1 15 16 -1 21 -1 -1 -1 
228 20 9.66726 -7.80237 0.08476 9.46981 -6.31542 9.86472 -9.28932 -1 15 16 -1 21 -1 -1 -1 
346 20 9.57423 -6.02653 1.57554 9.43946 -4.5326 9.70899 -7.52046 -1 15 16 -1 21 -1 -1 -1 
325 20 9.05726 -8.41854 1.49129 8.33984 -7.10123 9.77467 -9.73586 -1 15 16 -1 21 -1 -1 -1 
343 20 8.46503 -7.77201 1.58283 7.90087 -6.38215 9.02919 -9.16188 -1 15 16 -1 21 -1 -1 -1 
262 20 8.08094 -7.76865 -0.0512347 7.45691 -6.40462 8.70497 -9.13269 -1 15 16 -1 21 -1 -1 -1 
327 20 7.15504 -6.87931 1.48248 6.19786 -5.72441 8.11223 -8.03421 -1 15 16 -1 21 -1 -1 -1 
341 20 7.32694 -8.46809 -0.0266753 6.70659 -7.10238 7.94729 -9.83379 -1 15 16 -1 21 -1 -1 -1 
222 20 6.4641 -8.26807 -0.0374866 5.42207 -7.18911 7.50614 -9.34704 -1 15 16 -1 21 -1 -1 -1 
263 20 6.12362 -8.30452 0.0564466 5.22066 -7.10674 7.02657 -9.5023 -1 15 16 -1 21 -1 -1 -1 
291 20 9.00258 -6.30895 1.5682 8.85376 -4.81635 9.1514 -7.80155 -1 15 16 -1 21 -1 -1 -1 
285 20 6.00296 -7.17924 -0.043355 7.1182 -8.18235 4.88771 -6.17614 -1 15 16 -1 21 -1 -1 -1 
265 20 6.09683 -6.20387 -0.0801331 5.44124 -4.85472 6.75242 -7.55302 -1 15 16 -1 21 -1 -1 -1 
308 21 7.47599 -3.11116 1.55792 6.96721 -1.70008 7.98477 -4.52224 15 16 17 20 22 -1 -1 -1 
288 21 9.24759 -3.28081 1.54623 8.71592 -1.8782 9.77927 -4.68342 15 16 17 20 22 -1 -1 -1 
289 21 8.02266 -4.12758 1.47494 7.81291 -2.64232 8.2324 -5.61284 15 16 17 20 22 -1 -1 -1 
281 21 8.14074 -3.10104 0.0213392 7.60355 -1.70054 8.67794 -4.50155 15 16 17 20 22 -1 -1 -1 
268 21 7.10413 -3.03961 1.57244 6.35614 -1.73941 7.85213 -4.3398 15 16 17 20 22 -1 -1 -1 
366 21 8.2287 -3.45385 1.59963 7.7079 -2.04717 8.74951 -4.86054 15 16 17 20 22 -1 -1 -1 
368 21 8.78773 -2.88508 1.67067 8.5681 -1.40124 9.00735 -4.36891 15 16 17 20 22 -1 -1 -1 
307 21 9.55689 -2.48301 1.47786 9.45897 -0.986214 9.65482 -3.97981 15 16 17 20 22 -1 -1 -1 
364 21 6.97617 -5.13182 1.6272 5.98951 -4.002 7.96284 -6.26164 15 16 17 20 22 -1 -1 -1 
306 21 6.80174 -5.25936 1.66258 5.67311 -4.27133 7.93037 -6.24738 15 16 17 20 22 -1 -1 -1 
342 21 6.52512 -3.40392 -0.0266753 5.55769 -2.25759 7.49254 -4.55026 15 16 17 20 22 -1 -1 -1 
192 21 8.72972 -2.84672 0.060257 8.56116 -1.35622 8.89828 -4.33722 15 16 17 20 22 -1 -1 -1 
361 21 6.43449 -3.95949 0.0685141 5.56447 -2.73758 7.30451 -5.1814 15 16 17 20 22 -1 -1 -1 
282 21 6.415 -2.60478 -0.0810843 5.38554 -1.51381 7.44446 -3.69575 15 16 17 20 22 -1 -1 -1 
301 21 7.76627 -5.66669 -0.0896105 6.69856 -4.61312 8.83397 -6.72026 15 16 17 20 22 -1 -1 -1 
304 21 6.08381 -5.34288 0.0786674 5.02204 -4.28333 7.14558 -6.40244 15 16 17 20 22 -1 -1 -1 
329 22 7.80288 0.691464 1.50539 7.10421 2.01881 8.50155 -0.635884 16 17 18 21 23 -1 -1 -1 
372 22 7.27057 -0.333074 1.51924 6.42962 0.909022 8.11152 -1.57517 16 17 18 21 23 -1 -1 -1 
269 22 8.37643 1.26358 1.58036 8.07618 2.73322 8.67668 -0.206066 16 17 18 21 23 -1 -1 -1 
348 22 9.80805 -1.12846 1.61413 9.7993 0.371511 9.81681 -2.62844 16 17 18 21 23 -1 -1 -1 
365 22 7.13325 0.821654 1.61639 6.52555 2.19304 7.74096 -0.549731 16 17 18 21 23 -1 -1 -1 
374 22 9.60596 -0.538532 1.64317 9.53474 0.959777 9.67717 -2.03684 16 17 18 21 23 -1 -1 -1 
350 22 8.29326 -0.793116 1.54919 7.48098 0.467915 9.10554 -2.05415 16 17 18 21 23 -1 -1 -1 
352 22 8.60916 1.0328 1.58557 8.9119 -0.436332 8.30642 2.50193 16 17 18 21 23 -1 -1 -1 
331 22 7.15399 0.649381 1.61035 6.54534 2.02035 7.76263 -0.721586 16 17 18 21 23 -1 -1 -1 
349 22 7.4065 -1.03197 1.62199 8.05775 -2.38322 6.75525 0.319284 16 17 18 21 23 -1 -1 -1 
293 22 7.47244 1.67365 1.6695 6.63263 2.91652 8.31225 0.430787 16 17 18 21 23 -1 -1 -1 
274 22 9.15446 0.710361 0.0303916 9.02963 2.20516 9.2793 -0.784435 16 17 18 21 23 -1 -1 -1 
363 22 6.48318 -1.63963 1.63109 5.73275 -0.340844 7.23361 -2.93842 16 17 18 21 23 -1 -1 -1 
311 22 6.62417 0.834826 1.63968 5.74503 2.05019 7.50331 -0.380538 16 17 18 21 23 -1 -1 -1 
356 23 8.59199 2.74391 1.6088 8.75484 1.25277 8.42913 4.23504 17 18 19 22 24 -1 -1 -1 
371 23 7.79449 2.40215 1.55579 7.34062 3.83183 8.24836 0.972465 17 18 19 22 24 -1 -1 -1 
298 23 6.39656 3.11398 -0.0538784 5.18183 3.994 7.61129 2.23396 17 18 19 22 24 -1 -1 -1 
355 23 8.41591 4.75691 1.65228 8.3752 3.25746 8.45663 6.25636 17 18 19 22 24 -1 -1 -1 
272 23 7.95722 4.31001 1.63076 8.50783 2.91473 7.4066 5.7053 17 18 19 22 24 -1 -1 -1 
318 23 9.53574 3.69034 0.0769724 9.57901 2.19097 9.49247 5.18972 17 18 19 22 24 -1 -1 -1 
347 23 9.2588 2.99258 1.50313 9.16109 1.49577 9.3565 4.4894 17 18 19 22 24 -1 -1 -1 
367 23 9.07469 2.85157 1.47839 9.23771 4.34268 8.91166 1.36045 17 18 19 22 24 -1 -1 -1 
294 23 6.61383 3.07793 1.6695 5.39261 3.94892 7.83505 2.20694 17 18 19 22 24 -1 -1 -1 
369 23 9.4594 5.65565 1.504 9.30545 4.16357 9.61334 7.14773 17 18 19 22 24 -1 -1 -1 
276 23 6.31322 5.01994 0.0647429 7.64441 4.32862 4.98202 5.71125 17 18 19 22 24 -1 -1 -1 
296 24 7.81506 8.41739 -0.0642139 6.56093 7.59448 9.06918 9.24029 18 19 -1 23 -1 -1 -1 -1 
358 24 9.7763 8.24732 -0.0262301 9.85493 6.74938 9.69767 9.74526 18 19 -1 23 -1 -1 -1 -1 
375 24 6.81453 9.19615 1.58201 5.31947 9.0745 8.30959 9.3178 18 19 -1 23 -1 -1 -1 -1 
338 24 7.8718 6.73744 0.0623159 9.35734 6.9452 6.38625 6.52967 18 19 -1 23 -1 -1 -1 -1 
258 24 6.17526 9.74101 0.03131 7.67449 9.69297 4.67603 9.78905 18 19 -1 23 -1 -1 -1 -1 
236 24 6.34511 7.53565 0.0754502 7.82247 7.79528 4.86775 7.27602 18 19 -1 23 -1 -1 -1 -1 
354 24 7.61224 9.06036 1.65873 9.0254 9.56333 6.19908 8.5574 18 19 -1 23 -1 -1 -1 -1 
313 24 6.64974 6.84088 1.66995 5.16095 6.65788 8.13854 7.02388 18 19 -1 23 -1 -1 -1 -1 
315 24 6.15029 6.47738 1.52025 4.65949 6.31152 7.6411 6.64323 18 19 -1 23 -1 -1 -1 -1 
378 24 7.07063 6.15596 1.61999 8.51172 6.57219 5.62954 5.73972 18 19 -1 23 -1 -1 -1 -1 
297 24 6.25173 9.32538 0.0840942 7.72307 9.61725 4.7804 9.03352 18 19 -1 23 -1 -1 -1 -1 
376 24 6.08481 7.99176 1.61539 4.64126 7.58414 7.52837 8.39937 18 19 -1 23 -1 -1 -1 -1 
