102 0 -7.62542 -6.38641 -0.0897456 -6.16505 -6.72892 -9.08579 -6.04389 -1 -1 -1 -1 1 -1 5 6 
204 0 -8.79616 -8.787 0.0898347 -9.82534 -9.87823 -7.76698 -7.69577 -1 -1 -1 -1 1 -1 5 6 
104 0 -6.11001 -9.20963 -0.0464703 -4.65352 -8.85096 -7.5665 -9.5683 -1 -1 -1 -1 1 -1 5 6 
42 0 -6.54333 -8.51359 -0.0685787 -5.17781 -7.89282 -7.90884 -9.13437 -1 -1 -1 -1 1 -1 5 6 
126 0 -9.29806 -8.40707 -0.0866852 -8.7532 -7.00952 -9.84291 -9.80461 -1 -1 -1 -1 1 -1 5 6 
143 0 -9.27231 -7.9681 0.0057508 -8.8319 -6.53421 -9.71272 -9.40199 -1 -1 -1 -1 1 -1 5 6 
148 0 -7.98176 -8.66208 1.53451 -9.06911 -9.69537 -6.89442 -7.62879 -1 -1 -1 -1 1 -1 5 6 
25 0 -7.22244 -7.43906 1.51782 -8.70511 -7.21169 -5.73977 -7.66642 -1 -1 -1 -1 1 -1 5 6 
44 0 -6.85291 -6.67 1.57057 -8.33605 -6.44576 -5.36977 -6.89424 -1 -1 -1 -1 1 -1 5 6 
101 0 -6.46058 -7.11354 0.0132319 -4.98381 -7.37652 -7.93735 -6.85056 -1 -1 -1 -1 1 -1 5 6 
61 0 -6.07522 -6.03043 -0.0551714 -4.70507 -6.6409 -7.44538 -5.41997 -1 -1 -1 -1 1 -1 5 6 
103 1 -7.35406 -3.2435 -0.00949416 -6.39031 -2.09407 -8.3178 -4.39294 -1 -1 -1 0 2 5 6 7 
46 1 -9.06867 -2.68082 1.51621 -9.88024 -3.94231 -8.2571 -1.41933 -1 -1 -1 0 2 5 6 7 
22 1 -7.0195 -2.31274 1.51221 -8.13906 -3.31103 -5.89994 -1.31444 -1 -1 -1 0 2 5 6 7 
66 1 -6.86884 -2.93451 1.61439 -7.75378 -4.14565 -5.98389 -1.72336 -1 -1 -1 0 2 5 6 7 
69 1 -9.31129 -4.13528 1.65286 -9.95321 -5.49099 -8.66938 -2.77957 -1 -1 -1 0 2 5 6 7 
108 1 -8.33169 -3.11421 1.57308 -8.85832 -4.51873 -7.80506 -1.7097 -1 -1 -1 0 2 5 6 7 
84 1 -8.46368 -4.13657 -0.0484298 -7.44121 -3.03905 -9.48616 -5.23408 -1 -1 -1 0 2 5 6 7 
124 1 -6.95156 -3.25738 -0.0693766 -6.05233 -2.05681 -7.8508 -4.45796 -1 -1 -1 0 2 5 6 7 
21 1 -7.2113 -5.18802 -0.092345 -5.92534 -5.96023 -8.49726 -4.41581 -1 -1 -1 0 2 5 6 7 
32 1 -8.4519 -5.84412 1.53486 -9.81723 -5.22293 -7.08657 -6.4653 -1 -1 -1 0 2 5 6 7 
65 1 -8.2276 -2.41721 1.50376 -8.61566 -3.86615 -7.83953 -0.968283 -1 -1 -1 0 2 5 6 7 
127 1 -7.39729 -2.37028 1.60202 -8.41582 -3.47146 -6.37876 -1.2691 -1 -1 -1 0 2 5 6 7 
109 1 -9.7766 -2.25388 1.54238 -9.7409 -0.754306 -9.8123 -3.75346 -1 -1 -1 0 2 5 6 7 
50 1 -6.93936 -2.03183 1.49607 -7.96659 -3.1249 -5.91212 -0.938764 -1 -1 -1 0 2 5 6 7 
30 2 -7.57031 0.528561 1.53668 -7.66547 -0.968417 -7.47514 2.02554 -1 -1 -1 1 3 6 7 8 
27 2 -9.44396 0.935371 1.51453 -9.06415 -0.515747 -9.82377 2.38649 -1 -1 -1 1 3 6 7 8 
45 2 -9.44622 1.77529 1.63561 -9.90518 3.20335 -8.98726 0.347228 -1 -1 -1 1 3 6 7 8 
26 2 -8.99915 -0.028911 1.57237 -9.18391 -1.51749 -8.81439 1.45967 -1 -1 -1 1 3 6 7 8 
89 2 -6.9908 -0.923959 1.5963 -7.56645 -2.3091 -6.41515 0.461186 -1 -1 -1 1 3 6 7 8 
130 2 -9.82944 0.755268 1.60474 -9.84759 -0.744622 -9.81129 2.25516 -1 -1 -1 1 3 6 7 8 
28 2 -8.2414 -1.8118 1.47188 -8.73066 -3.22976 -7.75213 -0.393838 -1 -1 -1 1 3 6 7 8 
24 2 -6.37931 1.64981 1.49928 -6.69391 0.183174 -6.0647 3.11645 -1 -1 -1 1 3 6 7 8 
37 2 -7.00561 1.40507 1.66868 -7.53921 0.00318589 -6.47201 2.80695 -1 -1 -1 1 3 6 7 8 
35 3 -8.8985 3.47873 1.57487 -9.14099 4.959 -8.656 1.99846 -1 -1 -1 2 4 7 8 9 
29 3 -9.48258 3.84799 1.57246 -9.48236 2.34799 -9.4828 5.34799 -1 -1 -1 2 4 7 8 9 
151 3 -9.97363 2.23631 1.51143 -9.98474 3.73627 -9.96251 0.736347 -1 -1 -1 2 4 7 8 9 
33 3 -8.14801 5.27886 1.57137 -7.94704 6.76533 -8.34899 3.79238 -1 -1 -1 2 4 7 8 9 
110 3 -6.97138 5.92162 1.47668 -6.92074 4.42248 -7.02203 7.42076 -1 -1 -1 2 4 7 8 9 
56 3 -8.48444 4.58279 1.5693 -8.20266 6.05609 -8.76623 3.1095 -1 -1 -1 2 4 7 8 9 
98 3 -8.70195 5.12755 0.0357864 -8.53872 6.61864 -8.86518 3.63645 -1 -1 -1 2 4 7 8 9 
49 3 -9.12559 3.30087 1.53819 -9.08242 1.80149 -9.16877 4.80024 -1 -1 -1 2 4 7 8 9 
53 3 -8.1646 4.28832 1.64356 -7.68404 5.70926 -8.64516 2.86738 -1 -1 -1 2 4 7 8 9 
94 3 -9.37488 5.26779 1.49327 -9.30632 6.76622 -9.44344 3.76936 -1 -1 -1 2 4 7 8 9 
38 3 -7.94765 4.0845 1.66868 -7.33513 5.45374 -8.56017 2.71526 -1 -1 -1 2 4 7 8 9 
75 3 -9.825 5.84026 1.66739 -9.68234 7.33346 -9.96766 4.34706 -1 -1 -1 2 4 7 8 9 
138 3 -6.36729 4.78396 -0.00256941 -6.05852 6.25184 -6.67607 3.31609 -1 -1 -1 2 4 7 8 9 
51 3 -6.70242 4.54721 1.51942 -7.1912 3.12908 -6.21365 5.96534 -1 -1 -1 2 4 7 8 9 
111 3 -6.33462 2.78352 1.54961 -6.64699 1.3164 -6.02225 4.25063 -1 -1 -1 2 4 7 8 9 
92 3 -7.80618 2.09136 1.59747 -8.26846 0.664365 -7.34391 3.51835 -1 -1 -1 2 4 7 8 9 
55 3 -6.16105 2.23035 1.65656 -5.8844 3.70462 -6.43769 0.756079 -1 -1 -1 2 4 7 8 9 
57 3 -8.5512 5.98354 1.5693 -8.3858 7.47439 -8.71659 4.49268 -1 -1 -1 2 4 7 8 9 
58 4 -9.95137 7.4187 -0.0321181 -9.98106 5.91899 -9.92169 8.91841 -1 -1 -1 3 -1 8 9 -1 
77 4 -7.22018 9.91023 0.0753746 -8.72 9.887 -5.72036 9.93347 -1 -1 -1 3 -1 8 9 -1 
36 4 -7.99023 7.06425 1.51514 -7.41417 8.44923 -8.56629 5.67928 -1 -1 -1 3 -1 8 9 -1 
52 4 -9.08903 6.10384 1.65249 -8.77571 7.57076 -9.40235 4.63693 -1 -1 -1 3 -1 8 9 -1 
78 4 -7.53898 7.56472 0.0219834 -7.11423 9.00332 -7.96374 6.12612 -1 -1 -1 3 -1 8 9 -1 
93 4 -9.44216 6.75723 1.57299 -9.16405 8.23122 -9.72027 5.28324 -1 -1 -1 3 -1 8 9 -1 
174 4 -6.69443 9.77276 -0.0158582 -8.19443 9.77416 -5.19444 9.77135 -1 -1 -1 3 -1 8 9 -1 
128 4 -6.02852 6.13805 1.5358 -6.07431 4.63875 -5.98273 7.63735 -1 -1 -1 3 -1 8 9 -1 
81 5 -5.23353 -9.47914 0.0762549 -3.81527 -8.99075 -6.6518 -9.96753 -1 0 1 -1 6 -1 10 11 
23 5 -4.5309 -7.7925 1.50767 -3.21562 -7.07136 -5.84618 -8.51364 -1 0 1 -1 6 -1 10 11 
82 5 -3.06274 -9.6457 -0.0667708 -1.60507 -9.29189 -4.52042 -9.99951 -1 0 1 -1 6 -1 10 11 
43 5 -3.03881 -8.48879 1.57954 -4.37721 -9.16604 -1.7004 -7.81154 -1 0 1 -1 6 -1 10 11 
107 5 -4.40495 -8.48802 1.55838 -2.97602 -8.03178 -5.83389 -8.94426 -1 0 1 -1 6 -1 10 11 
64 5 -4.21474 -7.55028 1.58821 -5.54443 -8.24448 -2.88504 -6.85608 -1 0 1 -1 6 -1 10 11 
121 5 -4.17175 -6.78532 0.00172069 -2.67239 -6.74166 -5.67112 -6.82899 -1 0 1 -1 6 -1 10 11 
141 5 -4.48698 -7.57565 -0.0153654 -3.17386 -6.8506 -5.80011 -8.3007 -1 0 1 -1 6 -1 10 11 
106 5 -2.35901 -7.963 1.52942 -1.0802 -7.179 -3.63781 -8.747 -1 0 1 -1 6 -1 10 11 
202 5 -2.10332 -9.74303 -0.0198541 -3.59968 -9.84742 -0.606952 -9.63865 -1 0 1 -1 6 -1 10 11 
163 5 -5.76706 -9.19611 0.000652872 -7.20682 -9.61695 -4.32731 -8.77527 -1 0 1 -1 6 -1 10 11 
125 6 -3.25977 -5.13367 -0.0866852 -3.31697 -3.63476 -3.20257 -6.63258 0 1 2 5 7 10 11 12 
48 6 -4.05825 -2.40374 1.65033 -3.68288 -3.85601 -4.43363 -0.951466 0 1 2 5 7 10 11 12 
129 6 -2.4478 -3.23011 1.47294 -1.45649 -4.35585 -3.43911 -2.10437 0 1 2 5 7 10 11 12 
183 6 -4.14884 -3.23494 0.0928546 -4.68472 -1.83393 -3.61295 -4.63594 0 1 2 5 7 10 11 12 
167 6 -5.49396 -3.26042 -0.00214141 -5.0894 -1.816 -5.89851 -4.70483 0 1 2 5 7 10 11 12 
132 6 -3.83931 -2.99426 1.59233 -4.24527 -1.55024 -3.43335 -4.43828 0 1 2 5 7 10 11 12 
41 6 -5.8423 -5.20893 -0.0685787 -4.82692 -6.31302 -6.85767 -4.10484 0 1 2 5 7 10 11 12 
70 6 -5.57881 -2.56689 1.57811 -6.07633 -3.98197 -5.08129 -1.1518 0 1 2 5 7 10 11 12 
189 6 -3.19142 -3.04466 0.0938717 -3.89241 -1.71853 -2.49043 -4.37079 0 1 2 5 7 10 11 12 
71 6 -4.01276 -2.14421 1.61523 -4.38159 -0.690263 -3.64393 -3.59816 0 1 2 5 7 10 11 12 
145 6 -2.34632 -5.87976 0.00575202 -2.78311 -4.44476 -1.90953 -7.31475 0 1 2 5 7 10 11 12 
34 7 -3.94464 -1.26506 1.53506 -3.31925 -2.62847 -4.57003 0.0983544 1 2 3 6 8 11 12 13 
67 7 -3.74371 1.34858 1.63243 -3.7592 -0.151342 -3.72822 2.8485 1 2 3 6 8 11 12 13 
149 7 -4.4701 1.16665 1.54739 -4.24996 2.65041 -4.69024 -0.317108 1 2 3 6 8 11 12 13 
169 7 -3.93415 0.952413 1.58895 -4.02233 -0.544993 -3.84597 2.44982 1 2 3 6 8 11 12 13 
123 7 -2.33844 0.589699 -0.0113081 -2.65149 2.05667 -2.02538 -0.87727 1 2 3 6 8 11 12 13 
153 7 -5.70911 0.629818 0.0944598 -6.12392 2.07132 -5.29431 -0.811688 1 2 3 6 8 11 12 13 
88 7 -5.25863 1.63829 1.52721 -5.36251 0.141895 -5.15475 3.13469 1 2 3 6 8 11 12 13 
188 7 -2.88124 0.439608 0.0938717 -3.13474 1.91803 -2.62774 -1.03882 1 2 3 6 8 11 12 13 
207 7 -2.31991 -1.00369 0.0828931 -2.66762 0.45545 -1.97219 -2.46283 1 2 3 6 8 11 12 13 
91 7 -2.29926 -0.504091 1.57205 -2.79919 0.910147 -1.79933 -1.91833 1 2 3 6 8 11 12 13 
74 8 -4.1055 3.37076 1.64626 -3.20994 4.57408 -5.00106 2.16744 2 3 4 7 9 12 13 14 
172 8 -3.24315 5.79597 0.080962 -4.50862 6.60132 -1.97767 4.99063 2 3 4 7 9 12 13 14 
95 8 -4.73796 4.67408 1.49327 -4.7321 6.17407 -4.74383 3.17409 2 3 4 7 9 12 13 14 
31 8 -4.20095 3.34107 1.64665 -3.27942 4.52461 -5.12249 2.15753 2 3 4 7 9 12 13 14 
210 8 -2.98701 3.07119 0.0886768 -2.96637 4.57105 -3.00764 1.57134 2 3 4 7 9 12 13 14 
155 8 -5.29652 4.1337 0.0708671 -5.62537 5.59721 -4.96768 2.67019 2 3 4 7 9 12 13 14 
90 8 -3.47174 2.75006 1.62689 -3.60311 1.25582 -3.34038 4.2443 2 3 4 7 9 12 13 14 
47 8 -2.26912 2.40273 1.60654 -1.82346 0.970466 -2.71479 3.835 2 3 4 7 9 12 13 14 
87 8 -2.17893 2.41086 1.62448 -1.7166 0.983887 -2.64127 3.83783 2 3 4 7 9 12 13 14 
113 8 -5.54641 2.11489 1.61256 -5.72147 3.60464 -5.37134 0.62514 2 3 4 7 9 12 13 14 
86 8 -5.67447 4.48091 1.65076 -5.35482 3.01536 -5.99411 5.94645 2 3 4 7 9 12 13 14 
97 9 -5.59012 8.50178 0.0814642 -7.06749 8.76135 -4.11275 8.24222 3 4 -1 8 -1 13 14 -1 
116 9 -3.3603 8.373 0.0688266 -4.82101 8.71407 -1.89958 8.03194 3 4 -1 8 -1 13 14 -1 
114 9 -3.27702 8.67387 1.61256 -4.7364 9.02062 -1.81765 8.32712 3 4 -1 8 -1 13 14 -1 
173 9 -2.65822 9.45904 0.0946512 -4.14026 9.2276 -1.17619 9.69049 3 4 -1 8 -1 13 14 -1 
72 9 -4.03415 8.26507 1.58781 -5.43661 8.79716 -2.63169 7.73298 3 4 -1 8 -1 13 14 -1 
178 9 -3.44345 9.82898 0.0681749 -4.93519 9.67178 -1.95171 9.98619 3 4 -1 8 -1 13 14 -1 
175 9 -4.38289 7.27451 0.0185602 -5.62022 8.12244 -3.14555 6.42657 3 4 -1 8 -1 13 14 -1 
215 9 -2.73641 9.62038 -0.0463609 -4.23164 9.50083 -1.24118 9.73993 3 4 -1 8 -1 13 14 -1 
134 9 -3.62021 7.17214 -0.033627 -4.69375 8.21976 -2.54668 6.12451 3 4 -1 8 -1 13 14 -1 
118 9 -5.88412 9.20616 -0.0705271 -7.32195 9.63354 -4.4463 8.77879 3 4 -1 8 -1 13 14 -1 
76 9 -3.23784 7.21866 1.66739 -4.32462 8.25254 -2.15106 6.18478 3 4 -1 8 -1 13 14 -1 
54 9 -5.06478 7.46434 1.57851 -6.28965 8.3302 -3.83991 6.59849 3 4 -1 8 -1 13 14 -1 
158 9 -3.96332 9.2368 0.08265 -5.45922 9.12604 -2.46741 9.34755 3 4 -1 8 -1 13 14 -1 
233 9 -2.37706 7.22919 0.0984411 -1.00398 6.62532 -3.75013 7.83305 3 4 -1 8 -1 13 14 -1 
234 9 -2.10934 7.53114 0.0738822 -3.59082 7.76611 -0.627859 7.29617 3 4 -1 8 -1 13 14 -1 
197 9 -5.59261 8.68069 -0.0313854 -7.03916 9.07757 -4.14607 8.28382 3 4 -1 8 -1 13 14 -1 
117 9 -3.04547 6.35761 -0.0258068 -4.20546 7.30862 -1.88548 5.40659 3 4 -1 8 -1 13 14 -1 
96 9 -5.67665 9.51086 -0.0364301 -7.15503 9.76457 -4.19826 9.25714 3 4 -1 8 -1 13 14 -1 
161 10 -0.550696 -8.28333 -0.0377534 0.924461 -8.01147 -2.02585 -8.5552 -1 5 6 -1 11 -1 15 16 
182 10 -0.0496533 -8.59406 -0.0612134 -1.54786 -8.52082 1.44856 -8.66729 -1 5 6 -1 11 -1 15 16 
62 10 -0.323157 -9.41857 -0.0838541 1.15401 -9.67929 -1.80032 -9.15785 -1 5 6 -1 11 -1 15 16 
162 10 -0.800809 -7.20219 0.045501 -2.05018 -6.37208 0.44856 -8.0323 -1 5 6 -1 11 -1 15 16 
83 10 0.590366 -9.02245 -0.0484298 -0.904427 -8.89757 2.08516 -9.14733 -1 5 6 -1 11 -1 15 16 
261 10 1.20159 -6.69283 0.0248666 0.895468 -5.2244 1.50771 -8.16127 -1 5 6 -1 11 -1 15 16 
184 10 -0.67665 -8.77626 0.0666466 0.817427 -8.90944 -2.17073 -8.64309 -1 5 6 -1 11 -1 15 16 
142 10 1.51694 -9.3449 -0.0336728 3.01676 -9.32147 0.0171225 -9.36833 -1 5 6 -1 11 -1 15 16 
63 10 -1.17251 -8.63288 -0.0838541 0.322698 -8.75273 -2.66771 -8.51303 -1 5 6 -1 11 -1 15 16 
146 10 0.381442 -6.57493 -0.0290627 0.29826 -5.07723 0.464623 -8.07262 -1 5 6 -1 11 -1 15 16 
227 10 0.517069 -6.19153 0.08476 0.325474 -4.70381 0.708664 -7.67924 -1 5 6 -1 11 -1 15 16 
223 11 0.247553 -5.34148 -0.0611452 0.154545 -3.84437 0.340561 -6.8386 5 6 7 10 12 15 16 17 
144 11 -0.135411 -4.69578 0.0588998 -0.340505 -3.20987 0.0696841 -6.1817 5 6 7 10 12 15 16 17 
68 11 -0.617484 -3.96248 1.59126 -0.359283 -5.44009 -0.875685 -2.48487 5 6 7 10 12 15 16 17 
164 11 -0.511263 -5.54808 0.0663293 -0.909908 -4.10202 -0.112618 -6.99414 5 6 7 10 12 15 16 17 
244 11 1.10236 -5.15041 0.0983097 0.239364 -3.92354 1.96536 -6.37729 5 6 7 10 12 15 16 17 
344 11 0.648426 -2.92692 1.5878 0.613225 -1.42733 0.683627 -4.4265 5 6 7 10 12 15 16 17 
122 11 -0.699534 -2.33145 0.0960758 -1.00344 -0.862555 -0.395626 -3.80034 5 6 7 10 12 15 16 17 
226 11 -1.96928 -3.62829 -0.0370219 -2.87995 -2.43637 -1.05861 -4.82021 5 6 7 10 12 15 16 17 
221 11 -0.2577 -4.72029 -0.0620778 -0.570006 -3.25316 0.0546058 -6.18742 5 6 7 10 12 15 16 17 
105 11 -1.52457 -2.56959 -0.0464703 -1.88102 -1.11255 -1.16813 -4.02662 5 6 7 10 12 15 16 17 
243 11 -1.34555 -4.84127 -0.00534277 -2.25903 -3.65151 -0.43206 -6.03104 5 6 7 10 12 15 16 17 
187 11 -1.89443 -4.89961 -0.0401799 -3.13073 -4.05017 -0.658126 -5.74905 5 6 7 10 12 15 16 17 
266 11 -0.10742 -2.27064 -0.0801331 -0.532242 -0.832051 0.317401 -3.70922 5 6 7 10 12 15 16 17 
246 11 0.373261 -2.25474 0.0105635 0.201208 -0.764641 0.545315 -3.74484 5 6 7 10 12 15 16 17 
181 11 1.97832 -5.22741 0.0295419 1.14488 -3.98026 2.81176 -6.47456 5 6 7 10 12 15 16 17 
264 11 1.94513 -5.12302 0.00277262 1.09164 -3.88951 2.79863 -6.35653 5 6 7 10 12 15 16 17 
194 12 -0.443652 -0.118473 0.0518072 -0.838816 1.32854 -0.0484883 -1.56549 6 7 8 11 13 16 17 18 
328 12 -0.30031 -0.625845 1.57454 -0.692137 0.822075 0.0915166 -2.07376 6 7 8 11 13 16 17 18 
171 12 -0.394069 0.263358 1.62101 -0.0961774 -1.20676 -0.691961 1.73348 6 7 8 11 13 16 17 18 
133 12 -1.58016 -0.928483 1.59233 -2.0018 0.511039 -1.15852 -2.368 6 7 8 11 13 16 17 18 
147 12 0.445576 -1.02425 -0.0290627 -0.318373 0.26663 1.20953 -2.31514 6 7 8 11 13 16 17 18 
112 12 -1.2972 1.03136 1.63237 -1.43603 2.52492 -1.15837 -0.462202 6 7 8 11 13 16 17 18 
196 12 -1.29827 0.529797 -0.0214127 -1.40397 2.02607 -1.19258 -0.966475 6 7 8 11 13 16 17 18 
115 12 0.150822 0.955101 0.0241251 -0.910189 2.01541 1.21183 -0.105209 6 7 8 11 13 16 17 18 
284 12 1.25302 0.701772 -0.043355 0.699169 2.09578 1.80687 -0.692233 6 7 8 11 13 16 17 18 
85 12 -0.768189 -0.190418 1.60699 -0.385768 -1.64085 -1.15061 1.26001 6 7 8 11 13 16 17 18 
168 12 -1.61502 1.32031 -0.00214141 -1.67661 2.81905 -1.55343 -0.178424 6 7 8 11 13 16 17 18 
150 12 -1.49488 1.71663 1.5108 -1.55733 3.21533 -1.43243 0.217934 6 7 8 11 13 16 17 18 
205 12 1.29663 -1.11846 -0.0835163 0.129194 -0.176605 2.46408 -2.06031 6 7 8 11 13 16 17 18 
131 12 -1.69846 -0.0657088 1.51604 -1.14725 -1.46076 -2.24967 1.32934 6 7 8 11 13 16 17 18 
166 12 -0.621234 -1.99479 0.0316722 -1.06758 -0.562737 -0.174883 -3.42684 6 7 8 11 13 16 17 18 
252 13 -0.0451286 4.86889 1.54105 -0.953285 6.06273 0.863028 3.67505 7 8 9 12 14 17 18 19 
312 13 0.909339 2.49211 1.55215 -0.472156 3.07646 2.29083 1.90775 7 8 9 12 14 17 18 19 
170 13 -0.800153 3.44934 1.62101 -2.12291 4.15666 0.522604 2.74201 7 8 9 12 14 17 18 19 
278 13 0.691001 5.57647 -0.0548573 1.92569 4.72468 -0.543686 6.42826 7 8 9 12 14 17 18 19 
251 13 1.77612 3.07706 1.54105 0.708516 4.13072 2.84373 2.02339 7 8 9 12 14 17 18 19 
176 13 -1.39921 5.37436 0.0439749 -2.27387 6.59295 -0.524548 4.15577 7 8 9 12 14 17 18 19 
185 13 -0.21226 2.51306 -0.0540477 -1.22244 3.62191 0.797916 1.40421 7 8 9 12 14 17 18 19 
193 13 -0.171596 4.28733 0.0866947 -1.08519 5.47701 0.741997 3.09764 7 8 9 12 14 17 18 19 
191 13 0.278686 3.11071 -0.0803081 -1.04487 3.81654 1.60224 2.40488 7 8 9 12 14 17 18 19 
177 13 -1.94278 4.86627 0.0410186 -3.26669 5.57145 -0.618877 4.1611 7 8 9 12 14 17 18 19 
212 13 -1.73734 4.39762 0.0451745 -3.08044 5.06553 -0.394247 3.72972 7 8 9 12 14 17 18 19 
273 13 1.71884 3.54342 1.63076 0.754282 4.69217 2.68341 2.39468 7 8 9 12 14 17 18 19 
316 13 -0.556214 5.99175 -0.0655887 0.707641 5.18387 -1.82007 6.79963 7 8 9 12 14 17 18 19 
216 13 1.4575 2.02094 -0.00681139 2.79872 1.34927 0.116284 2.69261 7 8 9 12 14 17 18 19 
237 14 0.436764 7.506 0.0560184 -0.992147 7.96231 1.86568 7.0497 8 9 -1 13 -1 18 19 -1 
154 14 -0.619386 6.23989 -0.0763312 -1.9505 6.93136 0.711729 5.54841 8 9 -1 13 -1 18 19 -1 
218 14 -0.669306 8.89636 0.0219677 -2.16924 8.88228 0.830628 8.91043 8 9 -1 13 -1 18 19 -1 
156 14 0.47652 9.51516 0.0322909 -1.01947 9.40554 1.97251 9.62478 8 9 -1 13 -1 18 19 -1 
136 14 -0.46461 7.11376 -0.00985311 -1.92373 7.46156 0.994512 6.76596 8 9 -1 13 -1 18 19 -1 
235 14 -0.391917 9.12934 -0.0355828 -1.88705 9.00855 1.10321 9.25012 8 9 -1 13 -1 18 19 -1 
217 14 -0.715438 8.19446 0.0193853 -2.16693 8.57285 0.736053 7.81608 8 9 -1 13 -1 18 19 -1 
213 14 -0.185468 7.32689 0.0189033 -1.56311 7.92028 1.19217 6.7335 8 9 -1 13 -1 18 19 -1 
135 14 -1.49391 8.19556 -0.0784199 -2.95664 8.52783 -0.0311732 7.86328 8 9 -1 13 -1 18 19 -1 
157 14 -1.73486 9.38432 0.0924511 -3.14016 8.8598 -0.329554 9.90883 8 9 -1 13 -1 18 19 -1 
253 14 -0.877101 9.20909 -0.0652644 -2.35315 8.94213 0.598953 9.47605 8 9 -1 13 -1 18 19 -1 
209 14 0.589707 6.22382 0.0886768 1.90964 5.51123 -0.730222 6.93641 8 9 -1 13 -1 18 19 -1 
137 14 -1.60346 7.6521 0.027191 -3.06168 8.00368 -0.145248 7.30053 8 9 -1 13 -1 18 19 -1 
198 14 1.63016 8.43629 -0.0460039 0.13016 8.43921 3.13015 8.43337 8 9 -1 13 -1 18 19 -1 
277 14 1.70173 8.66177 -0.0597183 3.20082 8.60934 0.20265 8.71421 8 9 -1 13 -1 18 19 -1 
165 15 3.10434 -7.34512 -0.0187441 3.11135 -5.84514 3.09732 -8.8451 -1 10 11 -1 16 -1 20 21 
206 15 3.46812 -8.18747 -0.08235 3.41119 -6.68855 3.52505 -9.68639 -1 10 11 -1 16 -1 20 21 
303 15 4.50521 -7.12396 0.0786674 3.75666 -5.82409 5.25376 -8.42383 -1 10 11 -1 16 -1 20 21 
248 15 4.72125 -8.35998 1.55798 3.46998 -7.53275 5.97253 -9.18722 -1 10 11 -1 16 -1 20 21 
224 15 4.63143 -8.72652 -0.0442809 3.56628 -7.67037 5.69658 -9.78267 -1 10 11 -1 16 -1 20 21 
263 15 5.0164 -7.53793 0.0564466 4.16573 -6.30247 5.86706 -8.77339 -1 10 11 -1 16 -1 20 21 
242 15 3.01262 -9.96492 -0.00484941 1.51281 -9.98928 4.51242 -9.94056 -1 10 11 -1 16 -1 20 21 
322 15 4.85161 -9.96169 0.017917 3.35161 -9.96024 6.3516 -9.96313 -1 10 11 -1 16 -1 20 21 
201 15 5.48189 -8.3345 -0.0121466 4.57962 -7.13621 6.38416 -9.53279 -1 10 11 -1 16 -1 20 21 
302 15 5.26007 -6.48296 -0.0541769 5.07115 -4.99491 5.44898 -7.97102 -1 10 11 -1 16 -1 20 21 
186 15 2.31649 -8.00686 0.0781129 1.39984 -6.81953 3.23314 -9.19419 -1 10 11 -1 16 -1 20 21 
247 15 2.11901 -6.63221 0.0105635 1.496 -5.26771 2.74202 -7.99671 -1 10 11 -1 16 -1 20 21 
285 15 5.6556 -6.31335 -0.043355 6.00186 -7.77284 5.30935 -4.85386 -1 10 11 -1 16 -1 20 21 
225 15 3.70316 -6.17509 -0.0243093 2.97567 -4.86332 4.43065 -7.48687 -1 10 11 -1 16 -1 20 21 
152 16 2.61403 -4.53791 1.51143 1.85079 -3.24661 3.37728 -5.82921 10 11 12 15 17 20 21 22 
286 16 4.63879 -3.49762 1.62525 4.15231 -2.07869 5.12526 -4.91654 10 11 12 15 17 20 21 22 
230 16 4.51561 -3.09947 1.61476 4.0199 -1.68375 5.01132 -4.51519 10 11 12 15 17 20 21 22 
211 16 4.51573 -4.07264 0.0146525 4.13662 -2.62134 4.89484 -5.52394 10 11 12 15 17 20 21 22 
250 16 3.71602 -3.54745 1.58442 3.2416 -2.12446 4.19044 -4.97045 10 11 12 15 17 20 21 22 
245 16 2.95071 -2.45561 -0.0212704 2.27047 -1.11872 3.63096 -3.79249 10 11 12 15 17 20 21 22 
304 16 5.09154 -3.94475 0.0786674 4.528 -2.55463 5.65507 -5.33486 10 11 12 15 17 20 21 22 
229 16 2.75345 -2.67839 1.56342 3.30319 -4.07402 2.20372 -1.28276 10 11 12 15 17 20 21 22 
283 16 5.07024 -3.14861 0.0836279 4.12562 -1.98341 6.01486 -4.31381 10 11 12 15 17 20 21 22 
271 16 5.76861 -2.67522 1.61511 5.42475 -1.21516 6.11247 -4.13527 10 11 12 15 17 20 21 22 
231 16 2.76863 -2.34 1.61476 2.07237 -1.01138 3.46489 -3.66861 10 11 12 15 17 20 21 22 
241 16 2.04822 -5.61694 -0.00257303 1.06951 -4.48022 3.02693 -6.75366 10 11 12 15 17 20 21 22 
330 17 4.2308 0.396791 1.4827 3.2126 1.49828 5.24899 -0.704698 11 12 13 16 18 21 22 23 
287 17 2.84277 -0.770865 1.57435 1.97319 0.451356 3.71236 -1.99309 11 12 13 16 18 21 22 23 
311 17 5.18056 0.832053 1.63968 4.29601 2.04349 6.06511 -0.379381 11 12 13 16 18 21 22 23 
292 17 3.75971 0.136808 1.52951 2.8483 1.32816 4.67113 -1.05454 11 12 13 16 18 21 22 23 
326 17 3.27901 1.4072 1.64329 2.2815 2.52746 4.27651 0.286942 11 12 13 16 18 21 22 23 
208 17 3.07608 0.164538 0.0886768 1.93526 1.13847 4.21689 -0.80939 11 12 13 16 18 21 22 23 
309 17 4.44909 0.923116 1.64993 3.63568 2.18341 5.26251 -0.337182 11 12 13 16 18 21 22 23 
73 17 4.74549 -1.21848 1.49962 5.63245 -2.42815 3.85854 -0.00880713 11 12 13 16 18 21 22 23 
267 17 5.20115 -0.767111 1.47404 4.11755 0.270103 6.28474 -1.80433 11 12 13 16 18 21 22 23 
345 17 5.14433 0.371849 1.54214 4.50526 1.7289 5.78341 -0.985202 11 12 13 16 18 21 22 23 
290 17 5.56866 0.815026 1.62067 4.48068 1.84764 6.65664 -0.21759 11 12 13 16 18 21 22 23 
305 17 3.38913 -1.37988 1.52065 2.58456 -0.113919 4.19371 -2.64584 11 12 13 16 18 21 22 23 
334 17 4.92519 1.72445 1.49321 3.71691 2.61329 6.13348 0.835608 11 12 13 16 18 21 22 23 
270 17 3.05677 -1.76301 1.62258 2.0076 -0.690997 4.10595 -2.83503 11 12 13 16 18 21 22 23 
232 17 2.78152 -0.105426 0.0536245 3.684 -1.30356 1.87904 1.09271 11 12 13 16 18 21 22 23 
203 17 2.01297 0.806364 0.0986814 1.23133 2.08661 2.79461 -0.473884 11 12 13 16 18 21 22 23 
254 18 4.16778 4.80759 0.0939474 5.22627 3.74476 3.10929 5.87042 12 13 14 17 19 22 23 24 
249 18 5.18632 3.27587 1.49744 3.95518 4.13278 6.41747 2.41897 12 13 14 17 19 22 23 24 
314 18 5.00116 2.95554 1.52025 3.99879 4.07145 6.00353 1.83963 12 13 14 17 19 22 23 24 
370 18 2.64788 5.43342 1.62503 1.55504 6.4609 3.74072 4.40595 12 13 14 17 19 22 23 24 
190 18 4.21416 4.43861 0.0938717 5.25597 3.35943 3.17234 5.51778 12 13 14 17 19 22 23 24 
310 18 2.98982 4.51867 1.66042 2.12121 5.74158 3.85842 3.29576 12 13 14 17 19 22 23 24 
333 18 3.07817 2.96064 1.58287 2.14772 4.13718 4.00862 1.78409 12 13 14 17 19 22 23 24 
357 18 5.06879 2.52397 1.6088 6.0826 1.41844 4.05498 3.62949 12 13 14 17 19 22 23 24 
276 18 4.76182 4.57532 0.0647429 5.8591 3.55259 3.66455 5.59806 12 13 14 17 19 22 23 24 
335 18 5.06062 4.11699 1.56548 6.16159 3.09822 3.95966 5.13575 12 13 14 17 19 22 23 24 
351 18 2.48169 2.25688 1.5717 1.4748 3.36871 3.48858 1.14504 12 13 14 17 19 22 23 24 
323 18 3.28782 2.05256 0.017917 2.32818 3.20542 4.24747 0.899702 12 13 14 17 19 22 23 24 
313 18 3.91761 5.56963 1.66995 2.63431 6.34624 5.20092 4.79302 12 13 14 17 19 22 23 24 
195 18 4.97691 2.16895 -0.0966908 6.09273 1.16648 3.86108 3.17141 12 13 14 17 19 22 23 24 
295 18 2.11606 3.72062 -0.0909834 3.16836 2.65166 1.06377 4.78958 12 13 14 17 19 22 23 24 
255 19 4.14396 8.96142 -0.00311797 2.64476 9.01039 5.64316 8.91245 13 14 -1 18 -1 23 24 -1 
257 19 3.68101 9.77284 -0.0370511 2.18875 9.62063 5.17327 9.92505 13 14 -1 18 -1 23 24 -1 
236 19 5.5087 7.66485 0.0754502 6.99078 7.43365 4.02663 7.89605 13 14 -1 18 -1 23 24 -1 
256 19 3.82114 9.16733 0.024088 5.30212 8.92925 2.34015 9.40541 13 14 -1 18 -1 23 24 -1 
297 19 4.31198 8.29036 0.0840942 5.80661 8.41715 2.81735 8.16357 13 14 -1 18 -1 23 24 -1 
336 19 3.37591 7.55403 1.56548 1.8768 7.60555 4.87503 7.50252 13 14 -1 18 -1 23 24 -1 
373 19 3.89541 7.2608 1.55408 2.39551 7.24359 5.39531 7.27802 13 14 -1 18 -1 23 24 -1 
258 19 4.94391 7.9032 0.03131 6.42703 7.67882 3.46079 8.12758 13 14 -1 18 -1 23 24 -1 
377 19 4.73239 6.60319 1.61999 6.22264 6.77388 3.24213 6.43249 13 14 -1 18 -1 23 24 -1 
214 19 2.78631 6.49147 -0.0575552 4.17781 5.93136 1.39481 7.05159 13 14 -1 18 -1 23 24 -1 
337 19 5.69473 6.49439 -0.0754216 7.13121 6.92627 4.25825 6.0625 13 14 -1 18 -1 23 24 -1 
275 19 2.07946 7.27173 -0.0896766 3.55216 6.98688 0.606752 7.55658 13 14 -1 18 -1 23 24 -1 
317 19 2.9718 7.66668 0.0721344 4.47085 7.61329 1.47275 7.72008 13 14 -1 18 -1 23 24 -1 
315 19 5.78323 6.00586 1.52025 4.30607 5.74509 7.26039 6.26663 13 14 -1 18 -1 23 24 -1 
238 19 2.19285 9.79051 -0.0677189 0.693978 9.73229 3.69172 9.84872 13 14 -1 18 -1 23 24 -1 
321 20 8.20468 -6.757 0.00346954 7.99452 -5.2718 8.41484 -8.24221 -1 15 16 -1 21 -1 -1 -1 
362 20 9.53008 -7.62533 1.61243 9.2223 -6.15725 9.83786 -9.09342 -1 15 16 -1 21 -1 -1 -1 
324 20 9.52116 -8.15766 1.52854 9.15388 -6.70332 9.88844 -9.612 -1 15 16 -1 21 -1 -1 -1 
228 20 8.59092 -6.98521 0.08476 8.66708 -5.48714 8.51475 -8.48327 -1 15 16 -1 21 -1 -1 -1 
346 20 9.48037 -6.83662 1.57554 8.99118 -5.41863 9.96956 -8.25461 -1 15 16 -1 21 -1 -1 -1 
325 20 9.34233 -8.26366 1.49129 9.06897 -6.78878 9.61569 -9.73855 -1 15 16 -1 21 -1 -1 -1 
343 20 8.06329 -8.39904 1.58283 7.9835 -6.90117 8.14308 -9.89692 -1 15 16 -1 21 -1 -1 -1 
262 20 7.64359 -8.25975 -0.0512347 7.48564 -6.76809 7.80155 -9.75141 -1 15 16 -1 21 -1 -1 -1 
327 20 7.716 -8.07322 1.48248 7.53281 -6.58445 7.8992 -9.562 -1 15 16 -1 21 -1 -1 -1 
291 20 9.06752 -6.77401 1.5682 8.72853 -5.31281 9.40652 -8.2352 -1 15 16 -1 21 -1 -1 -1 
341 20 6.53092 -7.01435 -0.0266753 6.63784 -5.51817 6.42399 -8.51054 -1 15 16 -1 21 -1 -1 -1 
222 20 6.83029 -7.75735 -0.0374866 7.09807 -6.28145 6.56251 -9.23326 -1 15 16 -1 21 -1 -1 -1 
364 20 6.51822 -6.44242 1.6272 6.59538 -4.9444 6.44106 -7.94043 -1 15 16 -1 21 -1 -1 -1 
301 20 7.23214 -6.90209 -0.0896105 7.70236 -5.4777 6.76192 -8.32648 -1 15 16 -1 21 -1 -1 -1 
265 20 6.06376 -7.11211 -0.0801331 5.96456 -5.6154 6.16296 -8.60883 -1 15 16 -1 21 -1 -1 -1 
308 21 7.85978 -4.26476 1.55792 7.89751 -2.76523 7.82204 -5.76429 15 16 17 20 22 -1 -1 -1 
342 21 6.21786 -3.82005 -0.0266753 5.96717 -2.34115 6.46854 -5.29895 15 16 17 20 22 -1 -1 -1 
288 21 9.61074 -4.39383 1.54623 9.65247 -2.89442 9.569 -5.89325 15 16 17 20 22 -1 -1 -1 
289 21 8.58879 -3.16496 1.47494 8.91482 -1.70083 8.26275 -4.6291 15 16 17 20 22 -1 -1 -1 
363 21 7.9769 -2.83343 1.63109 7.87296 -1.33704 8.08084 -4.32983 15 16 17 20 22 -1 -1 -1 
281 21 9.09069 -3.68549 0.0213392 8.9839 -2.18929 9.19748 -5.18168 15 16 17 20 22 -1 -1 -1 
268 21 6.65958 -3.82597 1.57244 6.76671 -2.3298 6.55244 -5.32214 15 16 17 20 22 -1 -1 -1 
366 21 9.10045 -5.20772 1.59963 8.60243 -3.79281 9.59848 -6.62263 15 16 17 20 22 -1 -1 -1 
368 21 9.45386 -3.32614 1.67067 9.4854 -1.82647 9.42231 -4.82581 15 16 17 20 22 -1 -1 -1 
307 21 9.75455 -2.49148 1.47786 9.79982 -0.992158 9.70929 -3.99079 15 16 17 20 22 -1 -1 -1 
306 21 6.77233 -5.78859 1.66258 6.65734 -4.29301 6.88733 -7.28418 15 16 17 20 22 -1 -1 -1 
361 21 6.05939 -4.0597 0.0685141 5.70053 -2.60326 6.41825 -5.51614 15 16 17 20 22 -1 -1 -1 
329 22 8.37991 0.102593 1.50539 8.5714 1.59032 8.18841 -1.38513 16 17 18 21 23 -1 -1 -1 
372 22 7.08128 0.994227 1.51924 6.29822 2.27361 7.86434 -0.285156 16 17 18 21 23 -1 -1 -1 
367 22 9.35271 1.61026 1.47839 8.7301 2.97494 9.97533 0.245583 16 17 18 21 23 -1 -1 -1 
269 22 8.41131 0.969404 1.58036 8.70164 2.44104 8.12099 -0.502231 16 17 18 21 23 -1 -1 -1 
348 22 9.68092 -1.25051 1.61413 9.88656 0.235327 9.47528 -2.73635 16 17 18 21 23 -1 -1 -1 
274 22 8.7012 0.736642 0.0303916 8.98355 2.20983 8.41885 -0.736543 16 17 18 21 23 -1 -1 -1 
365 22 7.00885 -0.000210285 1.61639 5.86659 0.97203 8.1511 -0.97245 16 17 18 21 23 -1 -1 -1 
374 22 8.61922 -0.474428 1.64317 9.0254 0.969531 8.21304 -1.91839 16 17 18 21 23 -1 -1 -1 
349 22 6.29597 -0.270615 1.62199 7.33963 -1.34801 5.25231 0.806776 16 17 18 21 23 -1 -1 -1 
350 22 9.51109 -1.30608 1.54919 9.71672 0.179762 9.30545 -2.79191 16 17 18 21 23 -1 -1 -1 
352 22 7.13513 1.38096 1.58557 8.09097 0.224947 6.17929 2.53698 16 17 18 21 23 -1 -1 -1 
353 22 6.82386 -0.357919 1.56506 5.93633 0.851333 7.71139 -1.56717 16 17 18 21 23 -1 -1 -1 
282 22 6.14258 -0.883615 -0.0810843 5.41904 0.430346 6.86612 -2.19758 16 17 18 21 23 -1 -1 -1 
293 22 6.06832 1.27327 1.6695 5.12093 2.43622 7.0157 0.110318 16 17 18 21 23 -1 -1 -1 
192 22 8.7051 -1.55508 0.060257 8.94513 -0.0744037 8.46508 -3.03575 16 17 18 21 23 -1 -1 -1 
331 22 6.31697 1.25025 1.61035 5.42662 2.45743 7.20732 0.043077 16 17 18 21 23 -1 -1 -1 
356 23 6.77407 3.75463 1.6088 7.83719 2.69643 5.71096 4.81283 17 18 19 22 24 -1 -1 -1 
369 23 9.59986 5.23742 1.504 9.92978 3.77415 9.26994 6.70069 17 18 19 22 24 -1 -1 -1 
371 23 8.66028 4.13761 1.55579 7.9123 5.43781 9.40827 2.83741 17 18 19 22 24 -1 -1 -1 
298 23 6.88235 2.35303 -0.0538784 5.70715 3.28518 8.05755 1.42088 17 18 19 22 24 -1 -1 -1 
294 23 6.2835 2.68729 1.6695 5.14521 3.66417 7.42179 1.71041 17 18 19 22 24 -1 -1 -1 
332 23 6.25191 3.24784 1.47638 7.29993 2.17469 5.20388 4.32098 17 18 19 22 24 -1 -1 -1 
355 23 8.30027 4.95584 1.65228 9.20997 3.76318 7.39056 6.1485 17 18 19 22 24 -1 -1 -1 
272 23 6.29315 3.73353 1.63076 7.06312 2.44623 5.52318 5.02083 17 18 19 22 24 -1 -1 -1 
318 23 9.23834 5.57115 0.0769724 9.50366 4.0948 8.97301 7.0475 17 18 19 22 24 -1 -1 -1 
347 23 9.44611 2.64246 1.50313 9.69731 1.16365 9.1949 4.12128 17 18 19 22 24 -1 -1 -1 
378 23 6.36846 5.59556 1.61999 7.86157 5.45195 4.87536 5.73918 17 18 19 22 24 -1 -1 -1 
296 24 7.77219 7.4193 -0.0642139 6.31073 7.75711 9.23366 7.0815 18 19 -1 23 -1 -1 -1 -1 
376 24 7.11163 7.41741 1.61539 5.63899 7.70258 8.58428 7.13225 18 19 -1 23 -1 -1 -1 -1 
358 24 8.74465 8.27362 -0.0262301 9.78426 7.19233 7.70504 9.35492 18 19 -1 23 -1 -1 -1 -1 
354 24 6.44077 8.62675 1.65873 7.9145 8.9063 4.96705 8.34721 18 19 -1 23 -1 -1 -1 -1 
375 24 6.88923 9.60936 1.58201 5.39188 9.52035 8.38659 9.69837 18 19 -1 23 -1 -1 -1 -1 
338 24 6.64119 6.48821 0.0623159 8.0559 6.98683 5.22649 5.9896 18 19 -1 23 -1 -1 -1 -1 
