21 0 -9.85691 -8.33082 -0.092345 -9.9983 -6.8375 -9.71552 -9.82415 -1 -1 -1 -1 1 -1 5 6 
22 0 -9.25807 -8.24204 1.51221 -8.85097 -9.68574 -9.66516 -6.79834 -1 -1 -1 -1 1 -1 5 6 
23 0 -8.9459 -6.49767 1.50767 -9.87649 -5.32123 -8.0153 -7.6741 -1 -1 -1 -1 1 -1 5 6 
41 0 -6.3778 -8.53346 -0.0685787 -5.14916 -7.67296 -7.60643 -9.39396 -1 -1 -1 -1 1 -1 5 6 
42 0 -6.95746 -7.90491 -0.0685787 -5.83713 -6.90749 -8.0778 -8.90233 -1 -1 -1 -1 1 -1 5 6 
62 0 -7.51644 -8.09283 -0.0838541 -6.44693 -7.0411 -8.58596 -9.14457 -1 -1 -1 -1 1 -1 5 6 
63 0 -7.32224 -7.27289 -0.0838541 -6.49249 -6.02328 -8.15199 -8.52249 -1 -1 -1 -1 1 -1 5 6 
61 0 -6.902 -8.18477 -0.0551714 -5.88071 -7.08616 -7.92329 -9.28339 -1 -1 -1 -1 1 -1 5 6 
103 0 -6.61601 -6.54643 -0.00949416 -5.76268 -5.31281 -7.46935 -7.78005 -1 -1 -1 -1 1 -1 5 6 
25 1 -9.17316 -5.68819 1.51782 -9.91318 -4.38345 -8.43314 -6.99294 -1 -1 -1 0 2 5 6 7 
26 1 -7.1667 -2.56256 1.57237 -8.66573 -2.61651 -5.66767 -2.50861 -1 -1 -1 0 2 5 6 7 
27 1 -8.17609 -2.45614 1.51453 -9.6463 -2.75362 -6.70589 -2.15866 -1 -1 -1 0 2 5 6 7 
44 1 -8.40871 -5.13072 1.57057 -9.09845 -3.7987 -7.71897 -6.46273 -1 -1 -1 0 2 5 6 7 
45 1 -7.79771 -4.5792 1.63561 -8.80025 -3.46343 -6.79518 -5.69496 -1 -1 -1 0 2 5 6 7 
46 1 -6.67879 -2.47845 1.51621 -8.17878 -2.48207 -5.17879 -2.47484 -1 -1 -1 0 2 5 6 7 
64 1 -8.14088 -5.05667 1.58821 -8.71473 -3.67078 -7.56704 -6.44256 -1 -1 -1 0 2 5 6 7 
65 1 -7.60578 -4.59874 1.50376 -8.62045 -3.494 -6.5911 -5.70347 -1 -1 -1 0 2 5 6 7 
28 1 -7.89161 -2.24583 1.47188 -9.35272 -2.58518 -6.4305 -1.90649 -1 -1 -1 0 2 5 6 7 
24 1 -9.09692 -5.2127 1.49928 -9.70494 -3.84146 -8.48889 -6.58394 -1 -1 -1 0 2 5 6 7 
43 1 -8.67466 -5.24659 1.57954 -9.21118 -3.84583 -8.13813 -6.64736 -1 -1 -1 0 2 5 6 7 
86 1 -6.23447 -3.6141 1.65076 -7.72643 -3.76917 -4.74251 -3.45902 -1 -1 -1 0 2 5 6 7 
47 1 -6.31502 -3.11697 1.60654 -7.79244 -3.37624 -4.8376 -2.8577 -1 -1 -1 0 2 5 6 7 
66 1 -6.40368 -3.96868 1.61439 -7.88827 -4.18314 -4.91909 -3.75423 -1 -1 -1 0 2 5 6 7 
29 2 -8.27245 -1.218 1.57246 -9.74767 -0.946477 -6.79723 -1.48953 -1 -1 -1 1 3 6 7 8 
30 2 -8.251 -0.166543 1.53668 -9.74879 -0.0852319 -6.75321 -0.247854 -1 -1 -1 1 3 6 7 8 
31 2 -7.56755 0.689666 1.64665 -9.06333 0.802159 -6.07177 0.577173 -1 -1 -1 1 3 6 7 8 
48 2 -8.06608 -1.87783 1.65033 -9.53822 -2.16558 -6.59394 -1.59008 -1 -1 -1 1 3 6 7 8 
49 2 -7.72516 -0.69773 1.53819 -9.17748 -0.322563 -6.27283 -1.0729 -1 -1 -1 1 3 6 7 8 
50 2 -6.73714 -0.101148 1.49607 -8.23608 -0.0447623 -5.2382 -0.157533 -1 -1 -1 1 3 6 7 8 
51 2 -7.59108 1.28385 1.51942 -9.04741 1.64316 -6.13475 0.924527 -1 -1 -1 1 3 6 7 8 
69 2 -8.25033 -0.692541 1.65286 -9.71091 -0.350907 -6.78975 -1.03417 -1 -1 -1 1 3 6 7 8 
70 2 -7.49694 -0.699887 1.57811 -8.95212 -0.33592 -6.04177 -1.06385 -1 -1 -1 1 3 6 7 8 
71 2 -7.33733 0.316011 1.61523 -8.83717 0.294092 -5.83749 0.337929 -1 -1 -1 1 3 6 7 8 
68 2 -6.09202 -1.50512 1.59126 -7.58876 -1.6039 -4.59527 -1.40634 -1 -1 -1 1 3 6 7 8 
32 2 -7.76913 1.63274 1.53486 -9.26046 1.79376 -6.27779 1.47172 -1 -1 -1 1 3 6 7 8 
87 2 -6.21007 -1.84943 1.62448 -7.69819 -2.03782 -4.72195 -1.66103 -1 -1 -1 1 3 6 7 8 
88 2 -6.03365 -0.488682 1.52721 -7.52732 -0.350988 -4.53998 -0.626376 -1 -1 -1 1 3 6 7 8 
33 3 -7.92958 3.52936 1.57137 -9.40988 3.77169 -6.44929 3.28704 -1 -1 -1 2 4 7 8 9 
34 3 -8.70461 5.75582 1.53506 -9.85252 6.72138 -7.5567 4.79026 -1 -1 -1 2 4 7 8 9 
53 3 -7.70692 3.97807 1.64356 -9.20007 4.12127 -6.21377 3.83487 -1 -1 -1 2 4 7 8 9 
54 3 -8.23001 4.67627 1.57851 -9.72916 4.62595 -6.73085 4.72659 -1 -1 -1 2 4 7 8 9 
92 3 -7.7136 2.89337 1.59747 -6.32932 2.31564 -9.09788 3.4711 -1 -1 -1 2 4 7 8 9 
74 3 -6.29505 4.83916 1.64626 -7.55674 5.65043 -5.03337 4.0279 -1 -1 -1 2 4 7 8 9 
52 3 -7.94024 2.14643 1.65249 -9.34222 2.67977 -6.53826 1.61309 -1 -1 -1 2 4 7 8 9 
38 4 -8.25331 9.01199 1.66868 -9.73111 8.75488 -6.77552 9.2691 -1 -1 -1 3 -1 8 9 -1 
56 4 -7.43244 6.89514 1.5693 -8.73346 7.64171 -6.13143 6.14857 -1 -1 -1 3 -1 8 9 -1 
57 4 -8.18649 8.34497 1.5693 -9.64557 7.997 -6.72741 8.69295 -1 -1 -1 3 -1 8 9 -1 
58 4 -8.15444 9.47649 -0.0321181 -6.68392 9.77242 -9.62496 9.18056 -1 -1 -1 3 -1 8 9 -1 
76 4 -6.90662 7.1654 1.66739 -7.83285 8.34527 -5.98039 5.98552 -1 -1 -1 3 -1 8 9 -1 
35 4 -7.95233 6.36128 1.57487 -9.36844 6.85588 -6.53622 5.86668 -1 -1 -1 3 -1 8 9 -1 
37 4 -7.54799 7.1809 1.66868 -8.78944 8.0228 -6.30654 6.33899 -1 -1 -1 3 -1 8 9 -1 
55 4 -7.97267 6.74947 1.65656 -9.26663 7.50821 -6.67872 5.99073 -1 -1 -1 3 -1 8 9 -1 
75 4 -6.59524 6.24203 1.66739 -7.8193 7.10902 -5.37118 5.37504 -1 -1 -1 3 -1 8 9 -1 
36 4 -7.96426 6.00629 1.51514 -9.4076 6.41469 -6.52093 5.59789 -1 -1 -1 3 -1 8 9 -1 
77 4 -6.02413 7.38519 0.0753746 -7.3291 8.12482 -4.71916 6.64556 -1 -1 -1 3 -1 8 9 -1 
81 5 -5.2353 -8.25287 0.0762549 -3.94681 -7.48489 -6.52379 -9.02085 -1 0 1 -1 6 -1 10 11 
82 5 -5.3146 -7.3267 -0.0667708 -4.20708 -6.31506 -6.42211 -8.33835 -1 0 1 -1 6 -1 10 11 
83 5 -5.59956 -6.5943 -0.0484298 -4.98676 -5.22519 -6.21237 -7.96341 -1 0 1 -1 6 -1 10 11 
101 5 -3.29533 -8.07417 0.0132319 -2.64403 -6.72295 -3.94664 -9.4254 -1 0 1 -1 6 -1 10 11 
102 5 -4.31964 -8.10694 -0.0897456 -3.29638 -7.01016 -5.34289 -9.20373 -1 0 1 -1 6 -1 10 11 
121 5 -3.3515 -7.5916 0.00172069 -2.4414 -6.39924 -4.2616 -8.78395 -1 0 1 -1 6 -1 10 11 
142 5 -5.62036 -9.67842 -0.0336728 -4.13802 -9.44895 -7.1027 -9.90789 -1 0 1 -1 6 -1 10 11 
164 5 -2.04231 -6.65163 0.0663293 -1.42989 -5.28235 -2.65473 -8.02092 -1 0 1 -1 6 -1 10 11 
122 5 -3.71971 -6.35038 0.0960758 -3.10176 -4.98358 -4.33766 -7.71718 -1 0 1 -1 6 -1 10 11 
163 5 -2.96107 -8.4548 0.000652872 -2.57337 -7.00577 -3.34878 -9.90383 -1 0 1 -1 6 -1 10 11 
184 5 -2.23842 -7.10496 0.0666466 -1.61955 -5.73858 -2.85728 -8.47135 -1 0 1 -1 6 -1 10 11 
84 6 -4.89743 -3.00972 -0.0484298 -3.48433 -2.50661 -6.31054 -3.51284 0 1 2 5 7 10 11 12 
85 6 -5.05702 -3.00647 1.60699 -6.44904 -3.56528 -3.66499 -2.44765 0 1 2 5 7 10 11 12 
104 6 -4.72286 -4.86031 -0.0464703 -3.47998 -4.02052 -5.96574 -5.70011 0 1 2 5 7 10 11 12 
105 6 -5.13822 -3.97027 -0.0464703 -3.92483 -3.08841 -6.35161 -4.85213 0 1 2 5 7 10 11 12 
106 6 -3.21998 -3.21123 1.52942 -4.33009 -4.22001 -2.10986 -2.20244 0 1 2 5 7 10 11 12 
124 6 -3.73881 -4.42765 -0.0693766 -2.71672 -3.32977 -4.7609 -5.52552 0 1 2 5 7 10 11 12 
125 6 -4.21438 -3.71557 -0.0866852 -3.06413 -2.75279 -5.36462 -4.67834 0 1 2 5 7 10 11 12 
126 6 -3.79126 -3.84511 -0.0866852 -2.5972 -2.93725 -4.98533 -4.75297 0 1 2 5 7 10 11 12 
144 6 -3.26852 -4.6231 0.0588998 -2.59414 -3.28325 -3.94291 -5.96296 0 1 2 5 7 10 11 12 
166 6 -2.79391 -3.908 0.0316722 -2.13092 -2.56247 -3.4569 -5.25353 0 1 2 5 7 10 11 12 
127 6 -3.88665 -2.11794 1.60202 -5.27781 -2.6789 -2.49549 -1.55699 0 1 2 5 7 10 11 12 
143 6 -2.34749 -5.68149 0.0057508 -1.51197 -4.43573 -3.183 -6.92725 0 1 2 5 7 10 11 12 
169 6 -3.75672 -3.13505 1.58895 -4.97124 -4.01536 -2.5422 -2.25474 0 1 2 5 7 10 11 12 
167 6 -2.41083 -2.40584 -0.00214141 -1.2748 -1.42633 -3.54686 -3.38534 0 1 2 5 7 10 11 12 
123 6 -3.25637 -5.83646 -0.0113081 -2.7642 -4.41951 -3.74854 -7.25342 0 1 2 5 7 10 11 12 
89 7 -4.16817 0.235905 1.5963 -5.66238 0.10422 -2.67397 0.36759 1 2 3 6 8 11 12 13 
108 7 -3.37949 -0.56381 1.57308 -4.83017 -0.945285 -1.92881 -0.182335 1 2 3 6 8 11 12 13 
109 7 -4.98282 0.751142 1.54238 -6.47749 0.877478 -3.48815 0.624806 1 2 3 6 8 11 12 13 
110 7 -4.26683 1.08009 1.47668 -5.62776 1.71084 -2.90589 0.449343 1 2 3 6 8 11 12 13 
111 7 -3.56012 0.913638 1.54961 -4.97126 1.42224 -2.14897 0.405039 1 2 3 6 8 11 12 13 
129 7 -3.25563 -0.139098 1.47294 -4.73499 -0.387047 -1.77626 0.108852 1 2 3 6 8 11 12 13 
130 7 -4.93224 0.602121 1.60474 -6.43171 0.642083 -3.43277 0.562159 1 2 3 6 8 11 12 13 
131 7 -3.05921 0.252416 1.51604 -4.54916 0.079088 -1.56926 0.425743 1 2 3 6 8 11 12 13 
149 7 -2.29489 0.908172 1.54739 -3.76842 1.18872 -0.821356 0.627625 1 2 3 6 8 11 12 13 
170 7 -3.16753 1.00775 1.62101 -4.62666 1.35554 -1.70841 0.659971 1 2 3 6 8 11 12 13 
148 7 -2.69334 -0.617258 1.53451 -4.15075 -0.972164 -1.23593 -0.262353 1 2 3 6 8 11 12 13 
168 7 -2.27481 -0.872086 -0.00214141 -0.894794 -0.284243 -3.65482 -1.45993 1 2 3 6 8 11 12 13 
67 7 -4.45237 -1.1387 1.63243 -5.92958 -1.39918 -2.97516 -0.878215 1 2 3 6 8 11 12 13 
90 7 -5.5255 1.84596 1.62689 -6.94652 2.32628 -4.10449 1.36564 1 2 3 6 8 11 12 13 
128 7 -2.46991 0.109236 1.5358 -3.96733 0.0213137 -0.972485 0.197159 1 2 3 6 8 11 12 13 
107 7 -3.89989 -1.89007 1.55838 -5.24085 -2.56224 -2.55892 -1.2179 1 2 3 6 8 11 12 13 
150 7 -2.49571 1.06667 1.5108 -3.94536 1.45205 -1.04606 0.681292 1 2 3 6 8 11 12 13 
147 7 -2.42083 -1.72336 -0.0290627 -1.23471 -0.805152 -3.60696 -2.64157 1 2 3 6 8 11 12 13 
132 7 -3.2393 1.60075 1.59233 -4.6614 2.07787 -1.81721 1.12362 1 2 3 6 8 11 12 13 
112 7 -4.80188 1.68183 1.63237 -6.21155 2.19452 -3.39222 1.16914 1 2 3 6 8 11 12 13 
91 7 -4.83668 1.89018 1.57205 -6.29015 2.2609 -3.38321 1.51947 1 2 3 6 8 11 12 13 
93 8 -5.36417 4.37729 1.57299 -6.62968 5.18258 -4.09866 3.57201 2 3 4 7 9 12 13 14 
94 8 -5.48494 5.13004 1.49327 -6.81375 5.82593 -4.15613 4.43415 2 3 4 7 9 12 13 14 
113 8 -4.56813 2.49466 1.61256 -6.06588 2.57687 -3.07039 2.41245 2 3 4 7 9 12 13 14 
114 8 -4.37982 4.94748 1.61256 -5.56093 5.87212 -3.1987 4.02283 2 3 4 7 9 12 13 14 
134 8 -4.73406 5.61832 -0.033627 -5.81314 6.66023 -3.65498 4.5764 2 3 4 7 9 12 13 14 
153 8 -2.95736 4.77576 0.0944598 -3.65977 6.10114 -2.25495 3.45039 2 3 4 7 9 12 13 14 
95 8 -5.14222 3.89463 1.49327 -6.54882 4.41568 -3.73563 3.37358 2 3 4 7 9 12 13 14 
72 8 -5.3553 3.20749 1.58781 -6.81713 3.54371 -3.89346 2.87127 2 3 4 7 9 12 13 14 
73 8 -4.0947 3.06827 1.49962 -5.37454 3.85058 -2.81486 2.28595 2 3 4 7 9 12 13 14 
151 8 -3.66559 3.46322 1.51143 -4.63167 4.61068 -2.6995 2.31575 2 3 4 7 9 12 13 14 
193 8 -2.20532 3.6443 0.0866947 -2.61732 5.08661 -1.79331 2.20199 2 3 4 7 9 12 13 14 
97 9 -4.69056 7.59582 0.0814642 -5.40575 8.91435 -3.97537 6.2773 3 4 -1 8 -1 13 14 -1 
117 9 -4.37625 7.68873 -0.0258068 -5.21226 8.93415 -3.54024 6.44331 3 4 -1 8 -1 13 14 -1 
118 9 -4.70354 8.6015 -0.0705271 -5.70293 9.72007 -3.70415 7.48292 3 4 -1 8 -1 13 14 -1 
136 9 -3.44304 6.05466 -0.00985311 -4.18799 7.3566 -2.69809 4.75272 3 4 -1 8 -1 13 14 -1 
137 9 -3.27327 7.13073 0.027191 -3.60577 8.59341 -2.94077 5.66804 3 4 -1 8 -1 13 14 -1 
138 9 -2.32907 6.92463 -0.00256941 -3.16064 8.17302 -1.49749 5.67624 3 4 -1 8 -1 13 14 -1 
158 9 -2.59914 9.78078 0.08265 -4.09793 9.72055 -1.10035 9.84101 3 4 -1 8 -1 13 14 -1 
116 9 -3.87036 6.6835 0.0688266 -4.60511 7.99122 -3.13561 5.37577 3 4 -1 8 -1 13 14 -1 
115 9 -4.59033 6.64071 0.0241251 -5.52941 7.81038 -3.65125 5.47104 3 4 -1 8 -1 13 14 -1 
98 9 -5.66743 8.66806 0.0357864 -6.63028 9.81825 -4.70459 7.51788 3 4 -1 8 -1 13 14 -1 
154 9 -2.59491 6.02954 -0.0763312 -3.11077 7.43805 -2.07905 4.62103 3 4 -1 8 -1 13 14 -1 
96 9 -3.45789 6.90837 -0.0364301 -3.9963 8.30841 -2.91949 5.50832 3 4 -1 8 -1 13 14 -1 
135 9 -3.11145 6.68258 -0.0784199 -3.46282 8.14084 -2.76008 5.22431 3 4 -1 8 -1 13 14 -1 
78 9 -5.86733 8.21713 0.0219834 -6.65979 9.49071 -5.07488 6.94355 3 4 -1 8 -1 13 14 -1 
161 10 -1.48045 -8.42865 -0.0377534 -0.235862 -7.59139 -2.72503 -9.26592 -1 5 6 -1 11 -1 15 16 
162 10 -1.49072 -7.34446 0.045501 -0.803859 -6.01096 -2.17757 -8.67796 -1 5 6 -1 11 -1 15 16 
181 10 -0.134768 -7.83287 0.0295419 -0.660196 -6.42791 0.39066 -9.23784 -1 5 6 -1 11 -1 15 16 
182 10 -0.248232 -6.55667 -0.0612134 -0.892948 -5.20229 0.396485 -7.91104 -1 5 6 -1 11 -1 15 16 
201 10 1.55986 -8.66678 -0.0121466 0.517029 -7.58858 2.60269 -9.74498 -1 5 6 -1 11 -1 15 16 
202 10 -0.871251 -9.43602 -0.0198541 -2.354 -9.20921 0.611502 -9.66283 -1 5 6 -1 11 -1 15 16 
203 10 0.271176 -7.11133 0.0986814 -0.400689 -5.77022 0.943041 -8.45245 -1 5 6 -1 11 -1 15 16 
241 10 1.04323 -8.65137 -0.00257303 -0.156267 -7.75069 2.24272 -9.55204 -1 5 6 -1 11 -1 15 16 
141 10 -1.66036 -7.18198 -0.0153654 -0.831299 -5.93192 -2.48942 -8.43204 -1 5 6 -1 11 -1 15 16 
225 10 0.640523 -7.03965 -0.0243093 -0.292699 -5.8653 1.57374 -8.214 -1 5 6 -1 11 -1 15 16 
183 10 0.0175287 -6.74102 0.0928546 -0.632587 -5.38923 0.667644 -8.09282 -1 5 6 -1 11 -1 15 16 
221 10 1.36286 -8.17981 -0.0620778 0.316166 -7.10536 2.40956 -9.25425 -1 5 6 -1 11 -1 15 16 
186 10 -1.59891 -6.67498 0.0781129 -0.883061 -5.35681 -2.31475 -7.99315 -1 5 6 -1 11 -1 15 16 
223 10 1.69919 -6.94298 -0.0611452 0.900159 -5.67352 2.49823 -8.21245 -1 5 6 -1 11 -1 15 16 
185 11 0.344788 -5.75129 -0.0540477 -0.163368 -4.33999 0.852944 -7.16259 5 6 7 10 12 15 16 17 
187 11 -1.21594 -3.18671 -0.0401799 -0.0455015 -2.24859 -2.38637 -4.12484 5 6 7 10 12 15 16 17 
204 11 1.35788 -5.60913 0.0898347 0.421094 -4.43762 2.29466 -6.78064 5 6 7 10 12 15 16 17 
205 11 0.840259 -5.78568 -0.0835163 0.213665 -4.42282 1.46685 -7.14854 5 6 7 10 12 15 16 17 
206 11 0.569692 -4.84003 -0.08235 -0.320868 -3.63301 1.46025 -6.04705 5 6 7 10 12 15 16 17 
207 11 -1.06468 -3.44042 0.0828931 -0.00435108 -2.37943 -2.125 -4.50142 5 6 7 10 12 15 16 17 
224 11 0.946037 -3.92619 -0.0442809 0.466285 -2.50498 1.42579 -5.3474 5 6 7 10 12 15 16 17 
226 11 0.827093 -5.06766 -0.0370219 -0.077685 -3.87126 1.73187 -6.26406 5 6 7 10 12 15 16 17 
227 11 1.63706 -2.15597 0.08476 1.23512 -0.710822 2.039 -3.60111 5 6 7 10 12 15 16 17 
165 11 -1.9026 -5.12345 -0.0187441 -1.07123 -3.87493 -2.73398 -6.37198 5 6 7 10 12 15 16 17 
145 11 -1.11596 -4.92778 0.00575202 -0.473484 -3.57233 -1.75844 -6.28322 5 6 7 10 12 15 16 17 
189 11 -1.77014 -3.05074 0.0938717 -0.961392 -1.78744 -2.5789 -4.31404 5 6 7 10 12 15 16 17 
146 11 -1.82193 -2.61624 -0.0290627 -1.00694 -1.35696 -2.63693 -3.87552 5 6 7 10 12 15 16 17 
210 11 0.700237 -2.40188 0.0886768 0.0849506 -1.03388 1.31552 -3.76988 5 6 7 10 12 15 16 17 
171 12 -0.824919 0.671167 1.62101 -0.138338 -0.662477 -1.5115 2.00481 6 7 8 11 13 16 17 18 
190 12 0.468862 -0.188687 0.0938717 0.0694754 1.25717 0.868248 -1.63454 6 7 8 11 13 16 17 18 
191 12 -0.516861 1.55228 -0.0803081 -0.602279 3.04985 -0.431443 0.0547178 6 7 8 11 13 16 17 18 
209 12 0.970273 0.866756 0.0886768 0.0943585 2.08445 1.84619 -0.350936 6 7 8 11 13 16 17 18 
211 12 0.0884967 0.499498 0.0146525 -0.271273 1.95571 0.448266 -0.956718 6 7 8 11 13 16 17 18 
188 12 -0.925662 -1.54201 0.0938717 -0.802908 -0.0470378 -1.04842 -3.03698 6 7 8 11 13 16 17 18 
229 12 1.55114 -1.65379 1.56342 2.01215 -3.08119 1.09012 -0.226394 6 7 8 11 13 16 17 18 
232 12 1.84855 1.61794 0.0536245 0.757013 2.6468 2.94008 0.589081 6 7 8 11 13 16 17 18 
192 12 1.23906 1.32124 0.060257 0.385526 2.55472 2.0926 0.087754 6 7 8 11 13 16 17 18 
208 12 1.23877 -1.91059 0.0886768 0.681363 -0.518001 1.79617 -3.30318 6 7 8 11 13 16 17 18 
172 13 -1.01675 3.15962 0.080962 -1.35503 4.62097 -0.678464 1.69826 7 8 9 12 14 17 18 19 
194 13 0.681018 3.26465 0.0518072 -0.20182 4.47733 1.56386 2.05196 7 8 9 12 14 17 18 19 
195 13 0.0975502 3.84495 -0.0966908 -0.666821 5.13558 0.861922 2.55432 7 8 9 12 14 17 18 19 
213 13 -1.09102 2.39223 0.0189033 -1.37357 3.86538 -0.808478 0.919077 7 8 9 12 14 17 18 19 
214 13 1.12753 4.37407 -0.0575552 0.871989 5.85214 1.38307 2.896 7 8 9 12 14 17 18 19 
215 13 0.50033 4.61097 -0.0463609 0.133226 6.06535 0.867434 3.15658 7 8 9 12 14 17 18 19 
234 13 0.481246 5.35649 0.0738822 0.00151622 6.77771 0.960976 3.93527 7 8 9 12 14 17 18 19 
255 13 1.56479 5.15269 -0.00311797 1.68773 6.64764 1.44186 3.65773 7 8 9 12 14 17 18 19 
196 13 -0.370023 4.80088 -0.0214127 -1.06038 6.13258 0.320332 3.46919 7 8 9 12 14 17 18 19 
156 13 -1.80201 5.1607 0.0322909 -2.3848 6.54286 -1.21921 3.77855 7 8 9 12 14 17 18 19 
212 13 0.368889 2.62156 0.0451745 -0.734748 3.63743 1.47253 1.60569 7 8 9 12 14 17 18 19 
152 13 -1.48912 2.35994 1.51143 -2.14455 3.70916 -0.833676 1.01072 7 8 9 12 14 17 18 19 
175 13 -0.00278224 5.66249 0.0185602 -0.266642 7.1391 0.261078 4.18588 7 8 9 12 14 17 18 19 
216 13 0.417088 4.65905 -0.00681139 0.0103557 6.10285 0.82382 3.21524 7 8 9 12 14 17 18 19 
133 13 -1.76913 2.06228 1.59233 -2.52078 3.36036 -1.01749 0.764188 7 8 9 12 14 17 18 19 
173 13 -1.82081 4.17546 0.0946512 -2.28091 5.60316 -1.3607 2.74777 7 8 9 12 14 17 18 19 
177 14 -0.482201 8.23285 0.0410186 -0.834897 9.69079 -0.129505 6.7749 8 9 -1 13 -1 18 19 -1 
197 14 -0.519504 7.21575 -0.0313854 -0.676883 8.70747 -0.362124 5.72403 8 9 -1 13 -1 18 19 -1 
198 14 -1.1003 8.31615 -0.0460039 -1.51013 9.75908 -0.690474 6.87322 8 9 -1 13 -1 18 19 -1 
217 14 -0.121184 8.35185 0.0193853 -0.26259 9.84517 0.0202226 6.85853 8 9 -1 13 -1 18 19 -1 
218 14 0.0959234 8.23216 0.0219677 0.0804547 9.73208 0.111392 6.73224 8 9 -1 13 -1 18 19 -1 
236 14 0.833541 7.53654 0.0754502 0.689247 9.02958 0.977836 6.0435 8 9 -1 13 -1 18 19 -1 
238 14 1.41483 8.02063 -0.0677189 0.998046 9.46157 1.83162 6.5797 8 9 -1 13 -1 18 19 -1 
178 14 -0.666372 7.23789 0.0681749 -0.901785 8.7193 -0.430959 5.75647 8 9 -1 13 -1 18 19 -1 
176 14 -1.16538 7.16478 0.0439749 -1.88356 8.48168 -0.447195 5.84789 8 9 -1 13 -1 18 19 -1 
237 14 0.819971 8.3645 0.0560184 0.582014 9.8455 1.05793 6.88349 8 9 -1 13 -1 18 19 -1 
157 14 -1.87293 7.74878 0.0924511 -2.67316 9.01749 -1.07269 6.48007 8 9 -1 13 -1 18 19 -1 
235 14 0.464757 6.12907 -0.0355828 0.129129 7.59104 0.800384 4.6671 8 9 -1 13 -1 18 19 -1 
155 14 -1.99756 7.25448 0.0708671 -2.72018 8.56894 -1.27494 5.94001 8 9 -1 13 -1 18 19 -1 
233 14 1.40886 6.22913 0.0984411 1.48501 7.7272 1.33272 4.73106 8 9 -1 13 -1 18 19 -1 
174 14 -1.13166 6.04664 -0.0158582 -1.805 7.38702 -0.45832 4.70627 8 9 -1 13 -1 18 19 -1 
261 15 2.46779 -6.98395 0.0248666 2.11054 -5.52712 2.82504 -8.44079 -1 10 11 -1 16 -1 20 21 
262 15 3.1643 -6.49675 -0.0512347 2.92334 -5.01623 3.40526 -7.97727 -1 10 11 -1 16 -1 20 21 
263 15 4.53906 -8.92123 0.0564466 3.27073 -8.12038 5.80738 -9.72207 -1 10 11 -1 16 -1 20 21 
302 15 4.32228 -8.04927 -0.0541769 3.25173 -6.99859 5.39283 -9.09994 -1 10 11 -1 16 -1 20 21 
243 15 3.09895 -8.00812 -0.00534277 3.13222 -6.50849 3.06567 -9.50775 -1 10 11 -1 16 -1 20 21 
222 15 2.65116 -8.38829 -0.0374866 2.18645 -6.96209 3.11587 -9.81448 -1 10 11 -1 16 -1 20 21 
245 16 2.66272 -4.84616 -0.0212704 2.31046 -3.38811 3.01497 -6.30422 10 11 12 15 17 20 21 22 
246 16 2.69898 -3.48453 0.0105635 2.07847 -2.11889 3.31949 -4.85017 10 11 12 15 17 20 21 22 
264 16 2.52958 -5.52856 0.00277262 2.03585 -4.11215 3.02331 -6.94498 10 11 12 15 17 20 21 22 
265 16 3.59061 -3.81019 -0.0801331 3.55644 -2.31058 3.62478 -5.3098 10 11 12 15 17 20 21 22 
266 16 3.65241 -3.79333 -0.0801331 3.59727 -2.29435 3.70755 -5.29232 10 11 12 15 17 20 21 22 
284 16 3.41422 -4.96197 -0.043355 3.42574 -3.46201 3.40271 -6.46192 10 11 12 15 17 20 21 22 
285 16 5.17382 -5.99315 -0.043355 4.61215 -4.60227 5.73549 -7.38402 10 11 12 15 17 20 21 22 
286 16 5.09162 -3.86203 1.62525 4.0373 -2.79507 6.14594 -4.92899 10 11 12 15 17 20 21 22 
287 16 5.23069 -2.71967 1.57435 3.94483 -1.9473 6.51656 -3.49204 10 11 12 15 17 20 21 22 
304 16 4.0974 -4.71093 0.0786674 3.67892 -3.27049 4.51588 -6.15138 10 11 12 15 17 20 21 22 
305 16 4.88537 -4.75847 1.52065 4.2068 -3.42073 5.56394 -6.09621 10 11 12 15 17 20 21 22 
242 16 2.34034 -5.48605 -0.00484941 1.87277 -4.06078 2.8079 -6.91132 10 11 12 15 17 20 21 22 
244 16 2.50483 -5.28183 0.0983097 2.01623 -3.86364 2.99342 -6.70003 10 11 12 15 17 20 21 22 
307 16 5.73823 -2.7818 1.47786 4.53057 -1.8921 6.94588 -3.6715 10 11 12 15 17 20 21 22 
267 16 4.51896 -2.97414 1.47404 3.40856 -1.96567 5.62935 -3.98262 10 11 12 15 17 20 21 22 
301 16 4.30331 -5.16029 -0.0896105 3.90313 -3.71466 4.70349 -6.60592 10 11 12 15 17 20 21 22 
247 16 2.2434 -3.09642 0.0105635 1.74259 -1.68249 2.74421 -4.51035 10 11 12 15 17 20 21 22 
283 16 3.5602 -5.72826 0.0836279 3.43099 -4.23383 3.6894 -7.22268 10 11 12 15 17 20 21 22 
228 16 2.1586 -4.09233 0.08476 1.51409 -2.73786 2.80311 -5.44681 10 11 12 15 17 20 21 22 
282 16 4.98281 -5.86318 -0.0810843 4.32651 -4.51438 5.63911 -7.21198 10 11 12 15 17 20 21 22 
323 16 5.3315 -4.37469 0.017917 4.40311 -3.19652 6.2599 -5.55286 10 11 12 15 17 20 21 22 
345 16 5.81789 -3.38927 1.54214 4.61572 -2.49216 7.02005 -4.28637 10 11 12 15 17 20 21 22 
250 17 5.52758 -0.69139 1.58442 4.37028 0.262891 6.68488 -1.64567 11 12 13 16 18 21 22 23 
268 17 4.50822 -1.13212 1.57244 3.47409 -0.0455762 5.54235 -2.21867 11 12 13 16 18 21 22 23 
269 17 2.65006 1.1075 1.58036 1.59038 2.16914 3.70974 0.0458603 11 12 13 16 18 21 22 23 
270 17 3.37469 -1.04993 1.62258 2.30958 0.00626512 4.43979 -2.10613 11 12 13 16 18 21 22 23 
271 17 5.83872 -0.0490123 1.61511 4.75043 0.98328 6.92701 -1.0813 11 12 13 16 18 21 22 23 
288 17 5.94462 -1.40141 1.54623 4.75092 -0.493071 7.13832 -2.30975 11 12 13 16 18 21 22 23 
289 17 4.49774 -0.744606 1.47494 3.26132 0.104661 5.73417 -1.59387 11 12 13 16 18 21 22 23 
330 17 3.563 1.80531 1.4827 2.61948 2.9714 4.50653 0.639225 11 12 13 16 18 21 22 23 
291 17 3.31866 1.18442 1.5682 2.48737 2.433 4.14995 -0.0641661 11 12 13 16 18 21 22 23 
309 17 5.14641 0.898832 1.64993 3.91349 1.75318 6.37932 0.0444806 11 12 13 16 18 21 22 23 
311 17 5.69868 1.46863 1.63968 4.59095 2.48003 6.80642 0.457233 11 12 13 16 18 21 22 23 
251 17 2.23495 1.34913 1.54105 1.18644 2.4218 3.28347 0.276461 11 12 13 16 18 21 22 23 
308 17 4.04025 -1.25914 1.55792 3.20381 -0.0140048 4.8767 -2.50428 11 12 13 16 18 21 22 23 
292 17 5.05423 1.69551 1.52951 3.99527 2.75787 6.1132 0.63316 11 12 13 16 18 21 22 23 
231 17 2.54309 0.569002 1.61476 1.61513 1.74751 3.47105 -0.60951 11 12 13 16 18 21 22 23 
230 17 2.58718 -0.531696 1.61476 1.57339 0.573843 3.60098 -1.63723 11 12 13 16 18 21 22 23 
328 17 5.64421 -1.41798 1.57454 4.47542 -0.477799 6.813 -2.35815 11 12 13 16 18 21 22 23 
249 17 2.12006 -0.794759 1.49744 0.847557 -0.000567206 3.39256 -1.58895 11 12 13 16 18 21 22 23 
248 17 2.22731 -1.98222 1.55798 1.42049 -0.717695 3.03414 -3.24675 11 12 13 16 18 21 22 23 
273 18 2.88108 4.04351 1.63076 2.21136 2.70132 3.5508 5.3857 12 13 14 17 19 22 23 24 
275 18 2.70938 4.72494 -0.0896766 3.27905 6.11255 2.1397 3.33733 12 13 14 17 19 22 23 24 
293 18 4.66432 4.20654 1.6695 3.41907 3.37026 5.90956 5.04283 12 13 14 17 19 22 23 24 
294 18 3.96079 4.11013 1.6695 2.74861 3.2266 5.17296 4.99366 12 13 14 17 19 22 23 24 
313 18 4.46452 4.35012 1.66995 3.28586 3.42235 5.64318 5.2779 12 13 14 17 19 22 23 24 
314 18 4.02261 3.42346 1.52025 2.57473 3.03147 5.47048 3.81545 12 13 14 17 19 22 23 24 
272 18 2.4306 2.38588 1.63076 1.54554 3.59694 3.31566 1.17482 12 13 14 17 19 22 23 24 
354 18 5.6203 3.89724 1.65873 4.55226 2.84401 6.68835 4.95046 12 13 14 17 19 22 23 24 
312 18 5.68989 2.95503 1.55215 4.20529 2.74061 7.17448 3.16945 12 13 14 17 19 22 23 24 
274 18 3.48403 5.68485 0.0303916 4.07497 7.06354 2.89309 4.30616 12 13 14 17 19 22 23 24 
295 18 4.85303 5.94306 -0.0909834 6.13121 6.72808 3.57485 5.15804 12 13 14 17 19 22 23 24 
290 18 3.88365 2.05679 1.62067 2.70965 2.99045 5.05764 1.12312 12 13 14 17 19 22 23 24 
254 18 3.03563 5.67512 0.0939474 3.65077 7.04319 2.42049 4.30706 12 13 14 17 19 22 23 24 
253 18 2.11474 5.4235 -0.0652644 2.70352 6.80312 1.52595 4.04389 12 13 14 17 19 22 23 24 
315 18 5.22716 5.87147 1.52025 4.09582 4.88656 6.35851 6.85639 12 13 14 17 19 22 23 24 
310 18 4.43277 2.0073 1.66042 3.3947 3.09009 5.47083 0.924516 12 13 14 17 19 22 23 24 
256 18 2.87267 5.94281 0.024088 3.68751 7.20219 2.05783 4.68343 12 13 14 17 19 22 23 24 
252 18 2.5856 2.07062 1.54105 1.74986 3.31622 3.42134 0.82501 12 13 14 17 19 22 23 24 
277 19 3.39985 7.52725 -0.0597183 4.84113 7.94286 1.95858 7.11165 13 14 -1 18 -1 23 24 -1 
278 19 3.11962 8.02198 -0.0548573 4.54104 8.50113 1.69821 7.54283 13 14 -1 18 -1 23 24 -1 
296 19 5.17027 7.61316 -0.0642139 6.63066 7.95561 3.70989 7.27071 13 14 -1 18 -1 23 24 -1 
297 19 4.58958 9.3508 0.0840942 5.99618 8.82978 3.18297 9.87183 13 14 -1 18 -1 23 24 -1 
298 19 3.42523 8.60467 -0.0538784 4.84075 9.10097 2.00972 8.10837 13 14 -1 18 -1 23 24 -1 
317 19 4.1604 8.47957 0.0721344 5.57378 8.98194 2.74703 7.9772 13 14 -1 18 -1 23 24 -1 
257 19 3.11715 7.66037 -0.0370511 4.59429 7.92125 1.64001 7.3995 13 14 -1 18 -1 23 24 -1 
258 19 2.87409 8.71158 0.03131 4.2645 9.27438 1.48367 8.14878 13 14 -1 18 -1 23 24 -1 
276 19 2.82997 6.1128 0.0647429 3.53844 7.43494 2.1215 4.79065 13 14 -1 18 -1 23 24 -1 
316 19 5.23279 6.70294 -0.0655887 6.62833 7.25291 3.83724 6.15298 13 14 -1 18 -1 23 24 -1 
321 20 7.57754 -8.79697 0.00346954 6.15339 -9.26792 9.00169 -8.32602 -1 15 16 -1 21 -1 -1 -1 
322 20 6.76838 -8.96341 0.017917 5.31916 -9.3504 8.2176 -8.57642 -1 15 16 -1 21 -1 -1 -1 
341 20 7.86058 -9.32743 -0.0266753 6.36347 -9.42049 9.35769 -9.23438 -1 15 16 -1 21 -1 -1 -1 
342 20 9.04849 -7.71991 -0.0266753 8.49048 -6.32757 9.60651 -9.11225 -1 15 16 -1 21 -1 -1 -1 
343 20 6.88754 -7.68525 1.58283 5.39064 -7.58888 8.38444 -7.78162 -1 15 16 -1 21 -1 -1 -1 
361 20 9.84472 -7.53194 0.0685141 9.78564 -6.03311 9.90381 -9.03078 -1 15 16 -1 21 -1 -1 -1 
362 20 9.92309 -7.92562 1.61243 9.86102 -6.4269 9.98517 -9.42433 -1 15 16 -1 21 -1 -1 -1 
363 20 8.85051 -6.8547 1.63109 8.2764 -5.46892 9.42461 -8.24049 -1 15 16 -1 21 -1 -1 -1 
281 20 6.95509 -9.8302 0.0213392 5.45509 -9.82747 8.45509 -9.83293 -1 15 16 -1 21 -1 -1 -1 
303 20 7.16472 -6.33215 0.0786674 6.54169 -4.96766 7.78774 -7.69664 -1 15 16 -1 21 -1 -1 -1 
324 21 6.16464 -5.30423 1.52854 5.20478 -4.15154 7.12449 -6.45691 15 16 17 20 22 -1 -1 -1 
326 21 6.79337 -3.49718 1.64329 5.64015 -2.53797 7.94659 -4.45639 15 16 17 20 22 -1 -1 -1 
344 21 6.40785 -4.16109 1.5878 5.26163 -3.19353 7.55406 -5.12866 15 16 17 20 22 -1 -1 -1 
346 21 7.68561 -3.51622 1.57554 6.76771 -2.32987 8.60352 -4.70258 15 16 17 20 22 -1 -1 -1 
347 21 6.98652 -2.15357 1.50313 5.86296 -1.15978 8.11008 -3.14736 15 16 17 20 22 -1 -1 -1 
364 21 8.95577 -4.4596 1.6272 7.91803 -3.3765 9.99351 -5.5427 15 16 17 20 22 -1 -1 -1 
365 21 8.3436 -3.7368 1.61639 7.25272 -2.70726 9.43449 -4.76635 15 16 17 20 22 -1 -1 -1 
366 21 9.03584 -2.58521 1.59963 8.0954 -1.41663 9.97628 -3.75379 15 16 17 20 22 -1 -1 -1 
348 21 8.75285 -2.72372 1.61413 7.66837 -1.68742 9.83733 -3.76001 15 16 17 20 22 -1 -1 -1 
306 21 7.11162 -2.40465 1.66258 5.97021 -1.43142 8.25303 -3.37788 15 16 17 20 22 -1 -1 -1 
325 21 6.34871 -4.73052 1.49129 5.37707 -3.58775 7.32035 -5.87328 15 16 17 20 22 -1 -1 -1 
327 21 6.67209 -3.07373 1.48248 5.4287 -2.2347 7.91549 -3.91276 15 16 17 20 22 -1 -1 -1 
367 21 8.37449 -2.30368 1.47839 7.31264 -1.2442 9.43633 -3.36316 15 16 17 20 22 -1 -1 -1 
329 22 7.99911 -0.65542 1.50539 6.65919 0.0188332 9.33903 -1.32967 16 17 18 21 23 -1 -1 -1 
349 22 7.91119 0.126826 1.62199 6.41354 0.210794 9.40884 0.0428589 16 17 18 21 23 -1 -1 -1 
350 22 7.63036 0.356477 1.54919 6.13263 0.273987 9.12809 0.438966 16 17 18 21 23 -1 -1 -1 
351 22 8.34476 1.05478 1.5717 6.84852 0.948541 9.84099 1.16102 16 17 18 21 23 -1 -1 -1 
369 22 8.42426 1.41348 1.504 6.97265 1.03558 9.87588 1.79137 16 17 18 21 23 -1 -1 -1 
370 22 8.37809 0.721769 1.62503 6.8783 0.746916 9.87788 0.696622 16 17 18 21 23 -1 -1 -1 
371 22 8.25776 1.55714 1.55579 6.84102 1.06436 9.67451 2.04992 16 17 18 21 23 -1 -1 -1 
368 22 8.31238 -1.39579 1.67067 6.89965 -0.891624 9.72512 -1.89997 16 17 18 21 23 -1 -1 -1 
353 22 7.94218 1.8041 1.56506 6.5206 1.32546 9.36377 2.28274 16 17 18 21 23 -1 -1 -1 
332 23 6.33542 2.85995 1.47638 4.90356 2.413 7.76729 3.3069 17 18 19 22 24 -1 -1 -1 
333 23 7.36766 2.76088 1.58287 5.87601 2.60281 8.85931 2.91894 17 18 19 22 24 -1 -1 -1 
334 23 6.01221 3.8854 1.49321 4.8767 2.90529 7.14772 4.86551 17 18 19 22 24 -1 -1 -1 
335 23 7.25862 4.81705 1.56548 6.68054 3.43292 7.83669 6.20119 17 18 19 22 24 -1 -1 -1 
355 23 6.86469 5.64397 1.65228 5.97147 4.43891 7.7579 6.84903 17 18 19 22 24 -1 -1 -1 
373 23 9.57556 5.37861 1.55408 9.82708 3.89985 9.32403 6.85737 17 18 19 22 24 -1 -1 -1 
374 23 7.80066 4.64561 1.64317 6.76974 3.55601 8.83157 5.7352 17 18 19 22 24 -1 -1 -1 
375 23 8.99936 5.0659 1.58201 8.74859 3.58701 9.25012 6.54479 17 18 19 22 24 -1 -1 -1 
352 23 9.87366 3.53688 1.58557 9.76561 2.04077 9.98172 5.03298 17 18 19 22 24 -1 -1 -1 
372 23 8.48902 2.52115 1.51924 7.14627 1.85256 9.83178 3.18973 17 18 19 22 24 -1 -1 -1 
376 23 8.77593 5.57804 1.61539 8.24839 4.17387 9.30346 6.98222 17 18 19 22 24 -1 -1 -1 
331 23 7.3252 2.11417 1.61035 5.97069 1.46973 8.6797 2.75862 17 18 19 22 24 -1 -1 -1 
357 23 7.2913 5.96224 1.6088 6.38348 4.76814 8.19911 7.15634 17 18 19 22 24 -1 -1 -1 
358 24 7.67827 9.21324 -0.0262301 6.3127 8.59258 9.04384 9.8339 18 19 -1 23 -1 -1 -1 -1 
377 24 8.22948 6.59963 1.61999 7.68697 5.20117 8.77198 7.99809 18 19 -1 23 -1 -1 -1 -1 
378 24 7.45821 6.98429 1.61999 6.70472 5.68727 8.2117 8.28131 18 19 -1 23 -1 -1 -1 -1 
356 24 8.76089 6.39947 1.6088 7.90206 5.16966 9.61971 7.62927 18 19 -1 23 -1 -1 -1 -1 
337 24 7.56709 8.41194 -0.0754216 8.82801 9.22439 6.30617 7.59949 18 19 -1 23 -1 -1 -1 -1 
336 24 6.60582 6.76204 1.56548 5.73085 5.54367 7.48079 7.98041 18 19 -1 23 -1 -1 -1 -1 
318 24 6.06922 9.44029 0.0769724 7.5671 9.36067 4.57133 9.51992 18 19 -1 23 -1 -1 -1 -1 
338 24 6.59265 8.53848 0.0623159 7.97829 9.11294 5.20702 7.96402 18 19 -1 23 -1 -1 -1 -1 
