21 0 -8.5 -8.5 -0.092345 -8.36168 -7.00639 -8.63832 -9.99361 -1 -1 -1 -1 1 -1 5 6 
22 0 -8.5 -7.5 1.51221 -9.99743 -7.41217 -7.00257 -7.58783 -1 -1 -1 -1 1 -1 5 6 
23 0 -8.5 -6.5 1.50767 -9.99701 -6.40538 -7.00299 -6.59462 -1 -1 -1 -1 1 -1 5 6 
41 0 -7.5 -8.5 -0.0685787 -7.39721 -7.00353 -7.60279 -9.99647 -1 -1 -1 -1 1 -1 5 6 
42 0 -7.5 -7.5 -0.0685787 -7.39721 -6.00353 -7.60279 -8.99647 -1 -1 -1 -1 1 -1 5 6 
43 0 -7.5 -6.5 1.57954 -8.99994 -6.51312 -6.00006 -6.48688 -1 -1 -1 -1 1 -1 5 6 
61 0 -6.5 -8.5 -0.0551714 -6.41728 -7.00228 -6.58272 -9.99772 -1 -1 -1 -1 1 -1 5 6 
62 0 -6.5 -7.5 -0.0838541 -6.37437 -6.00527 -6.62563 -8.99473 -1 -1 -1 -1 1 -1 5 6 
63 0 -6.5 -6.5 -0.0838541 -6.37437 -5.00527 -6.62563 -7.99473 -1 -1 -1 -1 1 -1 5 6 
24 1 -8.5 -5.5 1.49928 -9.99617 -5.39282 -7.00383 -5.60718 -1 -1 -1 0 2 5 6 7 
25 1 -8.5 -4.5 1.51782 -9.9979 -4.42058 -7.0021 -4.57942 -1 -1 -1 0 2 5 6 7 
26 1 -8.5 -3.5 1.57237 -10 -3.50236 -7 -3.49764 -1 -1 -1 0 2 5 6 7 
27 1 -8.5 -2.5 1.51453 -9.99763 -2.41565 -7.00237 -2.58435 -1 -1 -1 0 2 5 6 7 
44 1 -7.5 -5.5 1.57057 -9 -5.49966 -6 -5.50034 -1 -1 -1 0 2 5 6 7 
45 1 -7.5 -4.5 1.63561 -8.99685 -4.59715 -6.00315 -4.40285 -1 -1 -1 0 2 5 6 7 
46 1 -7.5 -3.5 1.51621 -8.99777 -3.41815 -6.00223 -3.58185 -1 -1 -1 0 2 5 6 7 
47 1 -7.5 -2.5 1.60654 -8.99904 -2.5536 -6.00096 -2.4464 -1 -1 -1 0 2 5 6 7 
64 1 -6.5 -5.5 1.58821 -7.99977 -5.52612 -5.00023 -5.47388 -1 -1 -1 0 2 5 6 7 
65 1 -6.5 -4.5 1.50376 -7.99663 -4.39952 -5.00337 -4.60048 -1 -1 -1 0 2 5 6 7 
66 1 -6.5 -3.5 1.61439 -7.99857 -3.56537 -5.00143 -3.43463 -1 -1 -1 0 2 5 6 7 
67 1 -6.5 -2.5 1.63243 -7.99715 -2.59239 -5.00285 -2.40761 -1 -1 -1 0 2 5 6 7 
28 2 -8.5 -1.5 1.47188 -9.99267 -1.35186 -7.00733 -1.64814 -1 -1 -1 1 3 6 7 8 
29 2 -8.5 -0.5 1.57246 -10 -0.502498 -7 -0.497502 -1 -1 -1 1 3 6 7 8 
30 2 -8.5 0.5 1.53668 -9.99913 0.551165 -7.00087 0.448835 -1 -1 -1 1 3 6 7 8 
31 2 -8.5 1.5 1.64665 -9.99569 1.38633 -7.00431 1.61367 -1 -1 -1 1 3 6 7 8 
48 2 -7.5 -1.5 1.65033 -8.99526 -1.61917 -6.00474 -1.38083 -1 -1 -1 1 3 6 7 8 
49 2 -7.5 -0.5 1.53819 -8.9992 -0.451099 -6.0008 -0.548901 -1 -1 -1 1 3 6 7 8 
50 2 -7.5 0.5 1.49607 -8.99581 0.611984 -6.00419 0.388016 -1 -1 -1 1 3 6 7 8 
51 2 -7.5 1.5 1.51942 -8.99802 1.57703 -6.00198 1.42297 -1 -1 -1 1 3 6 7 8 
68 2 -6.5 -1.5 1.59126 -7.99969 -1.5307 -5.00031 -1.4693 -1 -1 -1 1 3 6 7 8 
69 2 -6.5 -0.5 1.65286 -7.99495 -0.622954 -5.00505 -0.377046 -1 -1 -1 1 3 6 7 8 
70 2 -6.5 0.5 1.57811 -7.99996 0.489029 -5.00004 0.510971 -1 -1 -1 1 3 6 7 8 
71 2 -6.5 1.5 1.61523 -7.99852 1.43337 -5.00148 1.56663 -1 -1 -1 1 3 6 7 8 
32 3 -8.5 2.5 1.53486 -9.99903 2.55389 -7.00097 2.44611 -1 -1 -1 2 4 7 8 9 
33 3 -8.5 3.5 1.57137 -10 3.49914 -7 3.50086 -1 -1 -1 2 4 7 8 9 
34 3 -8.5 4.5 1.53506 -9.99904 4.55359 -7.00096 4.44641 -1 -1 -1 2 4 7 8 9 
35 3 -8.5 5.5 1.57487 -9.99999 5.4939 -7.00001 5.5061 -1 -1 -1 2 4 7 8 9 
52 3 -7.5 2.5 1.65249 -8.995 2.37759 -6.005 2.62241 -1 -1 -1 2 4 7 8 9 
53 3 -7.5 3.5 1.64356 -8.99603 3.39095 -6.00397 3.60905 -1 -1 -1 2 4 7 8 9 
54 3 -7.5 4.5 1.57851 -8.99996 4.48843 -6.00004 4.51157 -1 -1 -1 2 4 7 8 9 
55 3 -7.5 5.5 1.65656 -8.99449 5.37151 -6.00551 5.62849 -1 -1 -1 2 4 7 8 9 
72 3 -6.5 2.5 1.58781 -7.99978 2.47448 -5.00022 2.52552 -1 -1 -1 2 4 7 8 9 
73 3 -6.5 3.5 1.49962 -7.9962 3.60667 -5.0038 3.39333 -1 -1 -1 2 4 7 8 9 
74 3 -6.5 4.5 1.64626 -7.99573 4.38691 -5.00427 4.61309 -1 -1 -1 2 4 7 8 9 
75 3 -6.5 5.5 1.66739 -7.99301 5.35534 -5.00699 5.64466 -1 -1 -1 2 4 7 8 9 
36 4 -8.5 6.5 1.51514 -9.99768 6.58344 -7.00232 6.41656 -1 -1 -1 3 -1 8 9 -1 
37 4 -8.5 7.5 1.66868 -9.99282 7.3534 -7.00718 7.6466 -1 -1 -1 3 -1 8 9 -1 
38 4 -8.5 8.5 1.66868 -9.99282 8.3534 -7.00718 8.6466 -1 -1 -1 3 -1 8 9 -1 
56 4 -7.5 6.5 1.5693 -9 6.50225 -6 6.49775 -1 -1 -1 3 -1 8 9 -1 
57 4 -7.5 7.5 1.5693 -9 7.50225 -6 7.49775 -1 -1 -1 3 -1 8 9 -1 
58 4 -7.5 8.5 -0.0321181 -7.45183 9.99923 -7.54817 7.00077 -1 -1 -1 3 -1 8 9 -1 
76 4 -6.5 6.5 1.66739 -7.99301 6.35534 -5.00699 6.64466 -1 -1 -1 3 -1 8 9 -1 
77 4 -6.5 7.5 0.0753746 -6.61295 8.99574 -6.38705 6.00426 -1 -1 -1 3 -1 8 9 -1 
78 4 -6.5 8.5 0.0219834 -6.53297 9.99964 -6.46703 7.00036 -1 -1 -1 3 -1 8 9 -1 
81 5 -5.5 -8.5 0.0762549 -5.61427 -7.00436 -5.38573 -9.99564 -1 0 1 -1 6 -1 10 11 
82 5 -5.5 -7.5 -0.0667708 -5.39992 -6.00334 -5.60008 -8.99666 -1 0 1 -1 6 -1 10 11 
83 5 -5.5 -6.5 -0.0484298 -5.42738 -5.00176 -5.57262 -7.99824 -1 0 1 -1 6 -1 10 11 
101 5 -4.5 -8.5 0.0132319 -4.51985 -7.00013 -4.48015 -9.99987 -1 0 1 -1 6 -1 10 11 
102 5 -4.5 -7.5 -0.0897456 -4.36556 -6.00604 -4.63444 -8.99396 -1 0 1 -1 6 -1 10 11 
103 5 -4.5 -6.5 -0.00949416 -4.48576 -5.00007 -4.51424 -7.99993 -1 0 1 -1 6 -1 10 11 
121 5 -3.5 -8.5 0.00172069 -3.50258 -7 -3.49742 -10 -1 0 1 -1 6 -1 10 11 
122 5 -3.5 -7.5 0.0960758 -3.64389 -6.00692 -3.35611 -8.99308 -1 0 1 -1 6 -1 10 11 
123 5 -3.5 -6.5 -0.0113081 -3.48304 -5.0001 -3.51696 -7.9999 -1 0 1 -1 6 -1 10 11 
141 5 -2.5 -8.5 -0.0153654 -2.47695 -7.00018 -2.52305 -9.99982 -1 0 1 -1 6 -1 10 11 
142 5 -2.5 -7.5 -0.0336728 -2.4495 -6.00085 -2.5505 -8.99915 -1 0 1 -1 6 -1 10 11 
143 5 -2.5 -6.5 0.0057508 -2.50863 -5.00002 -2.49137 -7.99998 -1 0 1 -1 6 -1 10 11 
84 6 -5.5 -5.5 -0.0484298 -5.42738 -4.00176 -5.57262 -6.99824 0 1 2 5 7 10 11 12 
85 6 -5.5 -4.5 1.60699 -6.99902 -4.55428 -4.00098 -4.44572 0 1 2 5 7 10 11 12 
86 6 -5.5 -3.5 1.65076 -6.99521 -3.61981 -4.00479 -3.38019 0 1 2 5 7 10 11 12 
87 6 -5.5 -2.5 1.62448 -6.99784 -2.58048 -4.00216 -2.41952 0 1 2 5 7 10 11 12 
104 6 -4.5 -5.5 -0.0464703 -4.43032 -4.00162 -4.56968 -6.99838 0 1 2 5 7 10 11 12 
105 6 -4.5 -4.5 -0.0464703 -4.43032 -3.00162 -4.56968 -5.99838 0 1 2 5 7 10 11 12 
106 6 -4.5 -3.5 1.52942 -5.99872 -3.43796 -3.00128 -3.56204 0 1 2 5 7 10 11 12 
107 6 -4.5 -2.5 1.55838 -5.99988 -2.48137 -3.00012 -2.51863 0 1 2 5 7 10 11 12 
124 6 -3.5 -5.5 -0.0693766 -3.39602 -4.00361 -3.60398 -6.99639 0 1 2 5 7 10 11 12 
125 6 -3.5 -4.5 -0.0866852 -3.37013 -3.00563 -3.62987 -5.99437 0 1 2 5 7 10 11 12 
126 6 -3.5 -3.5 -0.0866852 -3.37013 -2.00563 -3.62987 -4.99437 0 1 2 5 7 10 11 12 
127 6 -3.5 -2.5 1.60202 -4.99927 -2.54682 -2.00073 -2.45318 0 1 2 5 7 10 11 12 
144 6 -2.5 -5.5 0.0588998 -2.5883 -4.0026 -2.4117 -6.9974 0 1 2 5 7 10 11 12 
145 6 -2.5 -4.5 0.00575202 -2.50863 -3.00002 -2.49137 -5.99998 0 1 2 5 7 10 11 12 
146 6 -2.5 -3.5 -0.0290627 -2.45641 -2.00063 -2.54359 -4.99937 0 1 2 5 7 10 11 12 
147 6 -2.5 -2.5 -0.0290627 -2.45641 -1.00063 -2.54359 -3.99937 0 1 2 5 7 10 11 12 
88 7 -5.5 -1.5 1.52721 -6.99858 -1.43464 -4.00142 -1.56536 1 2 3 6 8 11 12 13 
89 7 -5.5 -0.5 1.5963 -6.99951 -0.538251 -4.00049 -0.461749 1 2 3 6 8 11 12 13 
90 7 -5.5 0.5 1.62689 -6.99764 0.415911 -4.00236 0.584089 1 2 3 6 8 11 12 13 
91 7 -5.5 1.5 1.57205 -7 1.49812 -4 1.50188 1 2 3 6 8 11 12 13 
108 7 -4.5 -1.5 1.57308 -6 -1.50343 -3 -1.49657 1 2 3 6 8 11 12 13 
109 7 -4.5 -0.5 1.54238 -5.99939 -0.457377 -3.00061 -0.542623 1 2 3 6 8 11 12 13 
110 7 -4.5 0.5 1.47668 -5.99336 0.640971 -3.00664 0.359029 1 2 3 6 8 11 12 13 
111 7 -4.5 1.5 1.54961 -5.99966 1.53178 -3.00034 1.46822 1 2 3 6 8 11 12 13 
128 7 -3.5 -1.5 1.5358 -4.99908 -1.44752 -2.00092 -1.55248 1 2 3 6 8 11 12 13 
129 7 -3.5 -0.5 1.47294 -4.99282 -0.353457 -2.00718 -0.646543 1 2 3 6 8 11 12 13 
130 7 -3.5 0.5 1.60474 -4.99914 0.449089 -2.00086 0.550911 1 2 3 6 8 11 12 13 
131 7 -3.5 1.5 1.51604 -4.99775 1.5821 -2.00225 1.4179 1 2 3 6 8 11 12 13 
148 7 -2.5 -1.5 1.53451 -3.99901 -1.44558 -1.00099 -1.55442 1 2 3 6 8 11 12 13 
149 7 -2.5 -0.5 1.54739 -3.99959 -0.464887 -1.00041 -0.535113 1 2 3 6 8 11 12 13 
150 7 -2.5 0.5 1.5108 -3.9973 0.589941 -1.0027 0.410059 1 2 3 6 8 11 12 13 
151 7 -2.5 1.5 1.51143 -3.99736 1.58899 -1.00264 1.41101 1 2 3 6 8 11 12 13 
92 8 -5.5 2.5 1.59747 -6.99947 2.45999 -4.00053 2.54001 2 3 4 7 9 12 13 14 
93 8 -5.5 3.5 1.57299 -7 3.4967 -4 3.5033 2 3 4 7 9 12 13 14 
94 8 -5.5 4.5 1.49327 -6.9955 4.61617 -4.0045 4.38383 2 3 4 7 9 12 13 14 
95 8 -5.5 5.5 1.49327 -6.9955 5.61617 -4.0045 5.38383 2 3 4 7 9 12 13 14 
112 8 -4.5 2.5 1.63237 -5.99716 2.40769 -3.00284 2.59231 2 3 4 7 9 12 13 14 
113 8 -4.5 3.5 1.61256 -5.99869 3.43737 -3.00131 3.56263 2 3 4 7 9 12 13 14 
114 8 -4.5 4.5 1.61256 -5.99869 4.43737 -3.00131 4.56263 2 3 4 7 9 12 13 14 
115 8 -4.5 5.5 0.0241251 -4.53618 6.99956 -4.46382 4.00044 2 3 4 7 9 12 13 14 
132 8 -3.5 2.5 1.59233 -4.99965 2.4677 -2.00035 2.5323 2 3 4 7 9 12 13 14 
133 8 -3.5 3.5 1.59233 -4.99965 3.4677 -2.00035 3.5323 2 3 4 7 9 12 13 14 
134 8 -3.5 4.5 -0.033627 -3.44957 5.99915 -3.55043 3.00085 2 3 4 7 9 12 13 14 
135 8 -3.5 5.5 -0.0784199 -3.38249 6.99539 -3.61751 4.00461 2 3 4 7 9 12 13 14 
152 8 -2.5 2.5 1.51143 -3.99736 2.58899 -1.00264 2.41101 2 3 4 7 9 12 13 14 
153 8 -2.5 3.5 0.0944598 -2.64148 4.99331 -2.35852 2.00669 2 3 4 7 9 12 13 14 
154 8 -2.5 4.5 -0.0763312 -2.38561 5.99563 -2.61439 3.00437 2 3 4 7 9 12 13 14 
155 8 -2.5 5.5 0.0708671 -2.60621 6.99623 -2.39379 4.00377 2 3 4 7 9 12 13 14 
96 9 -5.5 6.5 -0.0364301 -5.44537 7.999 -5.55463 5.001 3 4 -1 8 -1 13 14 -1 
97 9 -5.5 7.5 0.0814642 -5.62206 8.99503 -5.37794 6.00497 3 4 -1 8 -1 13 14 -1 
98 9 -5.5 8.5 0.0357864 -5.55367 9.99904 -5.44633 7.00096 3 4 -1 8 -1 13 14 -1 
116 9 -4.5 6.5 0.0688266 -4.60316 7.99645 -4.39684 5.00355 3 4 -1 8 -1 13 14 -1 
117 9 -4.5 7.5 -0.0258068 -4.46129 8.9995 -4.53871 6.0005 3 4 -1 8 -1 13 14 -1 
118 9 -4.5 8.5 -0.0705271 -4.3943 9.99627 -4.6057 7.00373 3 4 -1 8 -1 13 14 -1 
136 9 -3.5 6.5 -0.00985311 -3.48522 7.99993 -3.51478 5.00007 3 4 -1 8 -1 13 14 -1 
137 9 -3.5 7.5 0.027191 -3.54078 8.99945 -3.45922 6.00055 3 4 -1 8 -1 13 14 -1 
138 9 -3.5 8.5 -0.00256941 -3.49615 10 -3.50385 7 3 4 -1 8 -1 13 14 -1 
156 9 -2.5 6.5 0.0322909 -2.54843 7.99922 -2.45157 5.00078 3 4 -1 8 -1 13 14 -1 
157 9 -2.5 7.5 0.0924511 -2.63848 8.99359 -2.36152 6.00641 3 4 -1 8 -1 13 14 -1 
158 9 -2.5 8.5 0.08265 -2.62383 9.99488 -2.37617 7.00512 3 4 -1 8 -1 13 14 -1 
161 10 -1.5 -8.5 -0.0377534 -1.44338 -7.00107 -1.55662 -9.99893 -1 5 6 -1 11 -1 15 16 
162 10 -1.5 -7.5 0.045501 -1.56823 -6.00155 -1.43177 -8.99845 -1 5 6 -1 11 -1 15 16 
163 10 -1.5 -6.5 0.000652872 -1.50098 -5 -1.49902 -8 -1 5 6 -1 11 -1 15 16 
181 10 -0.5 -8.5 0.0295419 -0.544306 -7.00065 -0.455694 -9.99935 -1 5 6 -1 11 -1 15 16 
182 10 -0.5 -7.5 -0.0612134 -0.408237 -6.00281 -0.591763 -8.99719 -1 5 6 -1 11 -1 15 16 
183 10 -0.5 -6.5 0.0928546 -0.639082 -5.00646 -0.360918 -7.99354 -1 5 6 -1 11 -1 15 16 
201 10 0.5 -8.5 -0.0121466 0.518219 -7.00011 0.481781 -9.99989 -1 5 6 -1 11 -1 15 16 
202 10 0.5 -7.5 -0.0198541 0.529779 -6.0003 0.470221 -8.9997 -1 5 6 -1 11 -1 15 16 
203 10 0.5 -6.5 0.0986814 0.352218 -5.0073 0.647782 -7.9927 -1 5 6 -1 11 -1 15 16 
221 10 1.5 -8.5 -0.0620778 1.59306 -7.00289 1.40694 -9.99711 -1 5 6 -1 11 -1 15 16 
222 10 1.5 -7.5 -0.0374866 1.55622 -6.00105 1.44378 -8.99895 -1 5 6 -1 11 -1 15 16 
223 10 1.5 -6.5 -0.0611452 1.59166 -5.0028 1.40834 -7.9972 -1 5 6 -1 11 -1 15 16 
164 11 -1.5 -5.5 0.0663293 -1.59942 -4.0033 -1.40058 -6.9967 5 6 7 10 12 15 16 17 
165 11 -1.5 -4.5 -0.0187441 -1.47189 -3.00026 -1.52811 -5.99974 5 6 7 10 12 15 16 17 
166 11 -1.5 -3.5 0.0316722 -1.5475 -2.00075 -1.4525 -4.99925 5 6 7 10 12 15 16 17 
167 11 -1.5 -2.5 -0.00214141 -1.49679 -1 -1.50321 -4 5 6 7 10 12 15 16 17 
184 11 -0.5 -5.5 0.0666466 -0.599896 -4.00333 -0.400104 -6.99667 5 6 7 10 12 15 16 17 
185 11 -0.5 -4.5 -0.0540477 -0.418968 -3.00219 -0.581032 -5.99781 5 6 7 10 12 15 16 17 
186 11 -0.5 -3.5 0.0781129 -0.61705 -2.00457 -0.38295 -4.99543 5 6 7 10 12 15 16 17 
187 11 -0.5 -2.5 -0.0401799 -0.439746 -1.00121 -0.560254 -3.99879 5 6 7 10 12 15 16 17 
204 11 0.5 -5.5 0.0898347 0.365429 -4.00605 0.634571 -6.99395 5 6 7 10 12 15 16 17 
205 11 0.5 -4.5 -0.0835163 0.625129 -3.00523 0.374871 -5.99477 5 6 7 10 12 15 16 17 
206 11 0.5 -3.5 -0.08235 0.623386 -2.00508 0.376614 -4.99492 5 6 7 10 12 15 16 17 
207 11 0.5 -2.5 0.0828931 0.375803 -1.00515 0.624197 -3.99485 5 6 7 10 12 15 16 17 
224 11 1.5 -5.5 -0.0442809 1.5664 -4.00147 1.4336 -6.99853 5 6 7 10 12 15 16 17 
225 11 1.5 -4.5 -0.0243093 1.53646 -3.00044 1.46354 -5.99956 5 6 7 10 12 15 16 17 
226 11 1.5 -3.5 -0.0370219 1.55552 -2.00103 1.44448 -4.99897 5 6 7 10 12 15 16 17 
227 11 1.5 -2.5 0.08476 1.37301 -1.00538 1.62699 -3.99462 5 6 7 10 12 15 16 17 
168 12 -1.5 -1.5 -0.00214141 -1.49679 -3.43921e-06 -1.50321 -3 6 7 8 11 13 16 17 18 
169 12 -1.5 -0.5 1.58895 -2.99975 -0.527233 -0.000247239 -0.472767 6 7 8 11 13 16 17 18 
170 12 -1.5 0.5 1.62101 -2.99811 0.424711 -0.00189067 0.575289 6 7 8 11 13 16 17 18 
171 12 -1.5 1.5 1.62101 -2.99811 1.42471 -0.00189067 1.57529 6 7 8 11 13 16 17 18 
188 12 -0.5 -1.5 0.0938717 -0.640601 -0.00660407 -0.359399 -2.9934 6 7 8 11 13 16 17 18 
189 12 -0.5 -0.5 0.0938717 -0.640601 0.993396 -0.359399 -1.9934 6 7 8 11 13 16 17 18 
190 12 -0.5 0.5 0.0938717 -0.640601 1.9934 -0.359399 -0.993396 6 7 8 11 13 16 17 18 
191 12 -0.5 1.5 -0.0803081 -0.379667 2.99517 -0.620333 0.00483444 6 7 8 11 13 16 17 18 
208 12 0.5 -1.5 0.0886768 0.367159 -0.00589382 0.632841 -2.99411 6 7 8 11 13 16 17 18 
209 12 0.5 -0.5 0.0886768 0.367159 0.994106 0.632841 -1.99411 6 7 8 11 13 16 17 18 
210 12 0.5 0.5 0.0886768 0.367159 1.99411 0.632841 -0.994106 6 7 8 11 13 16 17 18 
211 12 0.5 1.5 0.0146525 0.478022 2.99984 0.521978 0.000161019 6 7 8 11 13 16 17 18 
228 12 1.5 -1.5 0.08476 1.37301 -0.00538497 1.62699 -2.99462 6 7 8 11 13 16 17 18 
229 12 1.5 -0.5 1.56342 4.07757e-05 -0.48894 2.99996 -0.51106 6 7 8 11 13 16 17 18 
230 12 1.5 0.5 1.61476 0.00144929 0.434077 2.99855 0.565923 6 7 8 11 13 16 17 18 
231 12 1.5 1.5 1.61476 0.00144929 1.43408 2.99855 1.56592 6 7 8 11 13 16 17 18 
172 13 -1.5 2.5 0.080962 -1.62131 3.99509 -1.37869 1.00491 7 8 9 12 14 17 18 19 
173 13 -1.5 3.5 0.0946512 -1.64176 4.99329 -1.35824 2.00671 7 8 9 12 14 17 18 19 
174 13 -1.5 4.5 -0.0158582 -1.47621 5.99981 -1.52379 3.00019 7 8 9 12 14 17 18 19 
175 13 -1.5 5.5 0.0185602 -1.52784 6.99974 -1.47216 4.00026 7 8 9 12 14 17 18 19 
192 13 -0.5 2.5 0.060257 -0.590331 3.99728 -0.409669 1.00272 7 8 9 12 14 17 18 19 
193 13 -0.5 3.5 0.0866947 -0.629879 4.99437 -0.370121 2.00563 7 8 9 12 14 17 18 19 
194 13 -0.5 4.5 0.0518072 -0.577676 5.99799 -0.422324 3.00201 7 8 9 12 14 17 18 19 
195 13 -0.5 5.5 -0.0966908 -0.35519 6.99299 -0.64481 4.00701 7 8 9 12 14 17 18 19 
212 13 0.5 2.5 0.0451745 0.432261 3.99847 0.567739 1.00153 7 8 9 12 14 17 18 19 
213 13 0.5 3.5 0.0189033 0.471647 4.99973 0.528353 2.00027 7 8 9 12 14 17 18 19 
214 13 0.5 4.5 -0.0575552 0.586285 5.99752 0.413715 3.00248 7 8 9 12 14 17 18 19 
215 13 0.5 5.5 -0.0463609 0.569516 6.99839 0.430484 4.00161 7 8 9 12 14 17 18 19 
232 13 1.5 2.5 0.0536245 1.4196 3.99784 1.5804 1.00216 7 8 9 12 14 17 18 19 
233 13 1.5 3.5 0.0984411 1.35258 4.99274 1.64742 2.00726 7 8 9 12 14 17 18 19 
234 13 1.5 4.5 0.0738822 1.38928 5.99591 1.61072 3.00409 7 8 9 12 14 17 18 19 
235 13 1.5 5.5 -0.0355828 1.55336 6.99905 1.44664 4.00095 7 8 9 12 14 17 18 19 
176 14 -1.5 6.5 0.0439749 -1.56594 7.99855 -1.43406 5.00145 8 9 -1 13 -1 18 19 -1 
177 14 -1.5 7.5 0.0410186 -1.56151 8.99874 -1.43849 6.00126 8 9 -1 13 -1 18 19 -1 
178 14 -1.5 8.5 0.0681749 -1.60218 9.99652 -1.39782 7.00348 8 9 -1 13 -1 18 19 -1 
196 14 -0.5 6.5 -0.0214127 -0.467883 7.99966 -0.532117 5.00034 8 9 -1 13 -1 18 19 -1 
197 14 -0.5 7.5 -0.0313854 -0.45293 8.99926 -0.54707 6.00074 8 9 -1 13 -1 18 19 -1 
198 14 -0.5 8.5 -0.0460039 -0.431019 9.99841 -0.568981 7.00159 8 9 -1 13 -1 18 19 -1 
216 14 0.5 6.5 -0.00681139 0.510217 7.99997 0.489783 5.00003 8 9 -1 13 -1 18 19 -1 
217 14 0.5 7.5 0.0193853 0.470924 8.99972 0.529076 6.00028 8 9 -1 13 -1 18 19 -1 
218 14 0.5 8.5 0.0219677 0.467051 9.99964 0.532949 7.00036 8 9 -1 13 -1 18 19 -1 
236 14 1.5 6.5 0.0754502 1.38693 7.99573 1.61307 5.00427 8 9 -1 13 -1 18 19 -1 
237 14 1.5 7.5 0.0560184 1.41602 8.99765 1.58398 6.00235 8 9 -1 13 -1 18 19 -1 
238 14 1.5 8.5 -0.0677189 1.6015 9.99656 1.3985 7.00344 8 9 -1 13 -1 18 19 -1 
241 15 2.5 -8.5 -0.00257303 2.50386 -7 2.49614 -10 -1 10 11 -1 16 -1 20 21 
242 15 2.5 -7.5 -0.00484941 2.50727 -6.00002 2.49273 -8.99998 -1 10 11 -1 16 -1 20 21 
243 15 2.5 -6.5 -0.00534277 2.50801 -5.00002 2.49199 -7.99998 -1 10 11 -1 16 -1 20 21 
261 15 3.5 -8.5 0.0248666 3.4627 -7.00046 3.5373 -9.99954 -1 10 11 -1 16 -1 20 21 
262 15 3.5 -7.5 -0.0512347 3.57682 -6.00197 3.42318 -8.99803 -1 10 11 -1 16 -1 20 21 
263 15 3.5 -6.5 0.0564466 3.41538 -5.00239 3.58462 -7.99761 -1 10 11 -1 16 -1 20 21 
281 15 4.5 -8.5 0.0213392 4.46799 -7.00034 4.53201 -9.99966 -1 10 11 -1 16 -1 20 21 
282 15 4.5 -7.5 -0.0810843 4.62149 -6.00493 4.37851 -8.99507 -1 10 11 -1 16 -1 20 21 
283 15 4.5 -6.5 0.0836279 4.3747 -5.00524 4.6253 -7.99476 -1 10 11 -1 16 -1 20 21 
301 15 5.5 -8.5 -0.0896105 5.63424 -7.00602 5.36576 -9.99398 -1 10 11 -1 16 -1 20 21 
302 15 5.5 -7.5 -0.0541769 5.58123 -6.0022 5.41877 -8.9978 -1 10 11 -1 16 -1 20 21 
303 15 5.5 -6.5 0.0786674 5.38212 -5.00464 5.61788 -7.99536 -1 10 11 -1 16 -1 20 21 
244 16 2.5 -5.5 0.0983097 2.35277 -4.00724 2.64723 -6.99276 10 11 12 15 17 20 21 22 
245 16 2.5 -4.5 -0.0212704 2.5319 -3.00034 2.4681 -5.99966 10 11 12 15 17 20 21 22 
246 16 2.5 -3.5 0.0105635 2.48416 -2.00008 2.51584 -4.99992 10 11 12 15 17 20 21 22 
247 16 2.5 -2.5 0.0105635 2.48416 -1.00008 2.51584 -3.99992 10 11 12 15 17 20 21 22 
264 16 3.5 -5.5 0.00277262 3.49584 -4.00001 3.50416 -6.99999 10 11 12 15 17 20 21 22 
265 16 3.5 -4.5 -0.0801331 3.62007 -3.00481 3.37993 -5.99519 10 11 12 15 17 20 21 22 
266 16 3.5 -3.5 -0.0801331 3.62007 -2.00481 3.37993 -4.99519 10 11 12 15 17 20 21 22 
267 16 3.5 -2.5 1.47404 2.00702 -2.35509 4.99298 -2.64491 10 11 12 15 17 20 21 22 
284 16 4.5 -5.5 -0.043355 4.56501 -4.00141 4.43499 -6.99859 10 11 12 15 17 20 21 22 
285 16 4.5 -4.5 -0.043355 4.56501 -3.00141 4.43499 -5.99859 10 11 12 15 17 20 21 22 
286 16 4.5 -3.5 1.62525 3.00222 -3.58164 5.99778 -3.41836 10 11 12 15 17 20 21 22 
287 16 4.5 -2.5 1.57435 3.00001 -2.50534 5.99999 -2.49466 10 11 12 15 17 20 21 22 
304 16 5.5 -5.5 0.0786674 5.38212 -4.00464 5.61788 -6.99536 10 11 12 15 17 20 21 22 
305 16 5.5 -4.5 1.52065 4.00189 -4.42482 6.99811 -4.57518 10 11 12 15 17 20 21 22 
306 16 5.5 -3.5 1.66258 4.00631 -3.63749 6.99369 -3.36251 10 11 12 15 17 20 21 22 
307 16 5.5 -2.5 1.47786 4.00647 -2.36079 6.99353 -2.63921 10 11 12 15 17 20 21 22 
248 17 2.5 -1.5 1.55798 1.00012 -1.48077 3.99988 -1.51923 11 12 13 16 18 21 22 23 
249 17 2.5 -0.5 1.49744 1.00403 -0.390061 3.99597 -0.609939 11 12 13 16 18 21 22 23 
250 17 2.5 0.5 1.58442 1.00014 0.479565 3.99986 0.520435 11 12 13 16 18 21 22 23 
251 17 2.5 1.5 1.54105 1.00066 1.54461 3.99934 1.45539 11 12 13 16 18 21 22 23 
268 17 3.5 -1.5 1.57244 2 -1.50247 5 -1.49753 11 12 13 16 18 21 22 23 
269 17 3.5 -0.5 1.58036 2.00007 -0.51434 4.99993 -0.48566 11 12 13 16 18 21 22 23 
270 17 3.5 0.5 1.62258 2.00201 0.422364 4.99799 0.577636 11 12 13 16 18 21 22 23 
271 17 3.5 1.5 1.61511 2.00147 1.43355 4.99853 1.56645 11 12 13 16 18 21 22 23 
288 17 4.5 -1.5 1.54623 3.00045 -1.46315 5.99955 -1.53685 11 12 13 16 18 21 22 23 
289 17 4.5 -0.5 1.47494 3.00689 -0.356435 5.99311 -0.643565 11 12 13 16 18 21 22 23 
290 17 4.5 0.5 1.62067 3.00186 0.425228 5.99814 0.574772 11 12 13 16 18 21 22 23 
291 17 4.5 1.5 1.5682 3.00001 1.50389 5.99999 1.49611 11 12 13 16 18 21 22 23 
308 17 5.5 -1.5 1.55792 4.00012 -1.48068 6.99988 -1.51932 11 12 13 16 18 21 22 23 
309 17 5.5 -0.5 1.64993 4.00469 -0.618576 6.99531 -0.381424 11 12 13 16 18 21 22 23 
310 17 5.5 0.5 1.66042 4.00602 0.365751 6.99398 0.634249 11 12 13 16 18 21 22 23 
311 17 5.5 1.5 1.63968 4.00356 1.39675 6.99644 1.60325 11 12 13 16 18 21 22 23 
252 18 2.5 2.5 1.54105 1.00066 2.54461 3.99934 2.45539 12 13 14 17 19 22 23 24 
253 18 2.5 3.5 -0.0652644 2.59783 4.99681 2.40217 2.00319 12 13 14 17 19 22 23 24 
254 18 2.5 4.5 0.0939474 2.35929 5.99339 2.64071 3.00661 12 13 14 17 19 22 23 24 
255 18 2.5 5.5 -0.00311797 2.50468 6.99999 2.49532 4.00001 12 13 14 17 19 22 23 24 
272 18 3.5 2.5 1.63076 2.0027 2.4101 4.9973 2.5899 12 13 14 17 19 22 23 24 
273 18 3.5 3.5 1.63076 2.0027 3.4101 4.9973 3.5899 12 13 14 17 19 22 23 24 
274 18 3.5 4.5 0.0303916 3.45442 5.99931 3.54558 3.00069 12 13 14 17 19 22 23 24 
275 18 3.5 5.5 -0.0896766 3.63433 6.99397 3.36567 4.00603 12 13 14 17 19 22 23 24 
292 18 4.5 2.5 1.52951 3.00128 2.56192 5.99872 2.43808 12 13 14 17 19 22 23 24 
293 18 4.5 3.5 1.6695 3.0073 3.35219 5.9927 3.64781 12 13 14 17 19 22 23 24 
294 18 4.5 4.5 1.6695 3.0073 4.35219 5.9927 4.64781 12 13 14 17 19 22 23 24 
295 18 4.5 5.5 -0.0909834 4.63629 6.9938 4.36371 4.0062 12 13 14 17 19 22 23 24 
312 18 5.5 2.5 1.55215 4.00026 2.52796 6.99974 2.47204 12 13 14 17 19 22 23 24 
313 18 5.5 3.5 1.66995 4.00737 3.35151 6.99263 3.64849 12 13 14 17 19 22 23 24 
314 18 5.5 4.5 1.52025 4.00192 4.57579 6.99808 4.42421 12 13 14 17 19 22 23 24 
315 18 5.5 5.5 1.52025 4.00192 5.57579 6.99808 5.42421 12 13 14 17 19 22 23 24 
256 19 2.5 6.5 0.024088 2.46387 7.99956 2.53613 5.00044 13 14 -1 18 -1 23 24 -1 
257 19 2.5 7.5 -0.0370511 2.55556 8.99897 2.44444 6.00103 13 14 -1 18 -1 23 24 -1 
258 19 2.5 8.5 0.03131 2.45304 9.99926 2.54696 7.00074 13 14 -1 18 -1 23 24 -1 
276 19 3.5 6.5 0.0647429 3.40295 7.99686 3.59705 5.00314 13 14 -1 18 -1 23 24 -1 
277 19 3.5 7.5 -0.0597183 3.58952 8.99733 3.41048 6.00267 13 14 -1 18 -1 23 24 -1 
278 19 3.5 8.5 -0.0548573 3.58224 9.99774 3.41776 7.00226 13 14 -1 18 -1 23 24 -1 
296 19 4.5 6.5 -0.0642139 4.59625 7.99691 4.40375 5.00309 13 14 -1 18 -1 23 24 -1 
297 19 4.5 7.5 0.0840942 4.37401 8.9947 4.62599 6.0053 13 14 -1 18 -1 23 24 -1 
298 19 4.5 8.5 -0.0538784 4.58078 9.99782 4.41922 7.00218 13 14 -1 18 -1 23 24 -1 
316 19 5.5 6.5 -0.0655887 5.59831 7.99677 5.40169 5.00323 13 14 -1 18 -1 23 24 -1 
317 19 5.5 7.5 0.0721344 5.39189 8.9961 5.60811 6.0039 13 14 -1 18 -1 23 24 -1 
318 19 5.5 8.5 0.0769724 5.38466 9.99556 5.61534 7.00444 13 14 -1 18 -1 23 24 -1 
321 20 6.5 -8.5 0.00346954 6.4948 -7.00001 6.5052 -9.99999 -1 15 16 -1 21 -1 -1 -1 
322 20 6.5 -7.5 0.017917 6.47313 -6.00024 6.52687 -8.99976 -1 15 16 -1 21 -1 -1 -1 
323 20 6.5 -6.5 0.017917 6.47313 -5.00024 6.52687 -7.99976 -1 15 16 -1 21 -1 -1 -1 
341 20 7.5 -8.5 -0.0266753 7.54001 -7.00053 7.45999 -9.99947 -1 15 16 -1 21 -1 -1 -1 
342 20 7.5 -7.5 -0.0266753 7.54001 -6.00053 7.45999 -8.99947 -1 15 16 -1 21 -1 -1 -1 
343 20 7.5 -6.5 1.58283 6.00011 -6.51805 8.99989 -6.48195 -1 15 16 -1 21 -1 -1 -1 
361 20 8.5 -8.5 0.0685141 8.39731 -7.00352 8.60269 -9.99648 -1 15 16 -1 21 -1 -1 -1 
362 20 8.5 -7.5 1.61243 7.0013 -7.56244 9.9987 -7.43756 -1 15 16 -1 21 -1 -1 -1 
363 20 8.5 -6.5 1.63109 7.00273 -6.59039 9.99727 -6.40961 -1 15 16 -1 21 -1 -1 -1 
324 21 6.5 -5.5 1.52854 5.00134 -5.43664 7.99866 -5.56336 15 16 17 20 22 -1 -1 -1 
325 21 6.5 -4.5 1.49129 5.00474 -4.38087 7.99526 -4.61913 15 16 17 20 22 -1 -1 -1 
326 21 6.5 -3.5 1.64329 5.00394 -3.60865 7.99606 -3.39135 15 16 17 20 22 -1 -1 -1 
327 21 6.5 -2.5 1.48248 5.00585 -2.36769 7.99415 -2.63231 15 16 17 20 22 -1 -1 -1 
344 21 7.5 -5.5 1.5878 6.00022 -5.5255 8.99978 -5.4745 15 16 17 20 22 -1 -1 -1 
345 21 7.5 -4.5 1.54214 6.00062 -4.45702 8.99938 -4.54298 15 16 17 20 22 -1 -1 -1 
346 21 7.5 -3.5 1.57554 6.00002 -3.50711 8.99998 -3.49289 15 16 17 20 22 -1 -1 -1 
347 21 7.5 -2.5 1.50313 6.00343 -2.39858 8.99657 -2.60142 15 16 17 20 22 -1 -1 -1 
364 21 8.5 -5.5 1.6272 7.00239 -5.58456 9.99761 -5.41544 15 16 17 20 22 -1 -1 -1 
365 21 8.5 -4.5 1.61639 7.00156 -4.56837 9.99844 -4.43163 15 16 17 20 22 -1 -1 -1 
366 21 8.5 -3.5 1.59963 7.00062 -3.54325 9.99938 -3.45675 15 16 17 20 22 -1 -1 -1 
367 21 8.5 -2.5 1.47839 7.0064 -2.36158 9.9936 -2.63842 15 16 17 20 22 -1 -1 -1 
328 22 6.5 -1.5 1.57454 5.00001 -1.50561 7.99999 -1.49439 16 17 18 21 23 -1 -1 -1 
329 22 6.5 -0.5 1.50539 5.00321 -0.40196 7.99679 -0.59804 16 17 18 21 23 -1 -1 -1 
330 22 6.5 0.5 1.4827 5.00582 0.631975 7.99418 0.368025 16 17 18 21 23 -1 -1 -1 
331 22 6.5 1.5 1.61035 5.00117 1.44069 7.99883 1.55931 16 17 18 21 23 -1 -1 -1 
348 22 7.5 -1.5 1.61413 6.00141 -1.56498 8.99859 -1.43502 16 17 18 21 23 -1 -1 -1 
349 22 7.5 -0.5 1.62199 6.00197 -0.576762 8.99803 -0.423238 16 17 18 21 23 -1 -1 -1 
350 22 7.5 0.5 1.54919 6.00035 0.53241 8.99965 0.46759 16 17 18 21 23 -1 -1 -1 
351 22 7.5 1.5 1.5717 6 1.49864 9 1.50136 16 17 18 21 23 -1 -1 -1 
368 22 8.5 -1.5 1.67067 7.00747 -1.64955 9.99253 -1.35045 16 17 18 21 23 -1 -1 -1 
369 22 8.5 -0.5 1.504 7.00334 -0.399882 9.99666 -0.600118 16 17 18 21 23 -1 -1 -1 
370 22 8.5 0.5 1.62503 7.00221 0.418697 9.99779 0.581303 16 17 18 21 23 -1 -1 -1 
371 22 8.5 1.5 1.55579 7.00017 1.52251 9.99983 1.47749 16 17 18 21 23 -1 -1 -1 
332 23 6.5 2.5 1.47638 5.00668 2.64141 7.99332 2.35859 17 18 19 22 24 -1 -1 -1 
333 23 6.5 3.5 1.58287 5.00011 3.48189 7.99989 3.51811 17 18 19 22 24 -1 -1 -1 
334 23 6.5 4.5 1.49321 5.00451 4.61626 7.99549 4.38374 17 18 19 22 24 -1 -1 -1 
335 23 6.5 5.5 1.56548 5.00002 5.50797 7.99998 5.49203 17 18 19 22 24 -1 -1 -1 
352 23 7.5 2.5 1.58557 6.00016 2.47784 8.99984 2.52216 17 18 19 22 24 -1 -1 -1 
353 23 7.5 3.5 1.56506 6.00002 3.5086 8.99998 3.4914 17 18 19 22 24 -1 -1 -1 
354 23 7.5 4.5 1.65873 6.0058 4.36827 8.9942 4.63173 17 18 19 22 24 -1 -1 -1 
355 23 7.5 5.5 1.65228 6.00498 5.37791 8.99502 5.62209 17 18 19 22 24 -1 -1 -1 
372 23 8.5 2.5 1.51924 7.00199 2.57731 9.99801 2.42269 17 18 19 22 24 -1 -1 -1 
373 23 8.5 3.5 1.55408 7.00021 3.52507 9.99979 3.47493 17 18 19 22 24 -1 -1 -1 
374 23 8.5 4.5 1.64317 7.00393 4.39153 9.99607 4.60847 17 18 19 22 24 -1 -1 -1 
375 23 8.5 5.5 1.58201 7.00009 5.48319 9.99991 5.51681 17 18 19 22 24 -1 -1 -1 
336 24 6.5 6.5 1.56548 5.00002 6.50797 7.99998 6.49203 18 19 -1 23 -1 -1 -1 -1 
337 24 6.5 7.5 -0.0754216 6.61303 8.99574 6.38697 6.00426 18 19 -1 23 -1 -1 -1 -1 
338 24 6.5 8.5 0.0623159 6.40659 9.99709 6.59341 7.00291 18 19 -1 23 -1 -1 -1 -1 
356 24 7.5 6.5 1.6088 6.00108 6.44301 8.99892 6.55699 18 19 -1 23 -1 -1 -1 -1 
357 24 7.5 7.5 1.6088 6.00108 7.44301 8.99892 7.55699 18 19 -1 23 -1 -1 -1 -1 
358 24 7.5 8.5 -0.0262301 7.53934 9.99948 7.46066 7.00052 18 19 -1 23 -1 -1 -1 -1 
376 24 8.5 6.5 1.61539 7.00149 6.43314 9.99851 6.56686 18 19 -1 23 -1 -1 -1 -1 
377 24 8.5 7.5 1.61999 7.00181 7.42624 9.99819 7.57376 18 19 -1 23 -1 -1 -1 -1 
378 24 8.5 8.5 1.61999 7.00181 8.42624 9.99819 8.57376 18 19 -1 23 -1 -1 -1 -1 
