21 0 -8.18988 -8.0716 -0.092345 -7.15375 -6.98696 -9.226 -9.15624 -1 -1 -1 -1 1 -1 5 6 
102 0 -6.81596 -7.20293 -0.0897456 -6.52137 -5.73214 -7.11054 -8.67372 -1 -1 -1 -1 1 -1 5 6 
44 0 -6.09565 -6.10629 1.57057 -6.29282 -7.59328 -5.89848 -4.61931 -1 -1 -1 -1 1 -1 5 6 
204 0 -7.62138 -8.21674 0.0898347 -8.40214 -9.49752 -6.84062 -6.93595 -1 -1 -1 -1 1 -1 5 6 
143 0 -9.34429 -6.6849 0.0057508 -9.48329 -5.19135 -9.2053 -8.17845 -1 -1 -1 -1 1 -1 5 6 
104 0 -9.56073 -8.30559 -0.0464703 -9.74338 -6.81675 -9.37808 -9.79443 -1 -1 -1 -1 1 -1 5 6 
42 0 -7.83266 -6.93512 -0.0685787 -6.94561 -5.72552 -8.71972 -8.14472 -1 -1 -1 -1 1 -1 5 6 
126 0 -7.59792 -6.76791 -0.0866852 -6.7954 -5.50064 -8.40044 -8.03518 -1 -1 -1 -1 1 -1 5 6 
148 0 -6.64079 -8.24878 1.53451 -7.51641 -9.46668 -5.76518 -7.03087 -1 -1 -1 -1 1 -1 5 6 
124 0 -7.46251 -6.08703 -0.0693766 -6.65402 -4.82357 -8.27101 -7.3505 -1 -1 -1 -1 1 -1 5 6 
25 1 -6.87324 -5.43238 1.51782 -7.68725 -6.6923 -6.05922 -4.17247 -1 -1 -1 0 2 5 6 7 
28 1 -8.31767 -2.49383 1.47188 -8.89095 -3.87996 -7.74439 -1.1077 -1 -1 -1 0 2 5 6 7 
103 1 -7.30927 -3.5845 -0.00949416 -6.55785 -2.28628 -8.06068 -4.88272 -1 -1 -1 0 2 5 6 7 
46 1 -9.12621 -2.82543 1.51621 -9.28725 -4.31676 -8.96518 -1.3341 -1 -1 -1 0 2 5 6 7 
22 1 -7.46516 -3.65033 1.51221 -8.25949 -4.92274 -6.67083 -2.37791 -1 -1 -1 0 2 5 6 7 
32 1 -7.84142 -3.7268 1.53486 -8.39673 -5.12022 -7.28611 -2.33338 -1 -1 -1 0 2 5 6 7 
66 1 -7.52614 -4.71605 1.61439 -7.93881 -6.15817 -7.11348 -3.27393 -1 -1 -1 0 2 5 6 7 
108 1 -7.02685 -2.44888 1.57308 -7.72943 -3.77416 -6.32426 -1.12359 -1 -1 -1 0 2 5 6 7 
69 1 -7.92386 -3.21922 1.65286 -8.51179 -4.5992 -7.33592 -1.83925 -1 -1 -1 0 2 5 6 7 
65 1 -7.66263 -3.00274 1.50376 -8.20659 -4.40064 -7.11867 -1.60485 -1 -1 -1 0 2 5 6 7 
71 1 -6.67642 -2.20383 1.61523 -5.93456 -0.900127 -7.41828 -3.50754 -1 -1 -1 0 2 5 6 7 
84 1 -8.6614 -5.7189 -0.0484298 -8.32242 -4.25771 -9.00038 -7.1801 -1 -1 -1 0 2 5 6 7 
92 2 -8.64521 1.92181 1.59747 -8.77923 0.42781 -8.51119 3.41581 -1 -1 -1 1 3 6 7 8 
30 2 -9.48922 -1.39169 1.53668 -9.5911 -2.88823 -9.38735 0.104843 -1 -1 -1 1 3 6 7 8 
49 2 -7.66837 1.55641 1.53819 -7.70089 0.0567672 -7.63585 3.05606 -1 -1 -1 1 3 6 7 8 
110 2 -8.19527 1.9003 1.47668 -8.51712 0.435235 -7.87343 3.36536 -1 -1 -1 1 3 6 7 8 
27 2 -6.85453 0.652869 1.51453 -7.21595 -0.802939 -6.49311 2.10868 -1 -1 -1 1 3 6 7 8 
45 2 -9.21818 1.38547 1.63561 -8.87575 2.84586 -9.56062 -0.0749209 -1 -1 -1 1 3 6 7 8 
109 2 -9.41249 -1.744 1.54238 -9.27912 -0.249939 -9.54586 -3.23806 -1 -1 -1 1 3 6 7 8 
26 2 -7.44586 0.718996 1.57237 -7.53775 -0.778187 -7.35396 2.21618 -1 -1 -1 1 3 6 7 8 
24 2 -7.12606 1.21125 1.49928 -7.33747 -0.273777 -6.91465 2.69628 -1 -1 -1 1 3 6 7 8 
89 2 -7.69403 -1.67878 1.5963 -8.15685 -3.10559 -7.23121 -0.251967 -1 -1 -1 1 3 6 7 8 
169 2 -6.55321 -1.89423 1.58895 -7.31116 -3.18865 -5.79526 -0.599816 -1 -1 -1 1 3 6 7 8 
37 2 -6.86892 1.57557 1.66868 -7.0102 0.0822395 -6.72764 3.0689 -1 -1 -1 1 3 6 7 8 
50 2 -6.15499 -0.825399 1.49607 -6.90597 -2.12387 -5.40402 0.473076 -1 -1 -1 1 3 6 7 8 
127 2 -6.12858 1.2481 1.60202 -6.56739 -0.186277 -5.68977 2.68248 -1 -1 -1 1 3 6 7 8 
70 2 -6.05657 -1.66587 1.57811 -6.71257 -3.01483 -5.40058 -0.316922 -1 -1 -1 1 3 6 7 8 
52 3 -8.83114 4.83512 1.65249 -8.82947 6.33512 -8.83282 3.33512 -1 -1 -1 2 4 7 8 9 
35 3 -8.24267 2.97686 1.57487 -7.83361 4.42001 -8.65174 1.53372 -1 -1 -1 2 4 7 8 9 
38 3 -6.6296 4.28153 1.66868 -6.75012 5.77668 -6.50908 2.78638 -1 -1 -1 2 4 7 8 9 
29 3 -9.23071 3.0287 1.57246 -9.38792 1.53696 -9.0735 4.52043 -1 -1 -1 2 4 7 8 9 
86 3 -7.37348 2.66606 1.65076 -7.5572 1.17736 -7.18975 4.15477 -1 -1 -1 2 4 7 8 9 
93 3 -8.4821 5.64554 1.57299 -8.50866 7.1453 -8.45554 4.14577 -1 -1 -1 2 4 7 8 9 
128 3 -7.84542 5.68073 1.5358 -7.57924 4.20454 -8.11159 7.15693 -1 -1 -1 2 4 7 8 9 
151 3 -9.62328 3.77765 1.51143 -9.57638 5.27692 -9.67017 2.27839 -1 -1 -1 2 4 7 8 9 
130 3 -9.68923 2.46926 1.60474 -9.61832 0.970937 -9.76015 3.96758 -1 -1 -1 2 4 7 8 9 
33 3 -7.31204 4.0978 1.57137 -7.2211 5.59504 -7.40299 2.60056 -1 -1 -1 2 4 7 8 9 
51 3 -6.58199 5.53801 1.51942 -6.01682 4.14856 -7.14717 6.92746 -1 -1 -1 2 4 7 8 9 
58 4 -9.49832 8.4729 -0.0321181 -9.45438 6.97355 -9.54225 9.97226 -1 -1 -1 3 -1 8 9 -1 
77 4 -7.00243 9.95739 0.0753746 -8.50237 9.97017 -5.50248 9.94461 -1 -1 -1 3 -1 8 9 -1 
36 4 -8.04996 8.31535 1.51514 -9.23155 9.23939 -6.86838 7.39131 -1 -1 -1 3 -1 8 9 -1 
98 4 -7.41948 6.48873 0.0357864 -7.85317 7.92466 -6.98579 5.05279 -1 -1 -1 3 -1 8 9 -1 
94 4 -9.26237 6.51153 1.49327 -9.1363 8.00623 -9.38843 5.01684 -1 -1 -1 3 -1 8 9 -1 
158 4 -7.29021 9.08868 0.08265 -8.79 9.11349 -5.79041 9.06388 -1 -1 -1 3 -1 8 9 -1 
96 4 -6.60527 8.33975 -0.0364301 -8.08766 8.56887 -5.12287 8.11063 -1 -1 -1 3 -1 8 9 -1 
53 4 -7.35772 6.64846 1.64356 -7.86168 8.06127 -6.85376 5.23565 -1 -1 -1 3 -1 8 9 -1 
57 4 -9.9007 6.63108 1.5693 -9.91947 8.13096 -9.88193 5.13119 -1 -1 -1 3 -1 8 9 -1 
75 4 -8.64783 6.62585 1.66739 -8.80364 8.11774 -8.49202 5.13397 -1 -1 -1 3 -1 8 9 -1 
78 4 -6.17847 7.84045 0.0219834 -7.57892 8.37779 -4.77801 7.30311 -1 -1 -1 3 -1 8 9 -1 
155 4 -6.46746 6.31939 0.0708671 -6.90264 7.75487 -6.03227 4.8839 -1 -1 -1 3 -1 8 9 -1 
56 4 -8.19002 6.18267 1.5693 -8.63343 7.61563 -7.74661 4.7497 -1 -1 -1 3 -1 8 9 -1 
83 5 -2.45075 -6.47209 -0.0484298 -3.25958 -5.20885 -1.64191 -7.73533 -1 0 1 -1 6 -1 10 11 
163 5 -5.14303 -9.21851 0.000652872 -6.64257 -9.18134 -3.64349 -9.25569 -1 0 1 -1 6 -1 10 11 
81 5 -4.54942 -8.75684 0.0762549 -3.05607 -8.61575 -6.04277 -8.89793 -1 0 1 -1 6 -1 10 11 
23 5 -4.97665 -8.52351 1.50767 -3.47779 -8.46496 -6.47551 -8.58205 -1 0 1 -1 6 -1 10 11 
82 5 -3.92023 -9.07478 -0.0667708 -2.42031 -9.05885 -5.42015 -9.09072 -1 0 1 -1 6 -1 10 11 
63 5 -4.36696 -9.55346 -0.0838541 -2.87243 -9.42543 -5.86148 -9.68149 -1 0 1 -1 6 -1 10 11 
43 5 -4.7044 -8.70268 1.57954 -6.19683 -8.85326 -3.21198 -8.55211 -1 0 1 -1 6 -1 10 11 
64 5 -4.28702 -6.67855 1.58821 -4.0127 -8.15326 -4.56134 -5.20385 -1 0 1 -1 6 -1 10 11 
101 5 -4.48331 -6.68527 0.0132319 -4.62154 -5.19165 -4.34508 -8.17889 -1 0 1 -1 6 -1 10 11 
106 5 -2.98753 -6.84542 1.52942 -1.79614 -7.75679 -4.17892 -5.93405 -1 0 1 -1 6 -1 10 11 
61 5 -4.0752 -6.68191 -0.0551714 -4.35152 -5.20758 -3.79888 -8.15624 -1 0 1 -1 6 -1 10 11 
141 5 -5.47735 -6.95966 -0.0153654 -5.802 -5.49522 -5.1527 -8.42411 -1 0 1 -1 6 -1 10 11 
202 5 -2.6512 -9.17802 -0.0198541 -4.14309 -9.33379 -1.15931 -9.02225 -1 0 1 -1 6 -1 10 11 
121 6 -3.88404 -4.60298 0.00172069 -4.54931 -3.25858 -3.21877 -5.94739 0 1 2 5 7 10 11 12 
41 6 -5.28277 -4.3365 -0.0685787 -4.66598 -2.96918 -5.89957 -5.70382 0 1 2 5 7 10 11 12 
125 6 -4.0752 -4.53265 -0.0866852 -4.6878 -3.16345 -3.4626 -5.90186 0 1 2 5 7 10 11 12 
107 6 -3.06492 -5.86297 1.55838 -2.34533 -7.1791 -3.7845 -4.54684 0 1 2 5 7 10 11 12 
167 6 -5.67214 -3.99048 -0.00214141 -5.00087 -2.64907 -6.34342 -5.3319 0 1 2 5 7 10 11 12 
207 6 -2.5122 -4.8472 0.0828931 -3.18519 -3.50665 -1.83921 -6.18776 0 1 2 5 7 10 11 12 
187 6 -2.3172 -3.27697 -0.0401799 -2.893 -1.89189 -1.7414 -4.66205 0 1 2 5 7 10 11 12 
189 6 -3.61965 -2.96953 0.0938717 -4.9486 -2.2739 -2.2907 -3.66516 0 1 2 5 7 10 11 12 
48 6 -5.80357 -2.64503 1.65033 -6.45935 -3.99409 -5.14779 -1.29597 0 1 2 5 7 10 11 12 
183 6 -2.0498 -5.87665 0.0928546 -2.70346 -4.52657 -1.39613 -7.22673 0 1 2 5 7 10 11 12 
34 7 -2.4433 -0.357666 1.53506 -1.86265 -1.74072 -3.02396 1.02539 1 2 3 6 8 11 12 13 
47 7 -4.46425 0.233378 1.60654 -5.423 -0.92022 -3.50549 1.38698 1 2 3 6 8 11 12 13 
131 7 -4.19348 -0.344461 1.51604 -5.41826 -1.21044 -2.96871 0.52152 1 2 3 6 8 11 12 13 
91 7 -2.42186 0.492963 1.57205 -3.24381 1.74772 -1.59991 -0.761789 1 2 3 6 8 11 12 13 
67 7 -3.93188 -0.682503 1.63243 -5.08168 -1.64581 -2.78208 0.280804 1 2 3 6 8 11 12 13 
85 7 -2.33503 -0.177369 1.60699 -1.64858 -1.51108 -3.02149 1.15634 1 2 3 6 8 11 12 13 
88 7 -5.41614 1.29519 1.52721 -5.19387 -0.188246 -5.63841 2.77864 1 2 3 6 8 11 12 13 
168 7 -2.44312 1.62847 -0.00214141 -2.82298 3.07958 -2.06326 0.177369 1 2 3 6 8 11 12 13 
55 7 -3.98375 1.28526 1.65656 -2.99557 2.41376 -4.97193 0.156762 1 2 3 6 8 11 12 13 
132 7 -3.12535 -1.8084 1.59233 -3.48735 -0.352739 -2.76334 -3.26407 1 2 3 6 8 11 12 13 
149 7 -3.80531 1.73971 1.54739 -2.89377 2.93097 -4.71685 0.548453 1 2 3 6 8 11 12 13 
210 7 -2.30964 1.70576 0.0886768 -2.83364 3.11125 -1.78564 0.300258 1 2 3 6 8 11 12 13 
95 7 -4.78996 1.9885 1.49327 -4.81718 3.48826 -4.76273 0.48875 1 2 3 6 8 11 12 13 
117 8 -2.05255 5.82216 -0.0258068 -3.29462 6.66315 -0.810485 4.98116 2 3 4 7 9 12 13 14 
74 8 -4.24896 3.5702 1.64626 -4.73637 4.98881 -3.76155 2.1516 2 3 4 7 9 12 13 14 
113 8 -4.62727 3.82084 1.61256 -5.2918 5.16561 -3.96274 2.47608 2 3 4 7 9 12 13 14 
90 8 -3.49483 3.55054 1.62689 -3.613 2.0552 -3.37667 5.04588 2 3 4 7 9 12 13 14 
153 8 -5.12213 2.78026 0.0944598 -5.14344 4.28011 -5.10082 1.28041 2 3 4 7 9 12 13 14 
76 8 -3.16508 5.17545 1.66739 -4.12629 6.32701 -2.20388 4.02389 2 3 4 7 9 12 13 14 
111 8 -4.99247 2.50445 1.54961 -5.04783 1.00547 -4.93712 4.00343 2 3 4 7 9 12 13 14 
172 8 -2.42949 4.73506 0.080962 -3.06718 6.09277 -1.7918 3.37736 2 3 4 7 9 12 13 14 
31 8 -5.3249 5.98116 1.64665 -6.42395 7.00198 -4.22585 4.96034 2 3 4 7 9 12 13 14 
54 8 -4.65239 5.79827 1.57851 -5.67234 6.89813 -3.63243 4.69841 2 3 4 7 9 12 13 14 
134 8 -5.01769 5.94078 -0.033627 -6.0863 6.99343 -3.94908 4.88813 2 3 4 7 9 12 13 14 
97 9 -5.25902 8.99823 0.0814642 -6.71514 8.63807 -3.80291 9.3584 3 4 -1 8 -1 13 14 -1 
234 9 -4.03095 8.48023 0.0738822 -5.5072 8.74611 -2.5547 8.21434 3 4 -1 8 -1 13 14 -1 
116 9 -3.20773 8.15727 0.0688266 -4.68981 8.38844 -1.72565 7.9261 3 4 -1 8 -1 13 14 -1 
114 9 -3.54804 7.59862 1.61256 -5.04148 7.45856 -2.05459 7.73868 3 4 -1 8 -1 13 14 -1 
174 9 -3.95125 9.71709 -0.0158582 -5.44205 9.55127 -2.46044 9.88291 3 4 -1 8 -1 13 14 -1 
173 9 -3.76217 8.51823 0.0946512 -5.2476 8.72676 -2.27674 8.30969 3 4 -1 8 -1 13 14 -1 
72 9 -4.9663 8.36229 1.58781 -6.43578 8.66331 -3.49681 8.06127 3 4 -1 8 -1 13 14 -1 
197 9 -4.06938 7.88146 -0.0313854 -5.56802 7.81751 -2.57075 7.94541 3 4 -1 8 -1 13 14 -1 
253 9 -3.99985 9.35695 -0.0652644 -5.48634 9.15612 -2.51335 9.55777 3 4 -1 8 -1 13 14 -1 
178 9 -4.15313 8.83552 0.0681749 -5.65294 8.81169 -2.65332 8.85935 3 4 -1 8 -1 13 14 -1 
118 9 -4.42399 9.33165 -0.0705271 -5.91398 9.15865 -2.934 9.50466 3 4 -1 8 -1 13 14 -1 
135 9 -2.85555 8.02158 -0.0784199 -4.33959 8.23977 -1.3715 7.80339 3 4 -1 8 -1 13 14 -1 
175 9 -3.47943 6.31072 0.0185602 -4.8925 6.81395 -2.06636 5.80748 3 4 -1 8 -1 13 14 -1 
137 9 -2.61718 6.90773 0.027191 -4.00248 7.48299 -1.23187 6.33247 3 4 -1 8 -1 13 14 -1 
138 9 -5.05511 6.71584 -0.00256941 -6.29335 7.56247 -3.81688 5.86921 3 4 -1 8 -1 13 14 -1 
157 9 -2.02249 8.58252 0.0924511 -3.52238 8.56444 -0.522602 8.60061 3 4 -1 8 -1 13 14 -1 
161 10 -0.334003 -7.86528 -0.0377534 0.833302 -8.8073 -1.50131 -6.92326 -1 5 6 -1 11 -1 15 16 
184 10 -1.43318 -9.32748 0.0666466 0.066165 -9.28333 -2.93253 -9.37164 -1 5 6 -1 11 -1 15 16 
182 10 -0.0408898 -8.37004 -0.0612134 -1.36152 -7.65876 1.27974 -9.08133 -1 5 6 -1 11 -1 15 16 
144 10 -0.13066 -6.59215 0.0588998 -0.671728 -5.19313 0.410409 -7.99116 -1 5 6 -1 11 -1 15 16 
62 10 -1.91219 -8.88892 -0.0838541 -0.416537 -8.77482 -3.40785 -9.00302 -1 5 6 -1 11 -1 15 16 
243 10 -0.686577 -6.18876 -0.00534277 -1.3816 -4.85949 0.0084454 -7.51802 -1 5 6 -1 11 -1 15 16 
181 10 1.49782 -6.56461 0.0295419 1.24961 -5.08529 1.74603 -8.04393 -1 5 6 -1 11 -1 15 16 
162 10 -0.754234 -6.4064 0.045501 -1.60159 -5.16866 0.0931234 -7.64413 -1 5 6 -1 11 -1 15 16 
142 10 -1.60757 -9.61124 -0.0336728 -0.10765 -9.59584 -3.10749 -9.62665 -1 5 6 -1 11 -1 15 16 
145 10 -1.07379 -6.34876 0.00575202 -1.90203 -5.09816 -0.24554 -7.59936 -1 5 6 -1 11 -1 15 16 
242 10 1.4892 -8.37522 -0.00484941 0.866149 -7.01073 2.11224 -9.7397 -1 5 6 -1 11 -1 15 16 
247 10 1.20342 -6.15388 0.0105635 0.784477 -4.71357 1.62237 -7.59419 -1 5 6 -1 11 -1 15 16 
146 11 -0.641873 -4.21649 -0.0290627 -1.10445 -2.7896 -0.17929 -5.64338 5 6 7 10 12 15 16 17 
226 11 -1.53614 -4.49486 -0.0370219 -2.04934 -3.08538 -1.02293 -5.90433 5 6 7 10 12 15 16 17 
264 11 0.880271 -4.18106 0.00277262 0.427736 -2.75095 1.33281 -5.61117 5 6 7 10 12 15 16 17 
221 11 -1.343 -4.54346 -0.0620778 -1.92011 -3.15892 -0.765901 -5.928 5 6 7 10 12 15 16 17 
261 11 0.191275 -5.75421 0.0248666 -0.367989 -4.36237 0.750538 -7.14605 5 6 7 10 12 15 16 17 
166 11 -0.0135065 -3.08671 0.0316722 -0.194555 -1.59768 0.167542 -4.57575 5 6 7 10 12 15 16 17 
223 11 -1.28445 -3.37885 -0.0611452 -1.68983 -1.93466 -0.879062 -4.82303 5 6 7 10 12 15 16 17 
205 11 0.818599 -2.31282 -0.0835163 0.631509 -0.824531 1.00569 -3.8011 5 6 7 10 12 15 16 17 
284 11 1.47775 -3.32401 -0.043355 0.916237 -1.93307 2.03925 -4.71494 5 6 7 10 12 15 16 17 
227 11 1.32429 -4.85729 0.08476 0.778803 -3.45999 1.86978 -6.25459 5 6 7 10 12 15 16 17 
122 11 -0.297439 -2.22848 0.0960758 -0.592946 -0.757873 -0.00193257 -3.69908 5 6 7 10 12 15 16 17 
68 11 -1.81666 -2.86378 1.59126 -1.21649 -4.23848 -2.41684 -1.48909 5 6 7 10 12 15 16 17 
164 11 -1.7439 -3.99476 0.0663293 -2.25063 -2.58294 -1.23717 -5.40657 5 6 7 10 12 15 16 17 
266 11 1.74776 -2.72581 -0.0801331 1.26875 -1.30435 2.22678 -4.14727 5 6 7 10 12 15 16 17 
241 11 1.86897 -5.00898 -0.00257303 1.40343 -3.58305 2.33452 -6.43491 5 6 7 10 12 15 16 17 
244 11 -0.331099 -5.64572 0.0983097 -0.859772 -4.24197 0.197575 -7.04946 5 6 7 10 12 15 16 17 
194 12 -0.656762 0.850144 0.0518072 -1.26543 2.2211 -0.0480973 -0.520815 6 7 8 11 13 16 17 18 
328 12 0.0185933 -1.17983 1.57454 -0.603651 0.18502 0.640838 -2.54468 6 7 8 11 13 16 17 18 
105 12 -0.481627 -0.784337 -0.0464703 -1.15117 0.557943 0.187914 -2.12662 6 7 8 11 13 16 17 18 
150 12 -0.481642 -0.512659 1.5108 -1.16231 0.824012 0.199029 -1.84933 6 7 8 11 13 16 17 18 
203 12 1.22766 -1.49959 0.0986814 0.84168 -0.0500982 1.61363 -2.94908 6 7 8 11 13 16 17 18 
171 12 0.084644 1.18101 1.62101 0.136414 -0.318091 0.0328742 2.68012 6 7 8 11 13 16 17 18 
208 12 1.48455 -1.16657 0.0886768 1.13624 0.292428 1.83285 -2.62558 6 7 8 11 13 16 17 18 
133 12 -0.850603 -0.853723 1.59233 -1.25041 0.592013 -0.450794 -2.29946 6 7 8 11 13 16 17 18 
185 12 0.468749 0.414667 -0.0540477 0.640726 1.90478 0.296772 -1.07544 6 7 8 11 13 16 17 18 
147 12 0.799374 -1.565 -0.0290627 0.632675 -0.074296 0.966073 -3.05571 6 7 8 11 13 16 17 18 
129 12 -1.37742 -0.803362 1.47294 -0.903104 -2.22639 -1.85175 0.61967 6 7 8 11 13 16 17 18 
232 12 1.11497 0.0573131 0.0536245 1.37987 -1.41911 0.850072 1.53374 6 7 8 11 13 16 17 18 
196 12 -1.36264 1.41161 -0.0214127 -1.69739 2.87378 -1.0279 -0.0505583 6 7 8 11 13 16 17 18 
351 12 1.83973 1.53567 1.5717 1.13365 2.85909 2.5458 0.212239 6 7 8 11 13 16 17 18 
112 12 -1.5782 1.41521 1.63237 -1.88346 2.88382 -1.27294 -0.0533961 6 7 8 11 13 16 17 18 
123 12 -1.07592 -1.98313 -0.0113081 -1.6535 -0.598788 -0.498329 -3.36747 6 7 8 11 13 16 17 18 
229 12 1.80741 -1.689 1.56342 2.0641 -3.16687 1.55071 -0.211124 6 7 8 11 13 16 17 18 
305 12 1.97227 0.323569 1.52065 1.09949 1.54351 2.84506 -0.896371 6 7 8 11 13 16 17 18 
188 12 -1.93182 1.85969 0.0938717 -2.36627 3.2954 -1.49738 0.423982 6 7 8 11 13 16 17 18 
252 13 0.564849 3.97838 1.54105 -0.471631 5.06268 1.60133 2.89407 7 8 9 12 14 17 18 19 
177 13 -1.94987 4.33845 0.0410186 -2.49586 5.73555 -1.40387 2.94136 7 8 9 12 14 17 18 19 
273 13 1.00974 4.51294 1.63076 0.383241 5.87584 1.63625 3.15004 7 8 9 12 14 17 18 19 
312 13 0.135085 3.84259 1.55215 -0.983025 4.8425 1.2532 2.84267 7 8 9 12 14 17 18 19 
209 13 1.27217 4.90693 0.0886768 1.96569 3.57688 0.578647 6.23697 7 8 9 12 14 17 18 19 
212 13 -1.60118 3.05222 0.0451745 -2.04704 4.48442 -1.15531 1.62002 7 8 9 12 14 17 18 19 
115 13 -0.85696 2.41212 0.0241251 -1.41615 3.80399 -0.297772 1.02025 7 8 9 12 14 17 18 19 
170 13 -1.11579 3.83406 1.62101 -1.65394 5.2342 -0.577644 2.43392 7 8 9 12 14 17 18 19 
87 13 0.769291 2.30198 1.62448 1.66573 1.09932 -0.127146 3.50464 7 8 9 12 14 17 18 19 
193 13 -0.55112 5.50018 0.0866947 -1.48524 6.67382 0.382998 4.32654 7 8 9 12 14 17 18 19 
176 13 -0.380316 4.63709 0.0439749 -1.54258 5.58532 0.781952 3.68886 7 8 9 12 14 17 18 19 
233 13 -1.23977 5.66795 0.0984411 -0.155608 4.63133 -2.32394 6.70457 7 8 9 12 14 17 18 19 
190 13 1.88938 4.90952 0.0938717 2.80527 3.7216 0.973492 6.09743 7 8 9 12 14 17 18 19 
237 14 -0.879479 8.12066 0.0560184 -2.33182 8.49577 0.572862 7.74556 8 9 -1 13 -1 18 19 -1 
154 14 1.19638 7.59328 -0.0763312 -0.0592282 8.41392 2.45199 6.77263 8 9 -1 13 -1 18 19 -1 
297 14 -0.68003 9.74815 0.0840942 0.815379 9.86542 -2.17544 9.63089 8 9 -1 13 -1 18 19 -1 
198 14 0.35303 8.56515 -0.0460039 -1.13642 8.74272 1.84248 8.38758 8 9 -1 13 -1 18 19 -1 
218 14 -0.738742 8.81196 0.0219677 -2.23475 8.70262 0.757267 8.9213 8 9 -1 13 -1 18 19 -1 
156 14 0.978176 9.10368 0.0322909 -0.504805 9.32899 2.46116 8.87836 8 9 -1 13 -1 18 19 -1 
217 14 -0.0829009 6.20447 0.0193853 -0.919913 7.44922 0.754112 4.95971 8 9 -1 13 -1 18 19 -1 
136 14 -1.10025 7.71208 -0.00985311 -2.49197 8.27165 0.291471 7.1525 8 9 -1 13 -1 18 19 -1 
235 14 -0.996156 9.84921 -0.0355828 -2.49271 9.74756 0.500395 9.95087 8 9 -1 13 -1 18 19 -1 
213 14 -1.19774 6.60241 0.0189033 -2.24931 7.67209 -0.146179 5.53273 8 9 -1 13 -1 18 19 -1 
215 14 -1.70241 9.32124 -0.0463609 -3.17019 9.012 -0.23463 9.63047 8 9 -1 13 -1 18 19 -1 
278 14 1.19552 6.54374 -0.0548573 2.20634 5.43549 0.184687 7.652 8 9 -1 13 -1 18 19 -1 
336 14 1.92302 8.47665 1.56548 0.425953 8.57038 3.42009 8.38291 8 9 -1 13 -1 18 19 -1 
373 14 1.6915 8.80376 1.55408 0.219873 9.09414 3.16312 8.51337 8 9 -1 13 -1 18 19 -1 
263 15 4.18176 -7.42916 0.0564466 3.64069 -6.03015 4.72284 -8.82817 -1 10 11 -1 16 -1 20 21 
186 15 2.34212 -8.55162 0.0781129 1.70813 -7.19218 2.97611 -9.91105 -1 10 11 -1 16 -1 20 21 
165 15 3.50877 -8.39371 -0.0187441 3.26661 -6.91339 3.75092 -9.87404 -1 10 11 -1 16 -1 20 21 
206 15 2.74778 -6.89841 -0.08235 2.79185 -5.39905 2.70372 -8.39776 -1 10 11 -1 16 -1 20 21 
302 15 4.89879 -6.27903 -0.0541769 4.39905 -4.86473 5.39853 -7.69334 -1 10 11 -1 16 -1 20 21 
248 15 3.73191 -6.66483 1.55798 3.15222 -5.28137 4.31159 -8.04829 -1 10 11 -1 16 -1 20 21 
322 15 5.44785 -7.35143 0.017917 4.9571 -5.93398 5.9386 -8.76888 -1 10 11 -1 16 -1 20 21 
201 15 5.41378 -7.02295 -0.0121466 4.86749 -5.62597 5.96007 -8.41993 -1 10 11 -1 16 -1 20 21 
303 15 4.24967 -6.49548 0.0786674 4.02716 -5.01207 4.47218 -7.97888 -1 10 11 -1 16 -1 20 21 
225 15 3.01809 -6.17313 -0.0243093 2.79447 -4.68989 3.24171 -7.65637 -1 10 11 -1 16 -1 20 21 
344 16 2.29974 -3.45201 1.5878 2.08708 -1.96716 2.5124 -4.93686 10 11 12 15 17 20 21 22 
270 16 5.19051 -4.06931 1.62258 4.60792 -2.68706 5.7731 -5.45155 10 11 12 15 17 20 21 22 
152 16 3.71641 -5.30826 1.51143 3.17721 -3.90852 4.25561 -6.70799 10 11 12 15 17 20 21 22 
224 16 3.09701 -5.1715 -0.0442809 2.72434 -3.71854 3.46968 -6.62447 10 11 12 15 17 20 21 22 
286 16 3.88364 -3.69782 1.62525 3.22805 -2.34868 4.53924 -5.04697 10 11 12 15 17 20 21 22 
246 16 2.23255 -3.38134 0.0105635 1.96942 -1.9046 2.49568 -4.85808 10 11 12 15 17 20 21 22 
230 16 4.15232 -4.91078 1.61476 3.48126 -3.56926 4.82338 -6.2523 10 11 12 15 17 20 21 22 
250 16 2.61004 -2.28264 1.58442 2.28753 -0.81772 2.93255 -3.74756 10 11 12 15 17 20 21 22 
265 16 5.38012 -5.53182 -0.0801331 5.11956 -4.05462 5.64068 -7.00901 10 11 12 15 17 20 21 22 
267 16 4.35436 -2.78695 1.47404 3.92245 -1.35047 4.78627 -4.22342 10 11 12 15 17 20 21 22 
245 16 2.3127 -4.58778 -0.0212704 1.85767 -3.15847 2.76774 -6.0171 10 11 12 15 17 20 21 22 
283 16 5.41421 -3.87816 0.0836279 4.87484 -2.47849 5.95358 -5.27783 10 11 12 15 17 20 21 22 
211 16 2.86113 -4.97385 0.0146525 2.63862 -3.49045 3.08363 -6.45726 10 11 12 15 17 20 21 22 
306 16 5.48934 -5.87307 1.66258 5.2034 -4.40058 5.77528 -7.34557 10 11 12 15 17 20 21 22 
282 16 5.70467 -3.95485 -0.0810843 5.33218 -2.50183 6.07715 -5.40786 10 11 12 15 17 20 21 22 
330 17 4.15916 0.288294 1.4827 3.42242 1.5949 4.89589 -1.01831 11 12 13 16 18 21 22 23 
231 17 3.69922 -0.912632 1.61476 3.24753 0.517747 4.1509 -2.34301 11 12 13 16 18 21 22 23 
326 17 4.18976 -1.7547 1.64329 3.56799 -0.389636 4.81154 -3.11976 11 12 13 16 18 21 22 23 
309 17 4.49799 0.157392 1.64993 3.67707 1.41282 5.3189 -1.09804 11 12 13 16 18 21 22 23 
287 17 2.56126 -1.13866 1.57435 1.80152 0.154712 3.32099 -2.43203 11 12 13 16 18 21 22 23 
345 17 5.62484 0.231034 1.54214 4.6945 1.40767 6.55518 -0.9456 11 12 13 16 18 21 22 23 
349 17 5.02456 -0.308453 1.62199 5.94357 -1.49396 4.10555 0.877051 11 12 13 16 18 21 22 23 
311 17 4.91977 0.00425932 1.63968 3.98372 1.17636 5.85582 -1.16784 11 12 13 16 18 21 22 23 
323 17 2.18621 1.58168 0.017917 1.46097 2.89471 2.91145 0.268661 11 12 13 16 18 21 22 23 
292 17 4.47897 1.16344 1.52951 3.52078 2.31751 5.43716 0.00937589 11 12 13 16 18 21 22 23 
251 17 2.55062 1.86756 1.54105 1.87603 3.20731 3.22522 0.527812 11 12 13 16 18 21 22 23 
353 17 5.5175 0.969456 1.56506 4.80829 2.29121 6.22671 -0.352295 11 12 13 16 18 21 22 23 
73 17 5.67631 -1.65838 1.49962 7.16861 -1.81021 4.18401 -1.50655 11 12 13 16 18 21 22 23 
334 18 4.6058 4.02091 1.49321 3.38919 4.89833 5.8224 3.14348 12 13 14 17 19 22 23 24 
254 18 3.63517 4.26425 0.0939474 4.85885 3.39671 2.4115 5.13178 12 13 14 17 19 22 23 24 
310 18 2.61068 4.77026 1.66042 1.41942 5.68181 3.80193 3.85871 12 13 14 17 19 22 23 24 
295 18 3.36253 3.5535 -0.0909834 4.34118 2.41673 2.38388 4.69027 12 13 14 17 19 22 23 24 
249 18 4.67698 3.78166 1.49744 3.48692 4.69476 5.86705 2.86857 12 13 14 17 19 22 23 24 
195 18 5.64136 2.20986 -0.0966908 6.83933 1.30715 4.4434 3.11256 12 13 14 17 19 22 23 24 
314 18 5.54384 2.58332 1.52025 4.39365 3.54617 6.69403 1.62048 12 13 14 17 19 22 23 24 
191 18 2.96735 2.05218 -0.0803081 2.1696 3.32244 3.76511 0.781906 12 13 14 17 19 22 23 24 
290 18 4.68525 2.5427 1.62067 3.86858 3.80089 5.50191 1.2845 12 13 14 17 19 22 23 24 
216 18 2.34669 3.66438 -0.00681139 3.19695 2.42863 1.49644 4.90012 12 13 14 17 19 22 23 24 
313 18 5.65661 4.46144 1.66995 4.90234 5.758 6.41088 3.16488 12 13 14 17 19 22 23 24 
293 18 4.32061 2.50871 1.6695 3.56499 3.80448 5.07623 1.21293 12 13 14 17 19 22 23 24 
298 18 5.97072 5.22753 -0.0538784 5.61105 6.68378 6.33038 3.77129 12 13 14 17 19 22 23 24 
294 18 5.99709 2.50256 1.6695 4.85851 3.47911 7.13567 1.52602 12 13 14 17 19 22 23 24 
255 19 3.46384 8.80225 -0.00311797 1.97366 8.97358 4.95402 8.63092 13 14 -1 18 -1 23 24 -1 
275 19 3.79141 7.49725 -0.0896766 5.23138 7.07717 2.35143 7.91733 13 14 -1 18 -1 23 24 -1 
257 19 3.78761 8.71011 -0.0370511 2.29939 8.89771 5.27583 8.5225 13 14 -1 18 -1 23 24 -1 
236 19 2.62412 8.48173 0.0754502 4.12071 8.38063 1.12754 8.58283 13 14 -1 18 -1 23 24 -1 
276 19 3.47142 6.25031 0.0647429 4.91451 5.84106 2.02832 6.65956 13 14 -1 18 -1 23 24 -1 
238 19 3.88799 8.90633 -0.0677189 2.40524 9.13322 5.37073 8.67945 13 14 -1 18 -1 23 24 -1 
256 19 4.1846 9.70492 0.024088 5.67588 9.54337 2.69333 9.86647 13 14 -1 18 -1 23 24 -1 
277 19 2.65243 9.19502 -0.0597183 4.1476 9.07478 1.15725 9.31526 13 14 -1 18 -1 23 24 -1 
317 19 3.09981 7.03835 0.0721344 4.36807 6.2374 1.83155 7.8393 13 14 -1 18 -1 23 24 -1 
214 19 3.25436 7.128 -0.0575552 4.49794 6.28925 2.01078 7.96675 13 14 -1 18 -1 23 24 -1 
378 19 4.77013 6.1235 1.61999 5.91373 5.15284 3.62652 7.09415 13 14 -1 18 -1 23 24 -1 
315 19 5.85 6.64967 1.52025 5.31301 8.05026 6.38699 5.24909 13 14 -1 18 -1 23 24 -1 
370 19 3.22245 6.13625 1.62503 1.82478 6.68077 4.62013 5.59173 13 14 -1 18 -1 23 24 -1 
258 19 5.96744 9.04502 0.03131 7.4313 8.71772 4.50358 9.37233 13 14 -1 18 -1 23 24 -1 
316 19 2.234 6.07723 -0.0655887 3.25098 4.97462 1.21702 7.17985 13 14 -1 18 -1 23 24 -1 
321 20 7.67808 -8.18299 0.00346954 7.69604 -6.6831 7.66011 -9.68289 -1 15 16 -1 21 -1 -1 -1 
362 20 8.65262 -8.39233 1.61243 9.13705 -6.97271 8.16819 -9.81195 -1 15 16 -1 21 -1 -1 -1 
324 20 7.49134 -7.7672 1.52854 7.34975 -6.2739 7.63292 -9.26051 -1 15 16 -1 21 -1 -1 -1 
228 20 7.79605 -7.02423 0.08476 7.47878 -5.55816 8.11333 -8.49029 -1 15 16 -1 21 -1 -1 -1 
346 20 9.24616 -7.96588 1.57554 9.60092 -6.50844 8.8914 -9.42333 -1 15 16 -1 21 -1 -1 -1 
341 20 7.18725 -8.45525 -0.0266753 6.68063 -7.04339 7.69387 -9.86711 -1 15 16 -1 21 -1 -1 -1 
325 20 9.75745 -8.06812 1.49129 9.75021 -6.56814 9.76469 -9.5681 -1 15 16 -1 21 -1 -1 -1 
343 20 6.50902 -8.29001 1.58283 6.07551 -6.85402 6.94252 -9.72601 -1 15 16 -1 21 -1 -1 -1 
366 20 8.37029 -6.56764 1.59963 8.47885 -5.07158 8.26173 -8.06371 -1 15 16 -1 21 -1 -1 -1 
222 20 6.20219 -6.51279 -0.0374866 5.51943 -5.17718 6.88494 -7.84839 -1 15 16 -1 21 -1 -1 -1 
285 20 6.06641 -7.73485 -0.043355 6.29488 -9.21735 5.83794 -6.25235 -1 15 16 -1 21 -1 -1 -1 
262 20 6.2865 -6.17706 -0.0512347 5.80334 -4.757 6.76966 -7.59711 -1 15 16 -1 21 -1 -1 -1 
307 21 8.40177 -4.32176 1.47786 8.21272 -2.83372 8.59083 -5.8098 15 16 17 20 22 -1 -1 -1 
364 21 6.69462 -5.53068 1.6272 6.47114 -4.04742 6.91809 -7.01394 15 16 17 20 22 -1 -1 -1 
361 21 6.98189 -4.31307 0.0685141 6.78768 -2.8257 7.17611 -5.80045 15 16 17 20 22 -1 -1 -1 
291 21 6.86315 -5.34869 1.5682 6.63672 -3.86587 7.08958 -6.8315 15 16 17 20 22 -1 -1 -1 
308 21 7.73345 -3.67207 1.55792 7.52223 -2.18702 7.94467 -5.15713 15 16 17 20 22 -1 -1 -1 
342 21 8.33955 -3.21555 -0.0266753 8.1647 -1.72578 8.51441 -4.70533 15 16 17 20 22 -1 -1 -1 
288 21 9.54835 -4.75836 1.54623 9.78164 -3.27661 9.31506 -6.2401 15 16 17 20 22 -1 -1 -1 
327 21 6.42831 -5.86888 1.48248 6.02764 -4.42338 6.82897 -7.31438 15 16 17 20 22 -1 -1 -1 
289 21 8.92143 -4.21448 1.47494 8.62877 -2.7433 9.21408 -5.68565 15 16 17 20 22 -1 -1 -1 
363 21 9.47791 -5.53427 1.63109 9.73472 -4.05642 9.2211 -7.01212 15 16 17 20 22 -1 -1 -1 
281 21 7.871 -5.60923 0.0213392 7.71983 -4.11687 8.02218 -7.10159 15 16 17 20 22 -1 -1 -1 
268 21 7.15999 -3.37714 1.57244 6.89307 -1.90108 7.42691 -4.8532 15 16 17 20 22 -1 -1 -1 
304 21 7.32445 -5.96249 0.0786674 7.04884 -4.48803 7.60006 -7.43695 15 16 17 20 22 -1 -1 -1 
301 21 6.00893 -4.44283 -0.0896105 5.65428 -2.98536 6.36358 -5.9003 15 16 17 20 22 -1 -1 -1 
368 22 9.66622 -0.597214 1.67067 9.43514 0.88488 9.8973 -2.07931 16 17 18 21 23 -1 -1 -1 
329 22 8.67162 -1.09231 1.50539 8.722 0.406844 8.62123 -2.59146 16 17 18 21 23 -1 -1 -1 
372 22 8.2855 -0.0357476 1.51924 8.46849 1.45305 8.10252 -1.52454 16 17 18 21 23 -1 -1 -1 
367 22 8.63051 -0.0329317 1.47839 8.6205 1.46703 8.64052 -1.5329 16 17 18 21 23 -1 -1 -1 
365 22 6.90309 0.444815 1.61639 5.96839 1.61799 7.8378 -0.728356 16 17 18 21 23 -1 -1 -1 
269 22 7.00389 -0.205569 1.58036 6.06316 0.962773 7.94463 -1.37391 16 17 18 21 23 -1 -1 -1 
192 22 8.39247 -1.51932 0.060257 8.33207 -0.0205348 8.45288 -3.0181 16 17 18 21 23 -1 -1 -1 
374 22 9.49434 1.26331 1.64317 9.78287 2.7353 9.20581 -0.208677 16 17 18 21 23 -1 -1 -1 
352 22 7.79504 0.22393 1.58557 7.99194 -1.26309 7.59814 1.71095 16 17 18 21 23 -1 -1 -1 
333 22 6.23557 0.544812 1.58287 5.50831 1.85672 6.96283 -0.767092 16 17 18 21 23 -1 -1 -1 
348 22 9.20626 -0.290652 1.61413 9.15479 1.20846 9.25773 -1.78977 16 17 18 21 23 -1 -1 -1 
350 22 9.93856 -1.25895 1.54919 9.96022 0.240889 9.91691 -2.7588 16 17 18 21 23 -1 -1 -1 
271 22 6.37694 -1.7951 1.61511 4.88598 -1.63064 7.86789 -1.95957 16 17 18 21 23 -1 -1 -1 
331 22 6.40595 1.93573 1.61035 5.37102 3.02151 7.44088 0.849948 16 17 18 21 23 -1 -1 -1 
332 23 8.84364 2.22184 1.47638 8.90467 0.723086 8.7826 3.7206 17 18 19 22 24 -1 -1 -1 
356 23 7.54411 2.87585 1.6088 8.43834 1.67154 6.64988 4.08015 17 18 19 22 24 -1 -1 -1 
335 23 6.87836 2.80914 1.56548 8.13203 1.98553 5.6247 3.63274 17 18 19 22 24 -1 -1 -1 
355 23 7.45227 5.01029 1.65228 7.99998 3.61386 6.90456 6.40672 17 18 19 22 24 -1 -1 -1 
274 23 9.32355 2.74243 0.0303916 9.26976 4.24147 9.37734 1.2434 17 18 19 22 24 -1 -1 -1 
369 23 9.26985 4.76505 1.504 9.42449 3.27304 9.11521 6.25706 17 18 19 22 24 -1 -1 -1 
272 23 7.52468 4.15869 1.63076 8.4591 2.98529 6.59026 5.33208 17 18 19 22 24 -1 -1 -1 
357 23 6.36344 2.94016 1.6088 7.58617 2.0713 5.1407 3.80901 17 18 19 22 24 -1 -1 -1 
347 23 9.84599 2.16282 1.50313 9.7672 0.664889 9.92477 3.66075 17 18 19 22 24 -1 -1 -1 
358 23 9.46218 5.621 -0.0262301 9.56718 4.12468 9.35718 7.11733 17 18 19 22 24 -1 -1 -1 
338 23 7.77162 5.73874 0.0623159 8.35333 4.35613 7.1899 7.12135 17 18 19 22 24 -1 -1 -1 
318 23 7.18515 5.78668 0.0769724 7.78488 4.41179 6.58542 7.16157 17 18 19 22 24 -1 -1 -1 
371 23 8.44791 3.36116 1.55579 8.05668 4.80924 8.83915 1.91308 17 18 19 22 24 -1 -1 -1 
337 24 6.47706 7.31444 -0.0754216 7.08221 5.94192 5.87191 8.68695 18 19 -1 23 -1 -1 -1 -1 
377 24 8.49928 6.54782 1.61999 8.17134 5.08411 8.82722 8.01153 18 19 -1 23 -1 -1 -1 -1 
296 24 8.21924 8.94135 -0.0642139 9.69381 8.66635 6.74466 9.21636 18 19 -1 23 -1 -1 -1 -1 
354 24 6.14783 7.30852 1.65873 5.6899 8.73691 6.60575 5.88012 18 19 -1 23 -1 -1 -1 -1 
376 24 8.86593 6.25916 1.61539 8.99739 7.75339 8.73448 4.76493 18 19 -1 23 -1 -1 -1 -1 
375 24 6.31841 8.72334 1.58201 4.82804 8.89301 7.80879 8.55366 18 19 -1 23 -1 -1 -1 -1 
