21 0 -9.7714 -8.41963 -0.092345 -9.85528 -6.92197 -9.68753 -9.91728 -1 -1 -1 -1 1 -1 5 6 
22 0 -8.99426 -8.12009 1.51221 -8.23634 -9.41452 -9.75218 -6.82565 -1 -1 -1 -1 1 -1 5 6 
41 0 -8.6835 -7.76567 -0.0685787 -9.6102 -6.58617 -7.75679 -8.94517 -1 -1 -1 -1 1 -1 5 6 
61 0 -6.63942 -9.33853 -0.0551714 -5.14105 -9.26877 -8.1378 -9.4083 -1 -1 -1 -1 1 -1 5 6 
62 0 -7.50243 -8.08315 -0.0838541 -8.8031 -7.33597 -6.20177 -8.83033 -1 -1 -1 -1 1 -1 5 6 
101 0 -7.79442 -9.79321 0.0132319 -6.29512 -9.83918 -9.29371 -9.74724 -1 -1 -1 -1 1 -1 5 6 
143 0 -6.3627 -8.22341 0.0057508 -4.963 -8.7627 -7.7624 -7.68413 -1 -1 -1 -1 1 -1 5 6 
25 1 -8.56668 -4.95808 1.51782 -9.79296 -5.82194 -7.3404 -4.09423 -1 -1 -1 0 2 5 6 7 
45 1 -8.5159 -3.25195 1.63561 -9.85678 -3.92429 -7.17503 -2.5796 -1 -1 -1 0 2 5 6 7 
46 1 -8.41286 -2.71068 1.51621 -9.83524 -3.18695 -6.99047 -2.23441 -1 -1 -1 0 2 5 6 7 
65 1 -6.37043 -3.37905 1.50376 -7.58969 -4.25278 -5.15118 -2.50531 -1 -1 -1 0 2 5 6 7 
24 1 -8.34529 -3.96472 1.49928 -9.82069 -4.2353 -6.8699 -3.69415 -1 -1 -1 0 2 5 6 7 
44 1 -7.5346 -5.25324 1.57057 -8.85392 -5.96696 -6.21528 -4.53951 -1 -1 -1 0 2 5 6 7 
43 1 -8.71344 -5.18487 1.57954 -9.98537 -5.97998 -7.44152 -4.38976 -1 -1 -1 0 2 5 6 7 
47 1 -6.33358 -2.63485 1.60654 -7.61024 -3.42234 -5.05692 -1.84737 -1 -1 -1 0 2 5 6 7 
27 1 -8.26424 -2.37991 1.51453 -9.65989 -2.92959 -6.86858 -1.83024 -1 -1 -1 0 2 5 6 7 
64 1 -6.33574 -5.87579 1.58821 -7.80217 -6.19135 -4.8693 -5.56023 -1 -1 -1 0 2 5 6 7 
30 2 -8.81154 -0.81208 1.53668 -9.54642 -2.11973 -8.07666 0.495571 -1 -1 -1 1 3 6 7 8 
49 2 -7.95654 -0.556192 1.53819 -8.72893 -1.84205 -7.18416 0.729662 -1 -1 -1 1 3 6 7 8 
32 2 -8.30884 -0.539354 1.53486 -8.88439 -1.92454 -7.73328 0.845831 -1 -1 -1 1 3 6 7 8 
50 2 -7.11388 -0.143263 1.49607 -7.85052 -1.44992 -6.37724 1.1634 -1 -1 -1 1 3 6 7 8 
29 2 -8.95132 -0.0239828 1.57246 -9.66208 -1.3449 -8.24056 1.29694 -1 -1 -1 1 3 6 7 8 
111 2 -7.37958 -0.107513 1.54961 -8.15624 -1.39079 -6.60292 1.17576 -1 -1 -1 1 3 6 7 8 
26 2 -6.80284 -1.37177 1.57237 -8.15265 -2.026 -5.45304 -0.717536 -1 -1 -1 1 3 6 7 8 
51 2 -8.91971 1.40478 1.51942 -8.68564 2.8864 -9.15379 -0.0768459 -1 -1 -1 1 3 6 7 8 
86 2 -8.82397 -1.21329 1.65076 -9.54718 -2.52743 -8.10076 0.100848 -1 -1 -1 1 3 6 7 8 
127 2 -6.46574 -0.87886 1.60202 -7.80754 -1.54937 -5.12395 -0.208345 -1 -1 -1 1 3 6 7 8 
33 2 -9.15671 1.683 1.57137 -8.86079 3.15352 -9.45263 0.212476 -1 -1 -1 1 3 6 7 8 
48 2 -7.74227 -1.91597 1.65033 -9.14082 -2.45823 -6.34371 -1.37372 -1 -1 -1 1 3 6 7 8 
69 2 -6.09915 -1.56213 1.65286 -7.56182 -1.89466 -4.63647 -1.22959 -1 -1 -1 1 3 6 7 8 
54 3 -6.45493 4.13155 1.57851 -7.78573 4.82363 -5.12414 3.43946 -1 -1 -1 2 4 7 8 9 
56 3 -9.00289 4.68911 1.5693 -8.75079 6.16777 -9.25499 3.21045 -1 -1 -1 2 4 7 8 9 
37 3 -6.4722 3.05234 1.66868 -7.83723 3.67418 -5.10717 2.4305 -1 -1 -1 2 4 7 8 9 
92 3 -9.58723 4.03624 1.59747 -9.95529 2.5821 -9.21918 5.49039 -1 -1 -1 2 4 7 8 9 
36 3 -7.88085 5.56847 1.51514 -9.11049 6.42754 -6.65122 4.7094 -1 -1 -1 2 4 7 8 9 
52 3 -9.35687 2.24762 1.65249 -9.32576 3.7473 -9.38798 0.747941 -1 -1 -1 2 4 7 8 9 
151 3 -6.77832 3.52105 1.51143 -8.10332 4.22418 -5.45333 2.81792 -1 -1 -1 2 4 7 8 9 
53 3 -7.23024 4.93772 1.64356 -8.51505 5.71184 -5.94542 4.16361 -1 -1 -1 2 4 7 8 9 
31 3 -6.14654 3.32338 1.64665 -7.46592 4.037 -4.82717 2.60977 -1 -1 -1 2 4 7 8 9 
94 3 -7.30303 5.56375 1.49327 -8.59852 6.31986 -6.00753 4.80765 -1 -1 -1 2 4 7 8 9 
109 3 -8.28672 2.09115 1.54238 -8.63684 3.54971 -7.93659 0.632584 -1 -1 -1 2 4 7 8 9 
71 3 -6.38392 2.00746 1.61523 -4.97438 1.49443 -7.79346 2.52049 -1 -1 -1 2 4 7 8 9 
55 3 -7.781 5.9139 1.65656 -9.11434 6.60108 -6.44767 5.22672 -1 -1 -1 2 4 7 8 9 
38 4 -7.73335 8.31305 1.66868 -9.19582 7.97962 -6.27087 8.64649 -1 -1 -1 3 -1 8 9 -1 
57 4 -8.24606 7.65378 1.5693 -9.70512 8.00186 -6.78701 7.30571 -1 -1 -1 3 -1 8 9 -1 
58 4 -8.02529 9.28256 -0.0321181 -6.52933 9.39259 -9.52125 9.17254 -1 -1 -1 3 -1 8 9 -1 
77 4 -7.08662 8.53589 0.0753746 -8.55193 8.21517 -5.6213 8.85662 -1 -1 -1 3 -1 8 9 -1 
93 4 -8.11128 6.3143 1.57299 -9.38669 7.10382 -6.83588 5.52478 -1 -1 -1 3 -1 8 9 -1 
75 4 -7.1487 6.40859 1.66739 -8.06856 7.59343 -6.22884 5.22374 -1 -1 -1 3 -1 8 9 -1 
35 4 -9.75631 6.48545 1.57487 -9.65165 7.98179 -9.86097 4.9891 -1 -1 -1 3 -1 8 9 -1 
76 4 -7.62195 6.16113 1.66739 -8.85271 7.01857 -6.39118 5.30368 -1 -1 -1 3 -1 8 9 -1 
82 5 -3.17062 -9.16361 -0.0667708 -1.8012 -9.77574 -4.54003 -8.55148 -1 0 1 -1 6 -1 10 11 
121 5 -2.99003 -7.97684 0.00172069 -1.58549 -8.50341 -4.39457 -7.45027 -1 0 1 -1 6 -1 10 11 
184 5 -2.38866 -8.43193 0.0666466 -1.00042 -9.00009 -3.77689 -7.86378 -1 0 1 -1 6 -1 10 11 
83 5 -4.15313 -6.88254 -0.0484298 -2.74561 -6.36401 -5.56065 -7.40108 -1 0 1 -1 6 -1 10 11 
81 5 -4.44226 -8.88086 0.0762549 -3.2073 -9.73226 -5.67722 -8.02947 -1 0 1 -1 6 -1 10 11 
202 5 -2.51464 -8.76697 -0.0198541 -3.80317 -7.99905 -1.22611 -9.53488 -1 0 1 -1 6 -1 10 11 
42 5 -4.78406 -7.84502 -0.0685787 -3.34691 -8.27465 -6.22122 -7.41539 -1 0 1 -1 6 -1 10 11 
63 5 -5.92309 -7.25238 -0.0838541 -4.44908 -6.97436 -7.3971 -7.5304 -1 0 1 -1 6 -1 10 11 
84 6 -5.23091 -4.25015 -0.0484298 -3.82718 -3.72142 -6.63463 -4.77888 0 1 2 5 7 10 11 12 
105 6 -4.04066 -4.09691 -0.0464703 -2.93314 -3.08527 -5.14818 -5.10854 0 1 2 5 7 10 11 12 
126 6 -3.84679 -4.37003 -0.0866852 -2.73894 -3.35876 -4.95464 -5.3813 0 1 2 5 7 10 11 12 
103 6 -4.24443 -3.41447 -0.00949416 -3.00933 -2.56328 -5.47953 -4.26566 0 1 2 5 7 10 11 12 
108 6 -3.56862 -2.71395 1.57308 -4.68451 -3.71635 -2.45274 -1.71155 0 1 2 5 7 10 11 12 
167 6 -5.35017 -3.65286 -0.00214141 -4.06044 -2.88697 -6.6399 -4.41875 0 1 2 5 7 10 11 12 
123 6 -3.15735 -5.72133 -0.0113081 -1.65751 -5.69958 -4.6572 -5.74308 0 1 2 5 7 10 11 12 
189 6 -2.15668 -3.03099 0.0938717 -1.17961 -1.89286 -3.13374 -4.16912 0 1 2 5 7 10 11 12 
148 6 -2.90934 -2.66738 1.53451 -4.0666 -3.62172 -1.75209 -1.71305 0 1 2 5 7 10 11 12 
23 6 -4.03369 -4.83779 1.50767 -5.30727 -5.63026 -2.76012 -4.04533 0 1 2 5 7 10 11 12 
207 6 -2.56586 -4.22403 0.0828931 -1.96309 -2.85047 -3.16864 -5.59758 0 1 2 5 7 10 11 12 
28 6 -5.82984 -2.1755 1.47188 -7.05363 -3.04287 -4.60605 -1.30813 0 1 2 5 7 10 11 12 
124 6 -5.64859 -4.6381 -0.0693766 -4.23694 -4.13089 -7.06023 -5.14532 0 1 2 5 7 10 11 12 
68 6 -3.65427 -2.19441 1.59126 -4.78011 -3.18562 -2.52844 -1.2032 0 1 2 5 7 10 11 12 
106 6 -5.79073 -4.05994 1.52942 -7.07845 -4.82921 -4.50301 -3.29066 0 1 2 5 7 10 11 12 
168 6 -3.6735 -2.06292 -0.00214141 -2.5558 -1.06255 -4.7912 -3.06329 0 1 2 5 7 10 11 12 
66 6 -5.14568 -2.13783 1.61439 -6.49539 -2.79226 -3.79597 -1.4834 0 1 2 5 7 10 11 12 
169 6 -4.43225 -2.09504 1.58895 -5.52182 -3.12598 -3.34268 -1.0641 0 1 2 5 7 10 11 12 
104 6 -4.86914 -5.78562 -0.0464703 -3.68843 -4.86045 -6.04984 -6.71079 0 1 2 5 7 10 11 12 
102 6 -3.11131 -5.9951 -0.0897456 -1.63147 -6.24017 -4.59116 -5.75003 0 1 2 5 7 10 11 12 
89 7 -4.40107 -0.194242 1.5963 -5.80509 -0.722194 -2.99705 0.333709 1 2 3 6 8 11 12 13 
110 7 -4.93435 -0.0293452 1.47668 -6.38149 -0.424023 -3.4872 0.365333 1 2 3 6 8 11 12 13 
129 7 -3.43788 -0.747649 1.47294 -4.72812 -1.51269 -2.14764 0.0173941 1 2 3 6 8 11 12 13 
130 7 -5.22046 1.66108 1.60474 -6.62989 2.17441 -3.81103 1.14774 1 2 3 6 8 11 12 13 
131 7 -3.51215 -0.502592 1.51604 -4.80641 -1.26081 -2.21789 0.255622 1 2 3 6 8 11 12 13 
67 7 -5.10867 -0.778648 1.63243 -6.50141 -1.33569 -3.71594 -0.221602 1 2 3 6 8 11 12 13 
107 7 -4.99113 -1.06532 1.55838 -6.3975 -1.58698 -3.58476 -0.543654 1 2 3 6 8 11 12 13 
88 7 -4.46565 0.274487 1.52721 -5.93669 -0.0188539 -2.99462 0.567827 1 2 3 6 8 11 12 13 
91 7 -3.89044 0.674942 1.57205 -5.36438 0.396567 -2.4165 0.953318 1 2 3 6 8 11 12 13 
90 7 -4.63815 1.18652 1.62689 -6.13339 1.30596 -3.14292 1.06708 1 2 3 6 8 11 12 13 
85 7 -3.24427 -0.907256 1.60699 -4.48451 -1.75095 -2.00404 -0.0635605 1 2 3 6 8 11 12 13 
132 7 -2.76656 1.35412 1.59233 -4.21401 1.74769 -1.31912 0.960546 1 2 3 6 8 11 12 13 
70 7 -4.82935 -0.8989 1.57811 -6.20002 -1.50822 -3.45868 -0.289577 1 2 3 6 8 11 12 13 
128 7 -2.73914 0.723447 1.5358 -4.22983 0.556589 -1.24845 0.890305 1 2 3 6 8 11 12 13 
34 7 -4.92606 1.70462 1.53506 -6.32606 2.24314 -3.52606 1.16611 1 2 3 6 8 11 12 13 
147 7 -3.03634 -0.598648 -0.0290627 -1.75986 0.189135 -4.31282 -1.38643 1 2 3 6 8 11 12 13 
87 7 -5.68604 -1.90939 1.62448 -6.96169 -2.69852 -4.41039 -1.12027 1 2 3 6 8 11 12 13 
95 8 -3.84794 3.22916 1.49327 -5.14963 3.97455 -2.54625 2.48377 2 3 4 7 9 12 13 14 
72 8 -2.97335 4.31099 1.58781 -3.30032 5.77492 -2.64637 2.84706 2 3 4 7 9 12 13 14 
149 8 -5.06541 4.91314 1.54739 -6.16737 5.93082 -3.96345 3.89545 2 3 4 7 9 12 13 14 
153 8 -2.34867 4.03765 0.0944598 -2.22232 5.53232 -2.47502 2.54298 2 3 4 7 9 12 13 14 
114 8 -4.53342 5.42109 1.61256 -5.52047 6.55058 -3.54637 4.29161 2 3 4 7 9 12 13 14 
74 8 -3.52665 2.63747 1.64626 -4.8326 3.37537 -2.22071 1.89956 2 3 4 7 9 12 13 14 
115 8 -4.27242 4.55873 0.0241251 -4.99169 5.87503 -3.55315 3.24243 2 3 4 7 9 12 13 14 
212 8 -2.76945 4.08946 0.0451745 -2.98859 5.57337 -2.55032 2.60555 2 3 4 7 9 12 13 14 
112 8 -4.39646 2.32354 1.63237 -5.81087 2.823 -2.98206 1.82408 2 3 4 7 9 12 13 14 
113 8 -4.57799 2.04434 1.61256 -6.03631 2.39551 -3.11968 1.69317 2 3 4 7 9 12 13 14 
117 9 -2.91319 7.83301 -0.0258068 -2.50614 9.27673 -3.32024 6.3893 3 4 -1 8 -1 13 14 -1 
96 9 -3.76285 6.95881 -0.0364301 -3.30289 8.38655 -4.22281 5.53108 3 4 -1 8 -1 13 14 -1 
155 9 -2.53905 7.40768 0.0708671 -2.17187 8.86204 -2.90624 5.95331 3 4 -1 8 -1 13 14 -1 
158 9 -2.64279 9.82442 0.08265 -4.13838 9.70944 -1.14721 9.9394 3 4 -1 8 -1 13 14 -1 
97 9 -4.13424 7.60593 0.0814642 -4.15744 9.10575 -4.11105 6.10611 3 4 -1 8 -1 13 14 -1 
134 9 -5.39158 6.91547 -0.033627 -4.43088 8.06745 -6.35228 5.76349 3 4 -1 8 -1 13 14 -1 
98 9 -4.83408 9.30565 0.0357864 -6.32732 9.44791 -3.34084 9.16339 3 4 -1 8 -1 13 14 -1 
116 9 -2.72171 7.11472 0.0688266 -2.43757 8.58756 -3.00585 5.64187 3 4 -1 8 -1 13 14 -1 
173 9 -3.15553 6.90435 0.0946512 -2.72466 8.34114 -3.58641 5.46757 3 4 -1 8 -1 13 14 -1 
118 9 -5.69466 9.71691 -0.0705271 -7.19466 9.71688 -4.19466 9.71693 3 4 -1 8 -1 13 14 -1 
78 9 -5.45595 7.20043 0.0219834 -4.36351 8.22832 -6.54839 6.17253 3 4 -1 8 -1 13 14 -1 
135 9 -2.22122 8.23543 -0.0784199 -1.82075 9.68099 -2.62168 6.78988 3 4 -1 8 -1 13 14 -1 
137 9 -2.5545 6.17622 0.027191 -2.25114 7.64523 -2.85787 4.70722 3 4 -1 8 -1 13 14 -1 
138 9 -2.0942 7.23269 -0.00256941 -2.00821 8.73022 -2.18019 5.73516 3 4 -1 8 -1 13 14 -1 
182 10 1.16471 -9.75846 -0.0612134 -0.324745 -9.58092 2.65417 -9.93599 -1 5 6 -1 11 -1 15 16 
145 10 -1.69105 -6.70892 0.00575202 -3.0836 -6.15142 -0.298504 -7.26642 -1 5 6 -1 11 -1 15 16 
146 10 0.0669145 -6.28263 -0.0290627 -0.187301 -4.80433 0.32113 -7.76093 -1 5 6 -1 11 -1 15 16 
221 10 0.294357 -6.94125 -0.0620778 0.0389255 -5.46316 0.549789 -8.41935 -1 5 6 -1 11 -1 15 16 
186 10 1.33156 -7.71695 0.0781129 0.396501 -6.54407 2.26662 -8.88984 -1 5 6 -1 11 -1 15 16 
185 10 1.82512 -6.29578 -0.0540477 0.799959 -5.20077 2.85027 -7.3908 -1 5 6 -1 11 -1 15 16 
142 10 -1.72982 -8.86024 -0.0336728 -0.393113 -9.54083 -3.06654 -8.17965 -1 5 6 -1 11 -1 15 16 
261 10 0.564524 -7.81701 0.0248666 0.261335 -6.34797 0.867713 -9.28605 -1 5 6 -1 11 -1 15 16 
163 10 -1.11198 -7.81261 0.000652872 -2.03521 -6.6304 -0.188742 -8.99483 -1 5 6 -1 11 -1 15 16 
204 10 -1.68384 -8.2356 0.0898347 -2.85474 -7.29804 -0.512952 -9.17316 -1 5 6 -1 11 -1 15 16 
141 10 0.146445 -6.46024 -0.0153654 -0.132422 -4.98639 0.425312 -7.93409 -1 5 6 -1 11 -1 15 16 
165 10 -0.704344 -6.09135 -0.0187441 -1.2621 -4.6989 -0.146585 -7.48379 -1 5 6 -1 11 -1 15 16 
181 10 1.98137 -7.9469 0.0295419 1.30114 -6.61 2.66159 -9.28379 -1 5 6 -1 11 -1 15 16 
161 10 -1.96699 -9.00121 -0.0377534 -0.651989 -9.72286 -3.28198 -8.27955 -1 5 6 -1 11 -1 15 16 
187 11 -0.340362 -3.51803 -0.0401799 -0.760273 -2.07801 0.0795489 -4.95806 5 6 7 10 12 15 16 17 
226 11 1.42376 -5.26267 -0.0370219 0.436853 -4.13307 2.41068 -6.39228 5 6 7 10 12 15 16 17 
166 11 -0.0107645 -2.64781 0.0316722 -0.280542 -1.17227 0.259013 -4.12335 5 6 7 10 12 15 16 17 
227 11 0.877254 -4.92848 0.08476 -0.0974425 -3.78832 1.85195 -6.06864 5 6 7 10 12 15 16 17 
203 11 1.09654 -4.08984 0.0986814 0.232588 -2.86363 1.96049 -5.31605 5 6 7 10 12 15 16 17 
208 11 1.34354 -2.28712 0.0886768 0.338565 -1.17356 2.34852 -3.40069 5 6 7 10 12 15 16 17 
171 11 1.10887 -3.28361 1.62101 2.02626 -4.47036 0.191473 -2.09685 5 6 7 10 12 15 16 17 
183 11 -0.640682 -5.49508 0.0928546 -0.997486 -4.03813 -0.283878 -6.95202 5 6 7 10 12 15 16 17 
162 11 0.166383 -5.45667 0.045501 -0.372626 -4.05686 0.705391 -6.85648 5 6 7 10 12 15 16 17 
122 11 -1.27633 -4.74936 0.0960758 -1.59262 -3.28309 -0.960038 -6.21564 5 6 7 10 12 15 16 17 
144 11 -1.54492 -4.17036 0.0588998 -1.74777 -2.68414 -1.34207 -5.65658 5 6 7 10 12 15 16 17 
264 11 1.20053 -4.81331 0.00277262 0.20921 -3.68757 2.19184 -5.93905 5 6 7 10 12 15 16 17 
164 11 -1.63122 -5.07036 0.0663293 -2.13338 -3.65691 -1.12906 -6.4838 5 6 7 10 12 15 16 17 
125 11 -1.79675 -2.16882 -0.0866852 -0.690459 -1.15584 -2.90304 -3.18179 5 6 7 10 12 15 16 17 
246 11 1.18875 -2.64933 0.0105635 0.248844 -1.48032 2.12866 -3.81833 5 6 7 10 12 15 16 17 
205 11 0.790056 -5.89972 -0.0835163 0.122097 -4.55665 1.45802 -7.24279 5 6 7 10 12 15 16 17 
241 11 -0.422418 -5.96332 -0.00257303 -0.829624 -4.51965 -0.0152124 -7.40699 5 6 7 10 12 15 16 17 
206 11 0.579651 -5.97999 -0.08235 0.0242256 -4.58661 1.13508 -7.37337 5 6 7 10 12 15 16 17 
190 12 -0.227604 1.74834 0.0938717 -1.24631 2.84935 0.791102 0.647319 6 7 8 11 13 16 17 18 
211 12 1.30492 -0.697559 0.0146525 0.0641243 0.145302 2.54573 -1.54042 6 7 8 11 13 16 17 18 
229 12 0.919071 -0.879318 1.56342 1.93077 -1.98677 -0.0926301 0.228139 6 7 8 11 13 16 17 18 
210 12 0.253428 0.456309 0.0886768 -0.774349 1.54886 1.2812 -0.636245 6 7 8 11 13 16 17 18 
133 12 0.530377 -1.23131 1.59233 -0.688878 -0.357575 1.74963 -2.10505 6 7 8 11 13 16 17 18 
230 12 0.895755 -1.09837 1.61476 -0.146923 -0.0200254 1.93843 -2.17671 6 7 8 11 13 16 17 18 
170 12 -0.915496 -0.23139 1.62101 -1.30199 1.21796 -0.529007 -1.68074 6 7 8 11 13 16 17 18 
150 12 -0.603975 -0.983194 1.5108 -0.828387 0.499924 -0.379564 -2.46631 6 7 8 11 13 16 17 18 
194 12 -0.443066 1.62081 0.0518072 -1.44037 2.74125 0.55424 0.500371 6 7 8 11 13 16 17 18 
73 12 0.124955 0.914267 1.49962 -0.849457 2.05467 1.09937 -0.226137 6 7 8 11 13 16 17 18 
172 12 -0.719817 1.03492 0.080962 -1.42685 2.35783 -0.0127795 -0.287992 6 7 8 11 13 16 17 18 
188 12 0.227597 -1.61371 0.0938717 -0.682064 -0.421019 1.13726 -2.8064 6 7 8 11 13 16 17 18 
209 12 -0.0854012 1.83855 0.0886768 -1.00874 3.02068 0.837941 0.656415 6 7 8 11 13 16 17 18 
193 12 -1.56564 1.98778 0.0866947 -2.30013 3.29565 -0.831145 0.679915 6 7 8 11 13 16 17 18 
195 13 0.304493 4.82844 -0.0966908 0.183257 6.32353 0.425729 3.33334 7 8 9 12 14 17 18 19 
215 13 -1.42423 5.69784 -0.0463609 -1.29802 7.19252 -1.55045 4.20316 7 8 9 12 14 17 18 19 
196 13 0.295787 2.16897 -0.0214127 -0.716997 3.27543 1.30857 1.0625 7 8 9 12 14 17 18 19 
273 13 1.03994 5.77607 1.63076 1.14356 4.27966 0.936315 7.27249 7 8 9 12 14 17 18 19 
252 13 0.267545 2.86095 1.54105 -0.816343 3.89786 1.35143 1.82404 7 8 9 12 14 17 18 19 
253 13 -0.0429047 5.52861 -0.0652644 -0.195099 7.02086 0.109289 4.03635 7 8 9 12 14 17 18 19 
213 13 -1.29946 4.22534 0.0189033 -1.09084 5.71076 -1.50808 2.73992 7 8 9 12 14 17 18 19 
174 13 -1.60958 5.49908 -0.0158582 -1.66019 6.99823 -1.55897 3.99994 7 8 9 12 14 17 18 19 
191 13 -0.00613863 2.01014 -0.0803081 -0.888748 3.22299 0.876471 0.797294 7 8 9 12 14 17 18 19 
198 13 -1.84431 5.69238 -0.0460039 -1.71689 7.18696 -1.97173 4.1978 7 8 9 12 14 17 18 19 
216 13 0.588965 5.98836 -0.00681139 0.453664 7.48225 0.724265 4.49448 7 8 9 12 14 17 18 19 
277 13 1.29355 5.95701 -0.0597183 1.21736 7.45508 1.36974 4.45895 7 8 9 12 14 17 18 19 
233 13 -0.199889 5.91894 0.0984411 -0.245437 7.41825 -0.154341 4.41963 7 8 9 12 14 17 18 19 
217 14 -1.25205 7.38617 0.0193853 -1.48573 8.86786 -1.01836 5.90448 8 9 -1 13 -1 18 19 -1 
218 14 -0.32747 7.65117 0.0219677 -0.874308 9.04794 0.219368 6.2544 8 9 -1 13 -1 18 19 -1 
236 14 0.379116 7.35386 0.0754502 0.272948 8.85009 0.485284 5.85762 8 9 -1 13 -1 18 19 -1 
176 14 -0.690347 7.48325 0.0439749 -0.910481 8.96701 -0.470214 5.99949 8 9 -1 13 -1 18 19 -1 
234 14 -1.53867 8.32885 0.0738822 -1.70025 9.82012 -1.3771 6.83758 8 9 -1 13 -1 18 19 -1 
175 14 -0.664683 6.64131 0.0185602 -0.846435 8.13026 -0.482932 5.15236 8 9 -1 13 -1 18 19 -1 
237 14 0.419052 7.71588 0.0560184 0.367771 9.21501 0.470334 6.21676 8 9 -1 13 -1 18 19 -1 
214 14 0.817646 8.36496 -0.0575552 0.829545 9.86491 0.805747 6.86501 8 9 -1 13 -1 18 19 -1 
255 14 0.262483 7.04814 -0.00311797 0.0595838 8.53436 0.465383 5.56193 8 9 -1 13 -1 18 19 -1 
238 14 1.00199 7.47702 -0.0677189 0.859936 8.97028 1.14404 5.98376 8 9 -1 13 -1 18 19 -1 
157 14 -1.67765 7.64792 0.0924511 -1.82638 9.14053 -1.52892 6.15531 8 9 -1 13 -1 18 19 -1 
177 14 -0.728479 6.8226 0.0410186 -0.884716 8.31444 -0.572242 5.33076 8 9 -1 13 -1 18 19 -1 
178 14 -1.32802 7.65841 0.0681749 -1.53793 9.14365 -1.11812 6.17317 8 9 -1 13 -1 18 19 -1 
197 14 -1.70084 6.62562 -0.0313854 -1.72704 8.12539 -1.67463 5.12585 8 9 -1 13 -1 18 19 -1 
154 14 -0.828299 6.32933 -0.0763312 -1.07905 7.80823 -0.577549 4.85044 8 9 -1 13 -1 18 19 -1 
317 14 1.97445 8.65299 0.0721344 2.91753 7.48654 1.03138 9.81945 8 9 -1 13 -1 18 19 -1 
156 14 -0.911723 6.22608 0.0322909 -1.19189 7.69968 -0.631556 4.75248 8 9 -1 13 -1 18 19 -1 
257 14 1.53725 7.14865 -0.0370511 1.02024 8.55674 2.05425 5.74057 8 9 -1 13 -1 18 19 -1 
235 14 -0.566961 6.07447 -0.0355828 -0.767378 7.56102 -0.366544 4.58792 8 9 -1 13 -1 18 19 -1 
136 14 -1.96963 7.12431 -0.00985311 -1.93345 8.62387 -2.0058 5.62474 8 9 -1 13 -1 18 19 -1 
302 15 4.75835 -9.27518 -0.0541769 3.33518 -8.80127 6.18152 -9.74909 -1 10 11 -1 16 -1 20 21 
243 15 4.45716 -8.05856 -0.00534277 3.08184 -7.45982 5.83248 -8.65729 -1 10 11 -1 16 -1 20 21 
285 15 4.43914 -8.7343 -0.043355 5.83162 -9.29196 3.04665 -8.17664 -1 10 11 -1 16 -1 20 21 
223 15 2.25127 -6.92037 -0.0611452 1.29385 -5.76566 3.20869 -8.07507 -1 10 11 -1 16 -1 20 21 
228 15 3.47222 -7.36475 0.08476 2.17801 -6.60644 4.76642 -8.12307 -1 10 11 -1 16 -1 20 21 
201 15 2.70942 -8.21299 -0.0121466 1.94888 -6.92009 3.46996 -9.50588 -1 10 11 -1 16 -1 20 21 
322 15 5.55129 -7.81871 0.017917 4.61583 -6.64615 6.48676 -8.99127 -1 10 11 -1 16 -1 20 21 
263 15 4.97761 -6.12593 0.0564466 4.10539 -4.90559 5.84983 -7.34628 -1 10 11 -1 16 -1 20 21 
225 15 2.17409 -7.51752 -0.0243093 1.40759 -6.22815 2.94059 -8.8069 -1 10 11 -1 16 -1 20 21 
281 15 5.76856 -6.12886 0.0213392 4.81262 -4.97292 6.72449 -7.28479 -1 10 11 -1 16 -1 20 21 
244 15 2.06755 -6.99208 0.0983097 1.1462 -5.80839 2.98889 -8.17578 -1 10 11 -1 16 -1 20 21 
245 16 4.99943 -4.82247 -0.0212704 3.77266 -3.95932 6.2262 -5.68562 10 11 12 15 17 20 21 22 
286 16 4.18006 -4.85272 1.62525 3.17018 -3.7436 5.18993 -5.96184 10 11 12 15 17 20 21 22 
283 16 2.71977 -2.21688 0.0836279 1.57627 -1.24611 3.86327 -3.18766 10 11 12 15 17 20 21 22 
282 16 2.732 -4.54181 -0.0810843 1.78552 -3.37812 3.67848 -5.7055 10 11 12 15 17 20 21 22 
265 16 4.12198 -3.07342 -0.0801331 2.91963 -2.17656 5.32433 -3.97027 10 11 12 15 17 20 21 22 
248 16 3.28724 -2.97886 1.55798 2.21052 -1.93451 4.36397 -4.0232 10 11 12 15 17 20 21 22 
301 16 3.01405 -4.50829 -0.0896105 2.05502 -3.35492 3.97308 -5.66165 10 11 12 15 17 20 21 22 
326 16 5.21356 -2.88089 1.64329 4.49485 -1.56428 5.93228 -4.19749 10 11 12 15 17 20 21 22 
303 16 5.25078 -4.00204 0.0786674 4.07044 -3.07641 6.43111 -4.92768 10 11 12 15 17 20 21 22 
307 16 5.57646 -3.06573 1.47786 4.71701 -1.83636 6.43591 -4.29509 10 11 12 15 17 20 21 22 
266 16 2.59619 -4.52499 -0.0801331 1.70305 -3.31987 3.48933 -5.73011 10 11 12 15 17 20 21 22 
222 16 2.25784 -5.39959 -0.0374866 1.38956 -4.17643 3.12611 -6.62274 10 11 12 15 17 20 21 22 
284 16 2.71661 -5.56913 -0.043355 1.94234 -4.28441 3.49089 -6.85384 10 11 12 15 17 20 21 22 
242 16 2.22404 -5.68051 -0.00484941 1.44865 -4.39647 2.99944 -6.96455 10 11 12 15 17 20 21 22 
323 16 5.22891 -2.14375 0.017917 4.05522 -1.2097 6.4026 -3.0778 10 11 12 15 17 20 21 22 
247 16 2.14924 -4.55348 0.0105635 1.26226 -3.34383 3.03623 -5.76314 10 11 12 15 17 20 21 22 
224 16 2.35129 -4.52148 -0.0442809 1.35674 -3.3986 3.34585 -5.64436 10 11 12 15 17 20 21 22 
304 16 4.19295 -5.92121 0.0786674 3.26283 -4.74439 5.12306 -7.09802 10 11 12 15 17 20 21 22 
291 16 4.11907 -2.38129 1.5682 3.11105 -1.27049 5.1271 -3.49209 10 11 12 15 17 20 21 22 
268 17 5.5332 1.81095 1.57244 4.08122 1.43443 6.98518 2.18747 11 12 13 16 18 21 22 23 
289 17 3.85692 1.32269 1.47494 2.35836 1.25693 5.35548 1.38844 11 12 13 16 18 21 22 23 
330 17 4.99064 0.261833 1.4827 3.50404 0.461873 6.47725 0.0617941 11 12 13 16 18 21 22 23 
308 17 3.34696 -1.18495 1.55792 2.47737 0.0372723 4.21655 -2.40716 11 12 13 16 18 21 22 23 
270 17 3.37069 -1.71613 1.62258 2.41233 -0.562203 4.32905 -2.87006 11 12 13 16 18 21 22 23 
269 17 2.47908 0.980509 1.58036 0.986964 0.826962 3.9712 1.13406 11 12 13 16 18 21 22 23 
305 17 3.62862 -1.12187 1.52065 2.61421 -0.0168924 4.64304 -2.22684 11 12 13 16 18 21 22 23 
192 17 3.72206 -0.481188 0.060257 2.51537 0.409823 4.92875 -1.3722 11 12 13 16 18 21 22 23 
249 17 3.53536 0.847282 1.49744 2.03544 0.831758 5.03528 0.862807 11 12 13 16 18 21 22 23 
287 17 4.6474 -0.273892 1.57435 3.18623 0.0652073 6.10857 -0.612992 11 12 13 16 18 21 22 23 
250 17 3.93472 -1.39691 1.58442 2.89654 -0.314243 4.97291 -2.47958 11 12 13 16 18 21 22 23 
251 17 2.88806 1.55898 1.54105 1.50768 0.972001 4.26844 2.14596 11 12 13 16 18 21 22 23 
232 17 2.77716 1.63274 0.0536245 1.44016 0.952724 4.11416 2.31277 11 12 13 16 18 21 22 23 
310 17 3.83729 1.65356 1.66042 2.37718 1.30994 5.2974 1.99719 11 12 13 16 18 21 22 23 
152 17 2.22832 -0.714242 1.51143 1.20299 0.380608 3.25365 -1.80909 11 12 13 16 18 21 22 23 
333 17 5.03177 1.81569 1.58287 3.56513 1.50114 6.49842 2.13023 11 12 13 16 18 21 22 23 
328 17 3.41453 -1.66977 1.57454 2.46637 -0.507451 4.36269 -2.83209 11 12 13 16 18 21 22 23 
231 17 2.36823 -0.243795 1.61476 1.34549 0.853472 3.39097 -1.34106 11 12 13 16 18 21 22 23 
294 18 2.8622 5.12613 1.6695 1.98343 3.9105 3.74097 6.34176 12 13 14 17 19 22 23 24 
290 18 3.41831 2.39698 1.62067 2.25792 1.44646 4.5787 3.34751 12 13 14 17 19 22 23 24 
334 18 5.32728 4.57394 1.49321 4.14782 3.64719 6.50675 5.50069 12 13 14 17 19 22 23 24 
293 18 3.43742 3.74715 1.6695 2.05003 3.17692 4.82481 4.31737 12 13 14 17 19 22 23 24 
272 18 4.09387 3.42479 1.63076 2.61513 3.17316 5.57261 3.67643 12 13 14 17 19 22 23 24 
353 18 5.52599 2.05758 1.56506 4.0856 1.63892 6.96638 2.47624 12 13 14 17 19 22 23 24 
314 18 4.08346 5.06371 1.52025 3.21901 3.83785 4.94791 6.28956 12 13 14 17 19 22 23 24 
335 18 5.42852 4.2277 1.56548 4.08477 3.56112 6.77228 4.89428 12 13 14 17 19 22 23 24 
354 18 2.43956 4.93593 1.65873 1.7396 3.60926 3.13952 6.26261 12 13 14 17 19 22 23 24 
275 18 2.19726 5.98646 -0.0896766 2.42819 7.46858 1.96634 4.50434 12 13 14 17 19 22 23 24 
254 18 2.08069 5.84231 0.0939474 2.36461 7.3152 1.79678 4.36943 12 13 14 17 19 22 23 24 
311 18 3.91305 2.06403 1.63968 2.54127 1.45722 5.28483 2.67085 12 13 14 17 19 22 23 24 
312 18 2.43396 2.102 1.55215 1.32672 1.09005 3.54119 3.11394 12 13 14 17 19 22 23 24 
278 19 3.01887 9.58214 -0.0548573 4.51473 9.47075 1.52302 9.69354 13 14 -1 18 -1 23 24 -1 
296 19 4.40385 9.04727 -0.0642139 5.90159 8.96491 2.90612 9.12962 13 14 -1 18 -1 23 24 -1 
298 19 2.3414 9.75677 -0.0538784 3.83252 9.5938 0.850283 9.91975 13 14 -1 18 -1 23 24 -1 
258 19 4.07313 9.14856 0.03131 5.5731 9.13992 2.57315 9.1572 13 14 -1 18 -1 23 24 -1 
276 19 3.20674 6.84171 0.0647429 4.18201 7.98139 2.23147 5.70204 13 14 -1 18 -1 23 24 -1 
256 19 4.6811 7.16109 0.024088 6.05378 7.76587 3.30843 6.5563 13 14 -1 18 -1 23 24 -1 
316 19 4.07798 6.01969 -0.0655887 4.9487 7.2411 3.20726 4.79828 13 14 -1 18 -1 23 24 -1 
297 19 2.64952 8.87337 0.0840942 3.97815 8.17712 1.3209 9.56961 13 14 -1 18 -1 23 24 -1 
318 19 5.78544 9.52322 0.0769724 7.28393 9.4559 4.28695 9.59053 13 14 -1 18 -1 23 24 -1 
321 20 7.27923 -9.70747 0.00346954 5.78626 -9.56242 8.7722 -9.85251 -1 15 16 -1 21 -1 -1 -1 
341 20 6.95129 -9.39857 -0.0266753 5.4522 -9.34608 8.45037 -9.45107 -1 15 16 -1 21 -1 -1 -1 
343 20 8.50312 -8.04688 1.58283 7.64485 -6.81669 9.3614 -9.27707 -1 15 16 -1 21 -1 -1 -1 
361 20 6.34257 -6.40746 0.0685141 5.2244 -5.40761 7.46073 -7.40731 -1 15 16 -1 21 -1 -1 -1 
362 20 9.01211 -6.47933 1.61243 8.15416 -5.24891 9.87005 -7.70975 -1 15 16 -1 21 -1 -1 -1 
262 20 7.0242 -8.0948 -0.0512347 5.74596 -7.30988 8.30244 -8.87972 -1 15 16 -1 21 -1 -1 -1 
324 20 7.09155 -7.52 1.52854 6.1212 -6.37614 8.0619 -8.66386 -1 15 16 -1 21 -1 -1 -1 
365 21 9.68914 -2.75394 1.61639 9.74312 -1.25491 9.63517 -4.25297 15 16 17 20 22 -1 -1 -1 
366 21 8.18525 -2.32572 1.59963 7.58643 -0.950437 8.78407 -3.70101 15 16 17 20 22 -1 -1 -1 
306 21 7.09348 -5.0999 1.66258 6.08056 -3.99356 8.1064 -6.20624 15 16 17 20 22 -1 -1 -1 
327 21 8.32313 -4.48955 1.48248 7.54882 -3.20486 9.09744 -5.77425 15 16 17 20 22 -1 -1 -1 
367 21 9.86567 -3.59931 1.47839 9.97856 -2.10356 9.75279 -5.09505 15 16 17 20 22 -1 -1 -1 
346 21 9.82857 -4.50675 1.57554 9.97709 -3.01412 9.68005 -5.99938 15 16 17 20 22 -1 -1 -1 
342 21 8.71223 -4.56025 -0.0266753 8.15588 -3.16724 9.26857 -5.95326 15 16 17 20 22 -1 -1 -1 
288 21 6.07471 -2.42172 1.54623 5.31898 -1.126 6.83044 -3.71743 15 16 17 20 22 -1 -1 -1 
364 21 9.53772 -4.89031 1.6272 9.45965 -3.39234 9.61578 -6.38827 15 16 17 20 22 -1 -1 -1 
345 21 6.6609 -2.32901 1.54214 6.26699 -0.881654 7.05481 -3.77636 15 16 17 20 22 -1 -1 -1 
344 21 6.51182 -4.57792 1.5878 5.61037 -3.37901 7.41328 -5.77683 15 16 17 20 22 -1 -1 -1 
325 21 8.00357 -2.73528 1.49129 7.59891 -1.2909 8.40824 -4.17967 15 16 17 20 22 -1 -1 -1 
267 21 6.07427 -3.42725 1.47404 5.24094 -2.18003 6.90761 -4.67446 15 16 17 20 22 -1 -1 -1 
348 21 9.47688 -2.27737 1.61413 9.56422 -0.779912 9.38955 -3.77482 15 16 17 20 22 -1 -1 -1 
329 21 8.97269 -2.75642 1.50539 8.78297 -1.26847 9.16241 -4.24438 15 16 17 20 22 -1 -1 -1 
363 21 6.45715 -5.79936 1.63109 5.21987 -4.95134 7.69444 -6.64738 15 16 17 20 22 -1 -1 -1 
349 22 7.76363 0.0105555 1.62199 9.26285 0.0589533 6.26441 -0.0378424 16 17 18 21 23 -1 -1 -1 
350 22 7.66085 0.829107 1.54919 9.12205 0.490131 6.19966 1.16808 16 17 18 21 23 -1 -1 -1 
351 22 7.17851 1.20399 1.5717 5.67956 1.26009 8.67746 1.14789 16 17 18 21 23 -1 -1 -1 
368 22 9.82418 -1.11403 1.67067 9.8869 0.384654 9.76146 -2.61272 16 17 18 21 23 -1 -1 -1 
271 22 6.93975 0.923909 1.61511 5.47046 1.22588 8.40904 0.621936 16 17 18 21 23 -1 -1 -1 
347 22 6.64187 -0.683282 1.50313 5.14193 -0.670128 8.14181 -0.696436 16 17 18 21 23 -1 -1 -1 
309 22 6.07739 0.639443 1.64993 4.61416 0.969516 7.54063 0.309371 16 17 18 21 23 -1 -1 -1 
372 22 7.59997 1.77527 1.51924 6.18038 1.29075 9.01956 2.2598 16 17 18 21 23 -1 -1 -1 
352 23 8.06888 4.49417 1.58557 9.32682 5.31123 6.81093 3.67711 17 18 19 22 24 -1 -1 -1 
376 23 8.10736 4.73021 1.61539 9.45513 5.38863 6.75959 4.07179 17 18 19 22 24 -1 -1 -1 
331 23 7.18272 4.91821 1.61035 5.94058 4.07732 8.42485 5.7591 17 18 19 22 24 -1 -1 -1 
374 23 8.24859 3.27421 1.64317 9.56475 3.99373 6.93242 2.55469 17 18 19 22 24 -1 -1 -1 
371 23 8.4344 2.16128 1.55579 6.98851 1.762 9.88028 2.56057 17 18 19 22 24 -1 -1 -1 
315 23 6.76905 5.48145 1.52025 5.5675 4.58352 7.97061 6.37937 17 18 19 22 24 -1 -1 -1 
357 23 7.50028 4.84631 1.6088 6.34856 3.88531 8.652 5.80732 17 18 19 22 24 -1 -1 -1 
370 23 6.226 2.64288 1.62503 4.86296 2.01669 7.58904 3.26907 17 18 19 22 24 -1 -1 -1 
369 23 8.19029 2.38148 1.504 6.72044 2.08221 9.66013 2.68075 17 18 19 22 24 -1 -1 -1 
358 23 7.15509 5.64736 -0.0262301 5.9119 4.80803 8.39828 6.48668 17 18 19 22 24 -1 -1 -1 
313 23 6.01829 4.42373 1.66995 4.71985 3.67269 7.31673 5.17477 17 18 19 22 24 -1 -1 -1 
332 23 6.01642 3.01656 1.47638 4.58184 2.57838 7.45099 3.45473 17 18 19 22 24 -1 -1 -1 
292 23 6.07075 3.5455 1.52951 4.74314 2.84732 7.39836 4.24368 17 18 19 22 24 -1 -1 -1 
377 24 9.92531 7.57388 1.61999 9.85257 6.07564 9.99805 9.07212 18 19 -1 23 -1 -1 -1 -1 
356 24 9.56539 7.76431 1.6088 9.14965 6.32308 9.98113 9.20555 18 19 -1 23 -1 -1 -1 -1 
337 24 7.59777 9.39575 -0.0754216 6.12313 9.12105 9.0724 9.67045 18 19 -1 23 -1 -1 -1 -1 
355 24 7.99356 7.12213 1.65228 7.00719 5.99204 8.97992 8.25221 18 19 -1 23 -1 -1 -1 -1 
373 24 9.09084 7.60813 1.55408 8.82768 6.1314 9.354 9.08487 18 19 -1 23 -1 -1 -1 -1 
338 24 6.76152 8.9456 0.0623159 8.2331 9.23617 5.28993 8.65503 18 19 -1 23 -1 -1 -1 -1 
375 24 8.22784 7.18709 1.58201 7.24953 6.05003 9.20615 8.32415 18 19 -1 23 -1 -1 -1 -1 
378 24 9.01833 8.6634 1.61999 8.103 7.47506 9.93366 9.85175 18 19 -1 23 -1 -1 -1 -1 
274 24 6.50074 7.37733 0.0303916 7.83685 8.0591 5.16464 6.69556 18 19 -1 23 -1 -1 -1 -1 
336 24 6.54592 6.6922 1.56548 5.26745 5.90766 7.82439 7.47674 18 19 -1 23 -1 -1 -1 -1 
295 24 6.53404 7.7529 -0.0909834 7.90334 8.36527 5.16474 7.14052 18 19 -1 23 -1 -1 -1 -1 
