21 0 -8.88877 -6.97345 -0.092345 -8.47351 -5.53207 -9.30403 -8.41482 -1 -1 -1 -1 1 -1 5 6 
42 0 -8.89675 -8.55359 -0.0685787 -8.24909 -7.20062 -9.5444 -9.90657 -1 -1 -1 -1 1 -1 5 6 
104 0 -8.67916 -7.66247 -0.0464703 -8.0301 -6.31017 -9.32822 -9.01477 -1 -1 -1 -1 1 -1 5 6 
124 0 -9.42834 -7.08146 -0.0693766 -9.15492 -5.60659 -9.70177 -8.55633 -1 -1 -1 -1 1 -1 5 6 
102 0 -7.99342 -8.34366 -0.0897456 -7.98381 -6.84369 -8.00303 -9.84363 -1 -1 -1 -1 1 -1 5 6 
43 0 -6.89676 -6.8127 1.57954 -7.2235 -8.27668 -6.57002 -5.34872 -1 -1 -1 -1 1 -1 5 6 
142 0 -6.30122 -8.30272 -0.0336728 -5.24125 -7.24138 -7.3612 -9.36407 -1 -1 -1 -1 1 -1 5 6 
63 0 -6.02461 -7.59825 -0.0838541 -5.18795 -6.35326 -6.86127 -8.84324 -1 -1 -1 -1 1 -1 5 6 
103 0 -6.60246 -6.03368 -0.00949416 -6.22964 -4.58075 -6.97527 -7.48661 -1 -1 -1 -1 1 -1 5 6 
45 1 -9.61573 -5.01656 1.63561 -9.51882 -3.5197 -9.71263 -6.51343 -1 -1 -1 0 2 5 6 7 
46 1 -7.5285 -2.52574 1.51621 -8.42232 -3.73035 -6.63468 -1.32113 -1 -1 -1 0 2 5 6 7 
25 1 -9.36322 -4.70351 1.51782 -9.37462 -6.20347 -9.35182 -3.20356 -1 -1 -1 0 2 5 6 7 
28 1 -6.61123 -3.22244 1.47188 -7.39174 -4.50338 -5.83072 -1.94151 -1 -1 -1 0 2 5 6 7 
69 1 -7.4138 -2.5103 1.65286 -8.27821 -3.73619 -6.54939 -1.28442 -1 -1 -1 0 2 5 6 7 
167 1 -6.33066 -3.6712 -0.00214141 -5.97262 -2.21456 -6.6887 -5.12784 -1 -1 -1 0 2 5 6 7 
44 1 -7.17662 -5.92452 1.57057 -7.60698 -7.36146 -6.74627 -4.48759 -1 -1 -1 0 2 5 6 7 
84 1 -8.86268 -5.64066 -0.0484298 -8.59802 -4.16419 -9.12733 -7.11713 -1 -1 -1 0 2 5 6 7 
143 1 -7.85089 -5.71375 0.0057508 -7.28056 -4.32641 -8.42122 -7.10109 -1 -1 -1 0 2 5 6 7 
24 1 -6.46076 -2.19078 1.49928 -7.55583 -3.21588 -5.3657 -1.16568 -1 -1 -1 0 2 5 6 7 
22 1 -9.03813 -5.95113 1.51221 -9.20847 -7.44143 -8.86779 -4.46083 -1 -1 -1 0 2 5 6 7 
32 2 -6.29919 0.295374 1.53486 -7.0136 -1.02357 -5.58478 1.61432 -1 -1 -1 1 3 6 7 8 
86 2 -8.70084 1.51159 1.65076 -9.18265 0.0910711 -8.21904 2.9321 -1 -1 -1 1 3 6 7 8 
37 2 -7.30219 1.07289 1.66868 -8.20719 -0.123346 -6.3972 2.26912 -1 -1 -1 1 3 6 7 8 
27 2 -7.11473 -0.861797 1.51453 -7.9335 -2.11863 -6.29596 0.395031 -1 -1 -1 1 3 6 7 8 
92 2 -9.22816 0.554035 1.59747 -9.75486 -0.850452 -8.70146 1.95852 -1 -1 -1 1 3 6 7 8 
30 2 -7.82699 -0.0538446 1.53668 -8.67248 -1.29286 -6.9815 1.18517 -1 -1 -1 1 3 6 7 8 
109 2 -8.18248 -1.51213 1.54238 -7.23516 -0.349121 -9.1298 -2.67513 -1 -1 -1 1 3 6 7 8 
128 2 -6.75592 1.68581 1.5358 -7.58666 0.436866 -5.92517 2.93475 -1 -1 -1 1 3 6 7 8 
130 2 -7.20374 0.578856 1.60474 -8.12318 -0.606321 -6.28431 1.76403 -1 -1 -1 1 3 6 7 8 
89 2 -6.39453 -1.74695 1.5963 -7.45753 -2.80527 -5.33153 -0.688637 -1 -1 -1 1 3 6 7 8 
49 2 -8.71622 -0.582837 1.53819 -8.96774 -2.0616 -8.46471 0.895925 -1 -1 -1 1 3 6 7 8 
110 2 -6.48883 0.998356 1.47668 -7.20706 -0.318517 -5.77061 2.31523 -1 -1 -1 1 3 6 7 8 
29 2 -9.19428 1.34082 1.57246 -9.72084 -0.063723 -8.66771 2.74536 -1 -1 -1 1 3 6 7 8 
151 2 -9.29393 1.87854 1.51143 -8.82441 3.30316 -9.76346 0.453917 -1 -1 -1 1 3 6 7 8 
71 2 -7.47153 -1.85031 1.61523 -6.66346 -0.586575 -8.27959 -3.11405 -1 -1 -1 1 3 6 7 8 
56 3 -7.68321 3.78092 1.5693 -7.9149 5.26292 -7.45153 2.29892 -1 -1 -1 2 4 7 8 9 
52 3 -8.95356 4.83056 1.65249 -8.3517 6.20452 -9.55543 3.4566 -1 -1 -1 2 4 7 8 9 
31 3 -6.69103 5.1749 1.64665 -7.6334 6.34192 -5.74866 4.00788 -1 -1 -1 2 4 7 8 9 
51 3 -7.12969 4.30518 1.51942 -6.20347 3.1253 -8.05591 5.48507 -1 -1 -1 2 4 7 8 9 
35 3 -8.87703 4.67575 1.57487 -8.21348 6.02101 -9.54057 3.3305 -1 -1 -1 2 4 7 8 9 
93 3 -7.15973 5.90874 1.57299 -8.10518 7.07327 -6.21429 4.74421 -1 -1 -1 2 4 7 8 9 
88 3 -7.54835 2.00198 1.52721 -8.65482 0.989202 -6.44187 3.01476 -1 -1 -1 2 4 7 8 9 
58 4 -8.20779 8.60013 -0.0321181 -7.46183 7.29876 -8.95375 9.90149 -1 -1 -1 3 -1 8 9 -1 
77 4 -6.53839 9.44789 0.0753746 -8.03599 9.53276 -5.04079 9.36303 -1 -1 -1 3 -1 8 9 -1 
36 4 -8.31926 8.21501 1.51514 -9.09141 9.50101 -7.54712 6.92902 -1 -1 -1 3 -1 8 9 -1 
98 4 -7.78613 8.08124 0.0357864 -8.44822 9.42721 -7.12403 6.73528 -1 -1 -1 3 -1 8 9 -1 
94 4 -9.45759 7.61298 1.49327 -9.91829 9.04048 -8.99689 6.18548 -1 -1 -1 3 -1 8 9 -1 
75 4 -8.58052 7.44604 1.66739 -9.21754 8.80406 -7.9435 6.08803 -1 -1 -1 3 -1 8 9 -1 
38 4 -7.7219 6.29248 1.66868 -8.5922 7.51419 -6.85159 5.07077 -1 -1 -1 3 -1 8 9 -1 
57 4 -7.99937 6.16576 1.5693 -8.78234 7.44519 -7.2164 4.88632 -1 -1 -1 3 -1 8 9 -1 
83 5 -3.73244 -6.75779 -0.0484298 -3.38476 -5.29864 -4.08011 -8.21694 -1 0 1 -1 6 -1 10 11 
202 5 -3.56069 -8.42978 -0.0198541 -5.05598 -8.54857 -2.0654 -8.31098 -1 0 1 -1 6 -1 10 11 
61 5 -2.14766 -8.56327 -0.0551714 -0.675284 -8.27674 -3.62004 -8.8498 -1 0 1 -1 6 -1 10 11 
163 5 -2.19357 -9.38472 0.000652872 -3.69309 -9.34674 -0.694053 -9.4227 -1 0 1 -1 6 -1 10 11 
204 5 -5.33667 -7.92249 0.0898347 -6.40151 -8.97896 -4.27184 -6.86602 -1 0 1 -1 6 -1 10 11 
121 5 -4.17668 -6.61441 0.00172069 -3.68115 -5.19863 -4.67221 -8.0302 -1 0 1 -1 6 -1 10 11 
81 5 -4.63852 -8.95492 0.0762549 -3.20629 -8.50914 -6.07074 -9.40071 -1 0 1 -1 6 -1 10 11 
23 5 -2.18786 -7.88568 1.50767 -0.712173 -7.61669 -3.66354 -8.15466 -1 0 1 -1 6 -1 10 11 
62 5 -5.07967 -9.54614 -0.0838541 -3.63999 -9.12503 -6.51935 -9.96725 -1 0 1 -1 6 -1 10 11 
106 5 -2.66529 -6.08031 1.52942 -2.53374 -7.57453 -2.79684 -4.58609 -1 0 1 -1 6 -1 10 11 
148 5 -3.88487 -6.50129 1.53451 -4.32614 -7.93491 -3.4436 -5.06766 -1 0 1 -1 6 -1 10 11 
207 5 -2.0169 -6.18816 0.0828931 -2.16392 -4.69538 -1.86988 -7.68094 -1 0 1 -1 6 -1 10 11 
82 5 -5.95811 -9.56356 -0.0667708 -4.5073 -9.18259 -7.40893 -9.94454 -1 0 1 -1 6 -1 10 11 
64 5 -5.0392 -6.19071 1.58821 -6.0574 -7.2922 -4.021 -5.08923 -1 0 1 -1 6 -1 10 11 
183 5 -2.2343 -6.16044 0.0928546 -2.23438 -4.66044 -2.23422 -7.66044 -1 0 1 -1 6 -1 10 11 
101 5 -5.94211 -6.92481 0.0132319 -5.04354 -5.72374 -6.84068 -8.12588 -1 0 1 -1 6 -1 10 11 
66 6 -5.09904 -4.1619 1.61439 -5.62085 -5.56822 -4.57724 -2.75559 0 1 2 5 7 10 11 12 
169 6 -5.84005 -3.3344 1.58895 -6.42514 -4.71559 -5.25497 -1.95321 0 1 2 5 7 10 11 12 
107 6 -4.42669 -3.75311 1.55838 -4.56967 -5.24628 -4.28372 -2.25994 0 1 2 5 7 10 11 12 
65 6 -5.11597 -2.197 1.50376 -5.46348 -3.65619 -4.76846 -0.737808 0 1 2 5 7 10 11 12 
41 6 -3.94057 -5.13991 -0.0685787 -2.85603 -4.10367 -5.0251 -6.17614 0 1 2 5 7 10 11 12 
141 6 -2.53703 -3.71114 -0.0153654 -3.66611 -2.72363 -1.40794 -4.69864 0 1 2 5 7 10 11 12 
47 6 -4.6686 -3.20156 1.60654 -5.04741 -4.65294 -4.2898 -1.75018 0 1 2 5 7 10 11 12 
125 6 -2.12024 -3.26448 -0.0866852 -2.86329 -1.96146 -1.37719 -4.56751 0 1 2 5 7 10 11 12 
189 6 -2.45913 -2.55912 0.0938717 -3.25532 -1.28787 -1.66295 -3.83038 0 1 2 5 7 10 11 12 
126 6 -5.87783 -5.11426 -0.0866852 -5.56739 -3.64673 -6.18827 -6.58178 0 1 2 5 7 10 11 12 
67 7 -2.91781 0.462066 1.63243 -1.92309 -0.660669 -3.91253 1.5848 1 2 3 6 8 11 12 13 
129 7 -3.54002 -1.26241 1.47294 -3.31992 -2.74618 -3.76012 0.221349 1 2 3 6 8 11 12 13 
131 7 -4.19099 0.0323741 1.51604 -3.88508 -1.4361 -4.4969 1.50085 1 2 3 6 8 11 12 13 
34 7 -3.48704 0.168709 1.53506 -2.62029 -1.05552 -4.35379 1.39294 1 2 3 6 8 11 12 13 
26 7 -5.47211 0.53316 1.57237 -6.37262 -0.666463 -4.57161 1.73278 1 2 3 6 8 11 12 13 
48 7 -3.64189 -1.53833 1.65033 -3.34066 -3.00777 -3.94311 -0.0688875 1 2 3 6 8 11 12 13 
105 7 -2.32882 -1.20849 -0.0464703 -2.73114 0.236548 -1.92649 -2.65353 1 2 3 6 8 11 12 13 
70 7 -4.30122 -1.54116 1.57811 -3.90791 -2.98868 -4.69452 -0.0936446 1 2 3 6 8 11 12 13 
85 7 -3.33765 -1.51721 1.60699 -3.04614 -2.98861 -3.62916 -0.0458055 1 2 3 6 8 11 12 13 
127 7 -5.08316 -0.692037 1.60202 -5.65651 -2.07814 -4.50981 0.694061 1 2 3 6 8 11 12 13 
68 7 -3.93962 -1.67698 1.59126 -3.68163 -3.15463 -4.19762 -0.199339 1 2 3 6 8 11 12 13 
108 7 -5.3621 -1.54356 1.57308 -5.90005 -2.94378 -4.82416 -0.143337 1 2 3 6 8 11 12 13 
168 7 -2.29686 0.529005 -0.00214141 -3.51707 1.40141 -1.07665 -0.3434 1 2 3 6 8 11 12 13 
111 7 -5.90275 0.670659 1.54961 -6.73787 -0.57537 -5.06764 1.91669 1 2 3 6 8 11 12 13 
91 7 -2.28488 1.232 1.57205 -3.30452 2.33215 -1.26524 0.131855 1 2 3 6 8 11 12 13 
50 7 -5.98818 -0.427507 1.49607 -7.07224 -1.46424 -4.90413 0.609227 1 2 3 6 8 11 12 13 
149 8 -4.22426 5.78189 1.54739 -5.13491 6.97383 -3.31361 4.58995 2 3 4 7 9 12 13 14 
54 8 -3.9849 4.13438 1.57851 -5.05514 5.18537 -2.91466 3.08339 2 3 4 7 9 12 13 14 
132 8 -3.58776 2.80837 1.59233 -4.66103 3.85627 -2.51449 1.76047 2 3 4 7 9 12 13 14 
155 8 -4.38822 4.88238 0.0708671 -5.50379 5.88513 -3.27265 3.87963 2 3 4 7 9 12 13 14 
193 8 -2.35023 4.56014 0.0866947 -3.31769 5.70645 -1.38278 3.41382 2 3 4 7 9 12 13 14 
134 8 -4.78759 4.95318 -0.033627 -5.88532 5.97543 -3.68985 3.93093 2 3 4 7 9 12 13 14 
55 8 -4.75638 3.85877 1.65656 -5.8222 4.91424 -3.69056 2.80329 2 3 4 7 9 12 13 14 
117 8 -3.85615 3.73146 -0.0258068 -5.05521 4.63271 -2.65709 2.8302 2 3 4 7 9 12 13 14 
137 8 -3.02625 5.59174 0.027191 -4.17286 6.55884 -1.87964 4.62464 2 3 4 7 9 12 13 14 
212 8 -2.33541 3.80153 0.0451745 -2.99222 5.15008 -1.6786 2.45297 2 3 4 7 9 12 13 14 
87 8 -2.70333 4.21958 1.62448 -2.12475 2.83566 -3.28191 5.6035 2 3 4 7 9 12 13 14 
74 8 -3.66635 4.60422 1.64626 -4.60468 5.7745 -2.72803 3.43395 2 3 4 7 9 12 13 14 
113 8 -5.4307 3.52045 1.61256 -5.93625 4.93269 -4.92515 2.10821 2 3 4 7 9 12 13 14 
213 8 -2.28982 5.04668 0.0189033 -3.44952 5.99805 -1.13012 4.09532 2 3 4 7 9 12 13 14 
112 8 -4.58922 4.02601 1.63237 -5.73463 4.99453 -3.44381 3.05749 2 3 4 7 9 12 13 14 
153 8 -3.6713 5.53494 0.0944598 -4.49731 6.78702 -2.8453 4.28285 2 3 4 7 9 12 13 14 
95 8 -5.39939 4.41273 1.49327 -6.37448 5.55255 -4.42429 3.27291 2 3 4 7 9 12 13 14 
197 8 -2.75416 5.50939 -0.0313854 -3.96777 6.39095 -1.54055 4.62782 2 3 4 7 9 12 13 14 
33 8 -5.97051 5.74248 1.57137 -7.16596 6.64851 -4.77506 4.83645 2 3 4 7 9 12 13 14 
90 8 -3.46499 2.12892 1.62689 -2.46112 1.01436 -4.46885 3.24349 2 3 4 7 9 12 13 14 
135 8 -3.16112 5.89738 -0.0784199 -4.34949 6.81269 -1.97275 4.98208 2 3 4 7 9 12 13 14 
96 9 -5.42936 9.17245 -0.0364301 -6.92577 9.0687 -3.93295 9.2762 3 4 -1 8 -1 13 14 -1 
97 9 -4.52791 7.52772 0.0814642 -5.73129 8.4232 -3.32454 6.63224 3 4 -1 8 -1 13 14 -1 
157 9 -4.69224 8.51462 0.0924511 -6.16827 8.78169 -3.21621 8.24755 3 4 -1 8 -1 13 14 -1 
118 9 -5.1025 9.4927 -0.0705271 -6.60158 9.54523 -3.60342 9.44018 3 4 -1 8 -1 13 14 -1 
234 9 -3.74273 8.84751 0.0738822 -5.24223 8.88611 -2.24323 8.80891 3 4 -1 8 -1 13 14 -1 
136 9 -2.58913 7.86095 -0.00985311 -4.06694 8.11802 -1.11132 7.60388 3 4 -1 8 -1 13 14 -1 
215 9 -3.52192 7.42746 -0.0463609 -4.77939 8.24524 -2.26445 6.60967 3 4 -1 8 -1 13 14 -1 
158 9 -5.79943 9.79304 0.08265 -7.29204 9.64426 -4.30683 9.94181 3 4 -1 8 -1 13 14 -1 
116 9 -3.88773 8.11709 0.0688266 -5.36548 8.3745 -2.40999 7.85967 3 4 -1 8 -1 13 14 -1 
114 9 -4.86897 7.27247 1.61256 -5.91596 8.34662 -3.82197 6.19832 3 4 -1 8 -1 13 14 -1 
235 9 -3.52277 9.63919 -0.0355828 -5.00484 9.87038 -2.04069 9.408 3 4 -1 8 -1 13 14 -1 
174 9 -3.24457 9.10593 -0.0158582 -4.73735 8.9589 -1.7518 9.25296 3 4 -1 8 -1 13 14 -1 
173 9 -4.17677 8.26489 0.0946512 -5.65392 8.52572 -2.69962 8.00407 3 4 -1 8 -1 13 14 -1 
72 9 -3.92365 7.20588 1.58781 -5.07187 8.17107 -2.77543 6.2407 3 4 -1 8 -1 13 14 -1 
138 9 -5.87583 7.08103 -0.00256941 -6.79348 8.26758 -4.95817 5.89447 3 4 -1 8 -1 13 14 -1 
78 9 -5.46261 6.82951 0.0219834 -6.26643 8.09595 -4.65879 5.56307 3 4 -1 8 -1 13 14 -1 
76 9 -5.60062 7.51451 1.66739 -6.45319 8.74866 -4.74805 6.28036 3 4 -1 8 -1 13 14 -1 
53 9 -5.81165 6.55005 1.64356 -6.77126 7.70293 -4.85204 5.39716 3 4 -1 8 -1 13 14 -1 
164 10 -0.698284 -7.87304 0.0663293 -2.19168 -8.01368 0.795108 -7.73239 -1 5 6 -1 11 -1 15 16 
161 10 0.476267 -9.33887 -0.0377534 1.90819 -9.78564 -0.955654 -8.8921 -1 5 6 -1 11 -1 15 16 
184 10 -1.53084 -9.62269 0.0666466 -0.0315101 -9.57789 -3.03017 -9.66748 -1 5 6 -1 11 -1 15 16 
182 10 -0.363844 -8.58814 -0.0612134 -1.86331 -8.54829 1.13563 -8.62798 -1 5 6 -1 11 -1 15 16 
227 10 1.52428 -6.85388 0.08476 0.367955 -5.89842 2.68061 -7.80934 -1 5 6 -1 11 -1 15 16 
145 10 -0.021011 -7.43229 0.00575202 -1.50241 -7.19682 1.46039 -7.66775 -1 5 6 -1 11 -1 15 16 
144 10 -0.926758 -8.15419 0.0588998 -2.42643 -8.12288 0.572915 -8.18549 -1 5 6 -1 11 -1 15 16 
264 10 1.60703 -6.0989 0.00277262 0.478183 -5.11113 2.73588 -7.08668 -1 5 6 -1 11 -1 15 16 
244 10 1.77448 -7.97668 0.0983097 0.871128 -6.7792 2.67783 -9.17416 -1 5 6 -1 11 -1 15 16 
181 10 1.57496 -6.37684 0.0295419 0.547351 -5.28412 2.60256 -7.46955 -1 5 6 -1 11 -1 15 16 
242 10 1.97453 -6.97587 -0.00484941 0.980205 -5.85278 2.96885 -8.09896 -1 5 6 -1 11 -1 15 16 
187 11 -0.266964 -4.7884 -0.0401799 -1.28534 -3.68708 0.751412 -5.88972 5 6 7 10 12 15 16 17 
241 11 0.812356 -4.09119 -0.00257303 -0.335787 -3.12591 1.9605 -5.05647 5 6 7 10 12 15 16 17 
146 11 -0.674588 -3.37041 -0.0290627 -1.2983 -2.00623 -0.0508767 -4.73459 5 6 7 10 12 15 16 17 
223 11 1.07695 -4.66322 -0.0611452 -0.192614 -3.86435 2.34652 -5.4621 5 6 7 10 12 15 16 17 
221 11 -1.9653 -3.50154 -0.0620778 -2.71102 -2.20003 -1.21959 -4.80304 5 6 7 10 12 15 16 17 
284 11 1.8661 -3.81228 -0.043355 0.491516 -3.21186 3.24069 -4.41271 5 6 7 10 12 15 16 17 
247 11 0.577159 -2.99675 0.0105635 -0.794337 -2.38929 1.94865 -3.6042 5 6 7 10 12 15 16 17 
266 11 0.707114 -4.94773 -0.0801331 -0.391119 -3.92602 1.80535 -5.96943 5 6 7 10 12 15 16 17 
224 11 1.74049 -3.40317 -0.0442809 0.38938 -2.75163 3.0916 -4.05471 5 6 7 10 12 15 16 17 
225 11 1.31092 -5.63842 -0.0243093 0.0689614 -4.79727 2.55289 -6.47956 5 6 7 10 12 15 16 17 
226 11 0.262575 -5.95908 -0.0370219 -0.720054 -4.82574 1.2452 -7.09241 5 6 7 10 12 15 16 17 
166 11 -1.37842 -2.21117 0.0316722 -1.61936 -0.730646 -1.13747 -3.69169 5 6 7 10 12 15 16 17 
162 11 0.630609 -5.91532 0.045501 -0.499949 -4.92951 1.76117 -6.90114 5 6 7 10 12 15 16 17 
122 11 -1.60342 -2.45306 0.0960758 -1.73687 -0.959008 -1.46997 -3.94711 5 6 7 10 12 15 16 17 
123 11 -0.315555 -5.60135 -0.0113081 -1.11277 -4.33073 0.481655 -6.87196 5 6 7 10 12 15 16 17 
205 11 1.70261 -2.23239 -0.0835163 0.31986 -1.65102 3.08536 -2.81377 5 6 7 10 12 15 16 17 
194 12 -0.779324 0.107822 0.0518072 -1.97438 1.01438 0.415733 -0.798731 6 7 8 11 13 16 17 18 
147 12 0.341383 -1.32289 -0.0290627 -1.03643 -0.729895 1.71919 -1.91588 6 7 8 11 13 16 17 18 
171 12 1.25225 -1.09183 1.62101 2.32113 -2.14422 0.183383 -0.0394469 6 7 8 11 13 16 17 18 
150 12 -1.20916 -1.44531 1.5108 -1.67274 -0.0187479 -0.745573 -2.87188 6 7 8 11 13 16 17 18 
133 12 -1.11458 -1.88013 1.59233 -1.63163 -0.472063 -0.597525 -3.2882 6 7 8 11 13 16 17 18 
188 12 -0.125175 1.53938 0.0938717 0.111146 3.02065 -0.361497 0.0581175 6 7 8 11 13 16 17 18 
170 12 -1.88724 1.55374 1.62101 -3.02817 2.52753 -0.746306 0.579941 6 7 8 11 13 16 17 18 
208 12 1.77735 -0.114302 0.0886768 0.295631 0.119176 3.25907 -0.34778 6 7 8 11 13 16 17 18 
328 12 1.26772 0.216606 1.57454 -0.230362 0.292381 2.76581 0.14083 6 7 8 11 13 16 17 18 
231 12 1.75437 1.50269 1.61476 0.831586 2.68526 2.67716 0.320127 6 7 8 11 13 16 17 18 
293 12 1.72355 1.67413 1.6695 0.86344 2.90304 2.58367 0.445229 6 7 8 11 13 16 17 18 
172 12 -1.98065 1.8978 0.080962 -3.05157 2.94811 -0.909737 0.8475 6 7 8 11 13 16 17 18 
203 12 0.786239 -1.98592 0.0986814 -0.578829 -1.36416 2.15131 -2.60769 6 7 8 11 13 16 17 18 
191 13 -1.14821 4.57542 -0.0803081 -1.93516 5.85241 -0.361257 3.29843 7 8 9 12 14 17 18 19 
175 13 -1.72252 5.02593 0.0185602 -2.60438 6.23932 -0.840657 3.81254 7 8 9 12 14 17 18 19 
176 13 -1.03004 5.21556 0.0439749 -1.94545 6.40384 -0.114623 4.02728 7 8 9 12 14 17 18 19 
252 13 -0.1154 3.2702 1.54105 0.467728 4.65222 -0.698529 1.88819 7 8 9 12 14 17 18 19 
196 13 -1.51076 2.57022 -0.0214127 -2.30719 3.84132 -0.714338 1.29911 7 8 9 12 14 17 18 19 
316 13 0.829794 5.36583 -0.0655887 1.0549 6.84884 0.604693 3.88282 7 8 9 12 14 17 18 19 
209 13 0.629456 3.85046 0.0886768 1.57076 5.01835 -0.311847 2.68258 7 8 9 12 14 17 18 19 
210 13 -1.29422 2.36463 0.0886768 -2.07197 3.64724 -0.516474 1.08201 7 8 9 12 14 17 18 19 
214 13 1.61305 5.96792 -0.0575552 2.13314 7.37487 1.09296 4.56097 7 8 9 12 14 17 18 19 
233 13 0.620974 5.88969 0.0984411 0.78596 7.38059 0.455988 4.39879 7 8 9 12 14 17 18 19 
232 13 0.416737 2.2722 0.0536245 0.104704 0.805015 0.72877 3.73939 7 8 9 12 14 17 18 19 
115 13 -1.95361 4.50272 0.0241251 -3.05586 5.52009 -0.851358 3.48535 7 8 9 12 14 17 18 19 
237 14 1.05859 8.53421 0.0560184 -0.440848 8.49319 2.55803 8.57522 8 9 -1 13 -1 18 19 -1 
238 14 1.01681 7.74991 -0.0677189 -0.478009 7.87449 2.51163 7.62532 8 9 -1 13 -1 18 19 -1 
154 14 0.410845 8.73049 -0.0763312 -1.08557 8.62682 1.90726 8.83417 8 9 -1 13 -1 18 19 -1 
297 14 -0.551976 9.08358 0.0840942 0.934743 9.28275 -2.0387 8.88442 8 9 -1 13 -1 18 19 -1 
178 14 -0.900817 7.95973 0.0681749 -2.36552 8.28322 0.563887 7.63625 8 9 -1 13 -1 18 19 -1 
217 14 -1.25324 6.32628 0.0193853 -1.99024 7.63274 -0.516251 5.01982 8 9 -1 13 -1 18 19 -1 
253 14 -1.02693 7.69886 -0.0652644 -2.51544 7.88412 0.461588 7.51361 8 9 -1 13 -1 18 19 -1 
198 14 -1.47072 8.45318 -0.0460039 -2.9601 8.63138 0.0186575 8.27498 8 9 -1 13 -1 18 19 -1 
218 14 -0.142052 9.43657 0.0219677 -1.64101 9.49248 1.35691 9.38065 8 9 -1 13 -1 18 19 -1 
156 14 -1.11301 8.90547 0.0322909 -2.61115 8.83085 0.385137 8.98009 8 9 -1 13 -1 18 19 -1 
317 14 1.10896 8.30086 0.0721344 2.59272 8.52102 -0.374792 8.08069 8 9 -1 13 -1 18 19 -1 
177 14 -1.40636 6.0746 0.0410186 -2.17915 7.36021 -0.633578 4.78899 8 9 -1 13 -1 18 19 -1 
302 15 5.21603 -9.11224 -0.0541769 3.72246 -8.97354 6.7096 -9.25095 -1 10 11 -1 16 -1 20 21 
263 15 4.59949 -7.3493 0.0564466 3.18859 -6.84003 6.0104 -7.85857 -1 10 11 -1 16 -1 20 21 
243 15 3.23695 -7.0376 -0.00534277 2.78235 -5.60814 3.69155 -8.46705 -1 10 11 -1 16 -1 20 21 
201 15 5.25225 -6.44393 -0.0121466 3.79484 -6.08903 6.70966 -6.79883 -1 10 11 -1 16 -1 20 21 
186 15 3.25137 -8.21696 0.0781129 2.78373 -6.79172 3.71902 -9.6422 -1 10 11 -1 16 -1 20 21 
261 15 2.73332 -6.22552 0.0248666 2.66929 -4.72689 2.79736 -7.72416 -1 10 11 -1 16 -1 20 21 
222 15 4.7717 -6.0494 -0.0374866 3.29591 -5.78094 6.24748 -6.31787 -1 10 11 -1 16 -1 20 21 
165 15 2.00927 -8.4748 -0.0187441 1.18726 -7.22008 2.83128 -9.72951 -1 10 11 -1 16 -1 20 21 
245 16 4.1949 -4.88965 -0.0212704 2.72677 -4.58205 5.66302 -5.19725 10 11 12 15 17 20 21 22 
248 16 4.11764 -3.35425 1.55798 2.94917 -2.41368 5.28611 -4.29482 10 11 12 15 17 20 21 22 
326 16 3.26276 -2.50765 1.64329 2.10128 -1.55847 4.42425 -3.45684 10 11 12 15 17 20 21 22 
291 16 4.22719 -2.90384 1.5682 3.0265 -2.00476 5.42788 -3.80292 10 11 12 15 17 20 21 22 
344 16 3.60407 -3.74117 1.5878 2.51348 -2.71131 4.69467 -4.77103 10 11 12 15 17 20 21 22 
265 16 3.71851 -3.74395 -0.0801331 2.58596 -2.76041 4.85105 -4.72749 10 11 12 15 17 20 21 22 
270 16 3.776 -4.94846 1.62258 2.34919 -4.48561 5.2028 -5.41132 10 11 12 15 17 20 21 22 
283 16 3.51073 -3.61695 0.0836279 2.40254 -2.60606 4.61892 -4.62785 10 11 12 15 17 20 21 22 
341 16 5.27049 -5.90332 -0.0266753 3.81592 -5.53697 6.72507 -6.26967 10 11 12 15 17 20 21 22 
206 16 2.05845 -4.41585 -0.08235 0.699834 -3.78011 3.41706 -5.0516 10 11 12 15 17 20 21 22 
262 16 4.93626 -5.13184 -0.0512347 3.47579 -4.78976 6.39674 -5.47391 10 11 12 15 17 20 21 22 
230 16 2.68065 -2.48903 1.61476 1.44247 -1.64231 3.91883 -3.33574 10 11 12 15 17 20 21 22 
152 16 2.27095 -3.44842 1.51143 0.973292 -2.69603 3.5686 -4.20082 10 11 12 15 17 20 21 22 
267 16 5.14653 -2.60772 1.47404 4.24826 -1.40642 6.04481 -3.80901 10 11 12 15 17 20 21 22 
246 16 2.65792 -3.52681 0.0105635 1.37275 -2.75329 3.94309 -4.30034 10 11 12 15 17 20 21 22 
73 16 3.82164 -2.27154 1.49962 2.54078 -1.49091 5.1025 -3.05218 10 11 12 15 17 20 21 22 
211 16 3.42817 -2.1485 0.0146525 2.16841 -1.33425 4.68792 -2.96276 10 11 12 15 17 20 21 22 
185 16 2.103 -3.82417 -0.0540477 0.729258 -3.22182 3.47674 -4.42653 10 11 12 15 17 20 21 22 
330 17 2.25401 0.237307 1.4827 0.765704 0.424242 3.74232 0.0503719 11 12 13 16 18 21 22 23 
305 17 2.90972 -1.30484 1.52065 1.59522 -0.582282 4.22422 -2.0274 11 12 13 16 18 21 22 23 
351 17 3.10686 -0.273577 1.5717 1.63818 0.0313453 4.57554 -0.5785 11 12 13 16 18 21 22 23 
308 17 4.68808 -1.49406 1.55792 3.3702 -0.777688 6.00596 -2.21043 11 12 13 16 18 21 22 23 
250 17 3.39583 -1.06748 1.58442 2.18648 -0.180083 4.60519 -1.95487 11 12 13 16 18 21 22 23 
323 17 3.3766 -1.30846 0.017917 2.18626 -0.395721 4.56694 -2.22119 11 12 13 16 18 21 22 23 
271 17 4.44518 -0.18216 1.61511 3.51456 0.994258 5.37579 -1.35858 11 12 13 16 18 21 22 23 
349 17 4.21854 1.34872 1.62199 5.67595 1.70363 2.76113 0.993818 11 12 13 16 18 21 22 23 
268 17 5.55522 1.74177 1.57244 4.06551 1.56636 7.04492 1.91719 11 12 13 16 18 21 22 23 
287 17 2.19638 -0.153143 1.57435 0.71736 0.0968373 3.67541 -0.403123 11 12 13 16 18 21 22 23 
229 17 2.62019 -1.75199 1.56342 3.76099 -2.72593 1.47939 -0.778041 11 12 13 16 18 21 22 23 
251 17 3.71697 1.66507 1.54105 2.2372 1.41949 5.19673 1.91065 11 12 13 16 18 21 22 23 
334 18 4.40599 3.30468 1.49321 2.91295 3.44901 5.89903 3.16035 12 13 14 17 19 22 23 24 
314 18 5.20528 5.68972 1.52025 3.84361 5.06055 6.56695 6.31888 12 13 14 17 19 22 23 24 
336 18 3.71227 5.30845 1.56548 2.48019 4.4529 4.94435 6.16401 12 13 14 17 19 22 23 24 
254 18 4.97691 5.17406 0.0939474 6.44922 5.46094 3.5046 4.88717 12 13 14 17 19 22 23 24 
310 18 2.91261 2.3241 1.66042 1.43525 2.58373 4.38997 2.06446 12 13 14 17 19 22 23 24 
315 18 5.53761 4.6599 1.52025 4.03788 4.68859 7.03733 4.63121 12 13 14 17 19 22 23 24 
273 18 2.12731 4.37538 1.63076 1.04681 3.33494 3.20781 5.41583 12 13 14 17 19 22 23 24 
311 18 4.7832 2.57528 1.63968 3.39775 3.15018 6.16866 2.00038 12 13 14 17 19 22 23 24 
292 18 3.55738 2.9702 1.52951 2.13835 3.45635 4.97641 2.48405 12 13 14 17 19 22 23 24 
295 18 4.34847 3.80771 -0.0909834 5.83236 4.02695 2.86458 3.58848 12 13 14 17 19 22 23 24 
313 18 4.84028 4.50318 1.66995 3.34626 4.36928 6.33429 4.63707 12 13 14 17 19 22 23 24 
312 18 2.65406 3.61864 1.55215 1.17961 3.34299 4.12852 3.89429 12 13 14 17 19 22 23 24 
190 18 2.1039 2.82289 0.0938717 3.58727 2.60014 0.620529 3.04564 12 13 14 17 19 22 23 24 
216 18 2.34668 4.23874 -0.00681139 3.58026 5.09213 1.1131 3.38535 12 13 14 17 19 22 23 24 
294 18 4.77633 5.71268 1.6695 3.425 5.0616 6.12766 6.36375 12 13 14 17 19 22 23 24 
249 18 5.70452 3.08057 1.49744 4.21577 2.89724 7.19328 3.2639 12 13 14 17 19 22 23 24 
290 18 3.39346 2.01416 1.62067 1.89501 1.94609 4.89192 2.08223 12 13 14 17 19 22 23 24 
277 19 4.15383 8.44854 -0.0597183 4.80125 9.80163 3.5064 7.09546 13 14 -1 18 -1 23 24 -1 
276 19 3.49422 7.16402 0.0647429 3.89404 8.60976 3.09441 5.71829 13 14 -1 18 -1 23 24 -1 
255 19 3.85609 9.94584 -0.00311797 2.3568 9.89979 5.35538 9.99189 13 14 -1 18 -1 23 24 -1 
275 19 3.16246 7.13853 -0.0896766 3.69508 8.54079 2.62985 5.73627 13 14 -1 18 -1 23 24 -1 
338 19 5.64226 6.82738 0.0623159 6.95041 7.56137 4.33411 6.09338 13 14 -1 18 -1 23 24 -1 
257 19 2.76148 6.76103 -0.0370511 2.15054 5.39108 3.37242 8.13097 13 14 -1 18 -1 23 24 -1 
236 19 2.30891 6.58496 0.0754502 2.85468 7.98215 1.76315 5.18777 13 14 -1 18 -1 23 24 -1 
373 19 2.71465 9.55959 1.55408 1.2421 9.27392 4.1872 9.84525 13 14 -1 18 -1 23 24 -1 
278 19 2.54589 8.3316 -0.0548573 4.00788 8.66715 1.08391 7.99605 13 14 -1 18 -1 23 24 -1 
195 19 2.30303 6.21247 -0.0966908 2.81836 7.62117 1.78769 4.80377 13 14 -1 18 -1 23 24 -1 
321 20 7.79171 -8.03138 0.00346954 6.82331 -6.88587 8.76011 -9.17689 -1 15 16 -1 21 -1 -1 -1 
343 20 8.16262 -9.80022 1.58283 6.66267 -9.78815 9.66257 -9.81229 -1 15 16 -1 21 -1 -1 -1 
362 20 8.67577 -8.73979 1.61243 7.56429 -7.73251 9.78726 -9.74706 -1 15 16 -1 21 -1 -1 -1 
324 20 7.83052 -7.34965 1.52854 6.79645 -6.26305 8.86458 -8.43626 -1 15 16 -1 21 -1 -1 -1 
322 20 6.40151 -8.56093 0.017917 4.94261 -8.21219 7.86041 -8.90967 -1 15 16 -1 21 -1 -1 -1 
281 20 8.36951 -6.74456 0.0213392 7.52126 -5.50745 9.21777 -7.98168 -1 15 16 -1 21 -1 -1 -1 
285 20 7.16868 -9.12367 -0.043355 8.65596 -9.31856 5.68139 -8.92878 -1 15 16 -1 21 -1 -1 -1 
306 20 6.78702 -7.41218 1.66258 5.5677 -6.53855 8.00635 -8.28582 -1 15 16 -1 21 -1 -1 -1 
228 20 7.28611 -9.47275 0.08476 5.80284 -9.24937 8.76939 -9.69612 -1 15 16 -1 21 -1 -1 -1 
346 20 9.88867 -8.17336 1.57554 9.81807 -6.67502 9.95928 -9.6717 -1 15 16 -1 21 -1 -1 -1 
304 20 6.67646 -6.11958 0.0786674 5.39473 -5.34036 7.95819 -6.89879 -1 15 16 -1 21 -1 -1 -1 
303 20 6.08986 -7.36449 0.0786674 4.73947 -6.71147 7.44025 -8.01752 -1 15 16 -1 21 -1 -1 -1 
361 20 8.75901 -6.00591 0.0685141 7.69435 -4.94926 9.82367 -7.06255 -1 15 16 -1 21 -1 -1 -1 
366 21 7.86927 -4.8682 1.59963 6.68221 -3.9512 9.05633 -5.7852 15 16 17 20 22 -1 -1 -1 
307 21 7.30603 -2.88989 1.47786 6.229 -1.84586 8.38305 -3.93393 15 16 17 20 22 -1 -1 -1 
288 21 8.35618 -4.38824 1.54623 7.16902 -3.47136 9.54334 -5.30511 15 16 17 20 22 -1 -1 -1 
348 21 7.93494 -2.96308 1.61413 6.82634 -1.95263 9.04354 -3.97353 15 16 17 20 22 -1 -1 -1 
327 21 7.13055 -5.5061 1.48248 6.17412 -4.35058 8.08699 -6.66162 15 16 17 20 22 -1 -1 -1 
192 21 7.91694 -3.83709 0.060257 6.76706 -2.87388 9.06682 -4.80031 15 16 17 20 22 -1 -1 -1 
364 21 6.31647 -2.48211 1.6272 5.24313 -1.43429 7.38981 -3.52994 15 16 17 20 22 -1 -1 -1 
325 21 8.28906 -5.30195 1.49129 7.05421 -4.4504 9.52391 -6.15351 15 16 17 20 22 -1 -1 -1 
301 21 6.48538 -3.74715 -0.0896105 5.83923 -2.39346 7.13153 -5.10084 15 16 17 20 22 -1 -1 -1 
342 21 7.88925 -3.1848 -0.0266753 6.8063 -2.14691 8.97219 -4.2227 15 16 17 20 22 -1 -1 -1 
282 21 6.34953 -3.83219 -0.0810843 5.7488 -2.45774 6.95027 -5.20665 15 16 17 20 22 -1 -1 -1 
286 21 6.90293 -5.59532 1.62525 5.94232 -4.44327 7.86354 -6.74738 15 16 17 20 22 -1 -1 -1 
365 21 8.21127 -2.54317 1.61639 7.47334 -1.23724 8.9492 -3.8491 15 16 17 20 22 -1 -1 -1 
363 21 7.88083 -5.93193 1.63109 6.98807 -4.72653 8.77359 -7.13733 15 16 17 20 22 -1 -1 -1 
345 21 6.22283 -2.03451 1.54214 5.22045 -0.918606 7.2252 -3.15041 15 16 17 20 22 -1 -1 -1 
350 22 9.35017 -0.474465 1.54919 9.20456 1.01845 9.49577 -1.96738 16 17 18 21 23 -1 -1 -1 
368 22 8.91262 -0.710834 1.67067 9.12762 0.773678 8.69762 -2.19535 16 17 18 21 23 -1 -1 -1 
367 22 6.70492 -1.53618 1.47839 5.63277 -0.487135 7.77708 -2.58522 16 17 18 21 23 -1 -1 -1 
309 22 7.04661 0.534025 1.64993 5.55164 0.411282 8.54158 0.656769 16 17 18 21 23 -1 -1 -1 
353 22 6.47944 1.38082 1.56506 4.97947 1.37221 7.97942 1.38943 16 17 18 21 23 -1 -1 -1 
329 22 9.71731 -1.11552 1.50539 9.97182 0.36273 9.46281 -2.59377 16 17 18 21 23 -1 -1 -1 
372 22 6.80241 -0.508146 1.51924 5.37909 -0.0346685 8.22572 -0.981624 16 17 18 21 23 -1 -1 -1 
333 22 7.77794 1.75619 1.58287 6.3614 2.24959 9.19447 1.2628 16 17 18 21 23 -1 -1 -1 
269 22 6.74934 0.927221 1.58036 5.25787 0.767496 8.24081 1.08695 16 17 18 21 23 -1 -1 -1 
289 22 6.63292 -0.0789043 1.47494 5.13386 -0.0257746 8.13198 -0.132034 16 17 18 21 23 -1 -1 -1 
352 23 8.51734 3.06615 1.58557 8.49278 1.56635 8.5419 4.56595 17 18 19 22 24 -1 -1 -1 
357 23 9.31879 3.99604 1.6088 9.02492 2.52511 9.61266 5.46697 17 18 19 22 24 -1 -1 -1 
358 23 9.78964 4.35384 -0.0262301 9.86303 2.85563 9.71626 5.85204 17 18 19 22 24 -1 -1 -1 
332 23 8.13831 4.48323 1.47638 7.84126 3.01294 8.43535 5.95353 17 18 19 22 24 -1 -1 -1 
356 23 8.6683 5.30333 1.6088 8.75036 3.80557 8.58624 6.80108 17 18 19 22 24 -1 -1 -1 
371 23 9.45969 2.14347 1.55579 9.52849 3.6419 9.39089 0.645053 17 18 19 22 24 -1 -1 -1 
369 23 8.2534 3.87394 1.504 8.05421 2.38722 8.45258 5.36065 17 18 19 22 24 -1 -1 -1 
374 23 8.01362 3.46499 1.64317 8.3062 4.93618 7.72104 1.9938 17 18 19 22 24 -1 -1 -1 
347 23 9.71141 3.07705 1.50313 9.6773 1.57744 9.74552 4.57666 17 18 19 22 24 -1 -1 -1 
331 23 6.08064 3.5563 1.61035 4.58294 3.6393 7.57834 3.47329 17 18 19 22 24 -1 -1 -1 
274 23 9.8328 5.50382 0.0303916 9.79908 7.00344 9.86652 4.00419 17 18 19 22 24 -1 -1 -1 
335 23 6.2406 4.11698 1.56548 4.81212 3.65936 7.66909 4.5746 17 18 19 22 24 -1 -1 -1 
370 23 6.05365 4.27767 1.62503 4.59999 3.90771 7.50731 4.64763 17 18 19 22 24 -1 -1 -1 
272 23 7.83711 5.98186 1.63076 6.85192 4.85076 8.8223 7.11297 17 18 19 22 24 -1 -1 -1 
337 24 6.45082 9.36417 -0.0754216 4.9648 9.15982 7.93683 9.56852 18 19 -1 23 -1 -1 -1 -1 
375 24 7.11187 9.24114 1.58201 5.61264 9.19305 8.6111 9.28922 18 19 -1 23 -1 -1 -1 -1 
378 24 7.45897 9.14237 1.61999 5.96692 8.9881 8.95102 9.29664 18 19 -1 23 -1 -1 -1 -1 
318 24 7.52752 9.55896 0.0769724 9.01355 9.76321 6.04149 9.35471 18 19 -1 23 -1 -1 -1 -1 
377 24 9.62561 7.80286 1.61999 9.42189 6.31676 9.82934 9.28896 18 19 -1 23 -1 -1 -1 -1 
376 24 8.92738 7.21369 1.61539 8.49243 8.64925 9.36233 5.77814 18 19 -1 23 -1 -1 -1 -1 
296 24 7.60929 8.52437 -0.0642139 9.08723 8.78068 6.13135 8.26807 18 19 -1 23 -1 -1 -1 -1 
298 24 6.04632 8.35325 -0.0538784 7.48135 8.78992 4.61129 7.91659 18 19 -1 23 -1 -1 -1 -1 
355 24 7.01211 6.6203 1.65228 8.36094 7.27655 5.66328 5.96406 18 19 -1 23 -1 -1 -1 -1 
354 24 6.09794 7.4764 1.65873 4.91789 6.5504 7.27799 8.40241 18 19 -1 23 -1 -1 -1 -1 
258 24 6.77373 9.68083 0.03131 8.2497 9.94824 5.29776 9.41341 18 19 -1 23 -1 -1 -1 -1 
256 24 6.16849 6.88251 0.024088 7.30812 7.85783 5.02887 5.90718 18 19 -1 23 -1 -1 -1 -1 
