21 0 -8.27871 -8.40376 -0.092345 -7.30225 -7.2651 -9.25517 -9.54241 -1 -1 -1 -1 1 -1 5 6 
42 0 -7.55341 -9.92107 -0.0685787 -6.05386 -9.88433 -9.05296 -9.9578 -1 -1 -1 -1 1 -1 5 6 
124 0 -9.40746 -7.11224 -0.0693766 -9.01491 -5.66452 -9.80002 -8.55996 -1 -1 -1 -1 1 -1 5 6 
102 0 -8.4161 -8.96955 -0.0897456 -7.2319 -8.04886 -9.60031 -9.89024 -1 -1 -1 -1 1 -1 5 6 
44 0 -7.13869 -7.40033 1.57057 -8.12885 -8.5271 -6.14853 -6.27357 -1 -1 -1 -1 1 -1 5 6 
143 0 -7.34545 -6.78255 0.0057508 -6.20466 -5.80859 -8.48624 -7.75651 -1 -1 -1 -1 1 -1 5 6 
84 0 -9.08211 -7.47723 -0.0484298 -8.72697 -6.01988 -9.43726 -8.93458 -1 -1 -1 -1 1 -1 5 6 
204 0 -6.99173 -8.31596 0.0898347 -8.32151 -9.01 -5.66195 -7.62192 -1 -1 -1 -1 1 -1 5 6 
63 0 -6.41451 -8.31767 -0.0838541 -5.2539 -7.36742 -7.57512 -9.26793 -1 -1 -1 -1 1 -1 5 6 
45 1 -9.80519 -2.88104 1.63561 -9.77044 -1.38145 -9.83994 -4.38064 -1 -1 -1 0 2 5 6 7 
25 1 -7.9896 -3.80648 1.51782 -8.49059 -5.22034 -7.48862 -2.39261 -1 -1 -1 0 2 5 6 7 
28 1 -7.96375 -3.30796 1.47188 -8.46439 -4.72195 -7.46312 -1.89398 -1 -1 -1 0 2 5 6 7 
69 1 -6.70372 -2.60186 1.65286 -6.93705 -4.0836 -6.47038 -1.12012 -1 -1 -1 0 2 5 6 7 
24 1 -8.75349 -2.395 1.49928 -9.42621 -3.73569 -8.08077 -1.05431 -1 -1 -1 0 2 5 6 7 
22 1 -8.44921 -5.92742 1.51221 -8.94146 -7.34435 -7.95695 -4.5105 -1 -1 -1 0 2 5 6 7 
103 1 -7.66248 -4.70018 -0.00949416 -7.1317 -3.29722 -8.19325 -6.10313 -1 -1 -1 0 2 5 6 7 
46 1 -8.17116 -3.65082 1.51621 -8.7307 -5.04254 -7.61161 -2.25909 -1 -1 -1 0 2 5 6 7 
104 1 -7.30502 -5.39603 -0.0464703 -6.58039 -4.08267 -8.02965 -6.70939 -1 -1 -1 0 2 5 6 7 
89 1 -7.29793 -2.47037 1.5963 -7.45994 -3.96159 -7.13593 -0.979143 -1 -1 -1 0 2 5 6 7 
32 2 -7.10525 -0.0110715 1.53486 -6.56423 -1.41011 -7.64627 1.38796 -1 -1 -1 1 3 6 7 8 
92 2 -9.07261 0.940962 1.59747 -8.88744 -0.547565 -9.25778 2.42949 -1 -1 -1 1 3 6 7 8 
30 2 -9.6158 -0.94959 1.53668 -9.53447 -2.44738 -9.69712 0.548204 -1 -1 -1 1 3 6 7 8 
128 2 -8.64312 1.46865 1.5358 -8.68464 -0.0307783 -8.6016 2.96807 -1 -1 -1 1 3 6 7 8 
49 2 -9.08313 -1.66187 1.53819 -9.42175 -3.12315 -8.7445 -0.200593 -1 -1 -1 1 3 6 7 8 
110 2 -7.73893 1.24856 1.47668 -8.28255 -0.149464 -7.19531 2.64659 -1 -1 -1 1 3 6 7 8 
109 2 -9.29567 -0.80552 1.54238 -9.18285 0.69023 -9.40849 -2.30127 -1 -1 -1 1 3 6 7 8 
27 2 -6.49805 0.296926 1.51453 -6.41782 -1.20093 -6.57828 1.79478 -1 -1 -1 1 3 6 7 8 
71 2 -6.26448 -1.61605 1.61523 -6.18721 -0.11804 -6.34175 -3.11406 -1 -1 -1 1 3 6 7 8 
56 3 -8.19298 5.25339 1.5693 -8.32425 6.74763 -8.06171 3.75914 -1 -1 -1 2 4 7 8 9 
52 3 -8.53034 5.1069 1.65249 -8.71031 6.59606 -8.35038 3.61773 -1 -1 -1 2 4 7 8 9 
31 3 -6.36202 5.01192 1.64665 -7.44501 6.04977 -5.27904 3.97406 -1 -1 -1 2 4 7 8 9 
51 3 -6.4321 4.12993 1.51942 -5.59042 2.88832 -7.27378 5.37153 -1 -1 -1 2 4 7 8 9 
35 3 -8.99863 3.88483 1.57487 -8.67163 5.34876 -9.32563 2.42091 -1 -1 -1 2 4 7 8 9 
38 3 -7.98619 5.45126 1.66868 -8.16179 6.94095 -7.81058 3.96158 -1 -1 -1 2 4 7 8 9 
29 3 -8.42892 3.25053 1.57246 -8.11023 1.78478 -8.74761 4.71629 -1 -1 -1 2 4 7 8 9 
86 3 -8.26456 3.24263 1.65076 -8.10106 1.75156 -8.42806 4.73369 -1 -1 -1 2 4 7 8 9 
37 3 -8.20491 3.59909 1.66868 -8.09487 2.10313 -8.31496 5.09505 -1 -1 -1 2 4 7 8 9 
113 3 -6.35452 4.23332 1.61256 -7.20569 5.46843 -5.50335 2.9982 -1 -1 -1 2 4 7 8 9 
130 3 -8.29945 2.39184 1.60474 -7.97476 0.927402 -8.62415 3.85627 -1 -1 -1 2 4 7 8 9 
33 3 -7.37736 4.90227 1.57137 -7.65561 6.37624 -7.0991 3.42831 -1 -1 -1 2 4 7 8 9 
88 3 -6.76621 2.14507 1.52721 -7.11449 0.686064 -6.41793 3.60408 -1 -1 -1 2 4 7 8 9 
151 3 -8.88902 2.37057 1.51143 -8.78742 3.86713 -8.99061 0.874016 -1 -1 -1 2 4 7 8 9 
75 3 -9.50598 4.92689 1.66739 -9.27488 6.40898 -9.73708 3.4448 -1 -1 -1 2 4 7 8 9 
134 3 -6.39074 5.7708 -0.033627 -7.25798 6.99468 -5.52349 4.54692 -1 -1 -1 2 4 7 8 9 
58 4 -9.19978 7.68944 -0.0321181 -9.44122 6.209 -8.95834 9.16988 -1 -1 -1 3 -1 8 9 -1 
77 4 -7.30175 9.16349 0.0753746 -8.66898 9.78048 -5.93452 8.5465 -1 -1 -1 3 -1 8 9 -1 
36 4 -8.95156 7.05916 1.51514 -8.65991 8.53054 -9.24321 5.58779 -1 -1 -1 3 -1 8 9 -1 
98 4 -7.41833 7.67479 0.0357864 -8.16959 8.9731 -6.66706 6.37649 -1 -1 -1 3 -1 8 9 -1 
94 4 -9.5946 7.53104 1.49327 -9.27396 8.99637 -9.91524 6.06572 -1 -1 -1 3 -1 8 9 -1 
57 4 -8.8577 6.93242 1.5693 -8.59964 8.41006 -9.11576 5.45479 -1 -1 -1 3 -1 8 9 -1 
158 4 -8.13794 9.83562 0.08265 -9.63791 9.84638 -6.63798 9.82485 -1 -1 -1 3 -1 8 9 -1 
53 4 -7.63991 7.15572 1.64356 -8.34613 8.47907 -6.93369 5.83237 -1 -1 -1 3 -1 8 9 -1 
93 4 -7.6055 6.60075 1.57299 -8.52897 7.78278 -6.68202 5.41872 -1 -1 -1 3 -1 8 9 -1 
96 4 -6.57281 9.47262 -0.0364301 -8.07034 9.5587 -5.07528 9.38655 -1 -1 -1 3 -1 8 9 -1 
78 4 -6.25213 7.19308 0.0219834 -7.39767 8.16144 -5.10658 6.22472 -1 -1 -1 3 -1 8 9 -1 
118 4 -6.15696 9.06305 -0.0705271 -7.61217 9.42684 -4.70174 8.69926 -1 -1 -1 3 -1 8 9 -1 
155 4 -6.77332 6.02397 0.0708671 -7.52138 7.32413 -6.02527 4.72381 -1 -1 -1 3 -1 8 9 -1 
83 5 -3.52684 -7.29501 -0.0484298 -2.53716 -6.16783 -4.51653 -8.42218 -1 0 1 -1 6 -1 10 11 
202 5 -4.44622 -8.6047 -0.0198541 -5.94471 -8.67197 -2.94772 -8.53744 -1 0 1 -1 6 -1 10 11 
61 5 -2.43194 -7.11291 -0.0551714 -2.12899 -5.64382 -2.7349 -8.582 -1 0 1 -1 6 -1 10 11 
163 5 -3.43228 -9.79811 0.000652872 -4.92875 -9.69515 -1.93582 -9.90107 -1 0 1 -1 6 -1 10 11 
81 5 -4.88678 -9.67371 0.0762549 -3.41474 -9.38547 -6.35883 -9.96196 -1 0 1 -1 6 -1 10 11 
23 5 -2.7073 -9.22907 1.50767 -1.25834 -8.84111 -4.15626 -9.61703 -1 0 1 -1 6 -1 10 11 
62 5 -3.00986 -9.08745 -0.0838541 -1.5936 -8.59326 -4.42611 -9.58164 -1 0 1 -1 6 -1 10 11 
148 5 -4.53251 -6.80197 1.53451 -5.55851 -7.8962 -3.50651 -5.70775 -1 0 1 -1 6 -1 10 11 
207 5 -3.52719 -6.97017 0.0828931 -2.58374 -5.80402 -4.47063 -8.13632 -1 0 1 -1 6 -1 10 11 
142 5 -5.59536 -9.52877 -0.0336728 -4.10778 -9.3361 -7.08293 -9.72143 -1 0 1 -1 6 -1 10 11 
82 5 -5.32509 -8.90551 -0.0667708 -3.8314 -9.043 -6.81877 -8.76801 -1 0 1 -1 6 -1 10 11 
106 5 -3.91081 -7.2642 1.52942 -4.89329 -8.39766 -2.92833 -6.13073 -1 0 1 -1 6 -1 10 11 
43 5 -5.90066 -6.6604 1.57954 -7.08381 -7.58243 -4.71751 -5.73836 -1 0 1 -1 6 -1 10 11 
101 5 -5.55421 -6.03985 0.0132319 -4.4481 -5.02668 -6.66033 -7.05302 -1 0 1 -1 6 -1 10 11 
64 5 -5.01391 -6.01792 1.58821 -6.13707 -7.01217 -3.89076 -5.02367 -1 0 1 -1 6 -1 10 11 
141 6 -4.04232 -4.26601 -0.0153654 -2.86576 -3.33558 -5.21888 -5.19645 0 1 2 5 7 10 11 12 
70 6 -3.89934 -3.17118 1.57811 -5.15476 -3.9921 -2.64391 -2.35026 0 1 2 5 7 10 11 12 
121 6 -4.07982 -5.47559 0.00172069 -2.91366 -4.53216 -5.24599 -6.41902 0 1 2 5 7 10 11 12 
41 6 -4.32187 -4.72497 -0.0685787 -3.1473 -3.79201 -5.49643 -5.65792 0 1 2 5 7 10 11 12 
47 6 -4.14873 -2.61322 1.60654 -5.16903 -3.71276 -3.12843 -1.51368 0 1 2 5 7 10 11 12 
167 6 -5.75205 -4.29129 -0.00214141 -5.04433 -2.96875 -6.45977 -5.61384 0 1 2 5 7 10 11 12 
66 6 -5.17397 -3.61042 1.61439 -5.56692 -5.05803 -4.78102 -2.16281 0 1 2 5 7 10 11 12 
169 6 -5.5733 -2.7267 1.58895 -6.23812 -4.07133 -4.90849 -1.38207 0 1 2 5 7 10 11 12 
107 6 -3.54855 -5.94947 1.55838 -4.45875 -7.14175 -2.63834 -4.7572 0 1 2 5 7 10 11 12 
125 6 -2.61275 -4.30407 -0.0866852 -2.82829 -2.81964 -2.39722 -5.78851 0 1 2 5 7 10 11 12 
187 6 -2.36372 -4.39625 -0.0401799 -2.52454 -2.9049 -2.2029 -5.88761 0 1 2 5 7 10 11 12 
126 6 -5.96572 -5.66465 -0.0866852 -4.67796 -4.89544 -7.25347 -6.43387 0 1 2 5 7 10 11 12 
67 7 -3.47117 0.727606 1.63243 -3.10987 -0.728231 -3.83248 2.18344 1 2 3 6 8 11 12 13 
129 7 -2.70644 0.179047 1.47294 -1.8997 -1.08553 -3.51319 1.44363 1 2 3 6 8 11 12 13 
131 7 -4.28875 1.16671 1.51604 -4.73033 -0.266823 -3.84717 2.60024 1 2 3 6 8 11 12 13 
34 7 -4.04733 0.49136 1.53506 -4.23522 -0.996826 -3.85944 1.97955 1 2 3 6 8 11 12 13 
26 7 -5.018 1.19429 1.57237 -5.03474 -0.305612 -5.00127 2.6942 1 2 3 6 8 11 12 13 
48 7 -4.89268 -0.964747 1.65033 -5.62663 -2.27292 -4.15873 0.343427 1 2 3 6 8 11 12 13 
65 7 -5.5847 -1.26595 1.50376 -5.65655 -2.76423 -5.51285 0.232324 1 2 3 6 8 11 12 13 
68 7 -3.9626 -0.874258 1.59126 -4.46669 -2.28702 -3.45851 0.538503 1 2 3 6 8 11 12 13 
50 7 -4.80721 0.753692 1.49607 -5.02149 -0.730925 -4.59294 2.23831 1 2 3 6 8 11 12 13 
111 7 -5.17472 1.16578 1.54961 -5.04591 -0.328676 -5.30354 2.66024 1 2 3 6 8 11 12 13 
189 7 -2.4617 -0.858309 0.0938717 -2.99781 0.542615 -1.92559 -2.25923 1 2 3 6 8 11 12 13 
122 7 -2.18949 -0.440798 0.0960758 -2.98114 0.83328 -1.39783 -1.71488 1 2 3 6 8 11 12 13 
127 7 -5.22847 0.817914 1.60202 -5.02672 -0.668456 -5.43023 2.30428 1 2 3 6 8 11 12 13 
91 7 -2.50943 0.697345 1.57205 -3.61234 1.714 -1.40652 -0.319314 1 2 3 6 8 11 12 13 
108 7 -5.64402 0.473541 1.57308 -5.63556 -1.02643 -5.65247 1.97352 1 2 3 6 8 11 12 13 
210 7 -2.66116 1.63017 0.0886768 -3.37768 2.94797 -1.94465 0.312369 1 2 3 6 8 11 12 13 
85 7 -2.68217 -1.93193 1.60699 -1.74708 -3.1048 -3.61726 -0.759072 1 2 3 6 8 11 12 13 
54 8 -3.76129 5.17857 1.57851 -4.68762 6.35837 -2.83496 3.99878 2 3 4 7 9 12 13 14 
55 8 -5.01442 3.32477 1.65656 -5.99751 4.4577 -4.03133 2.19184 2 3 4 7 9 12 13 14 
117 8 -3.37771 3.81347 -0.0258068 -4.3261 4.9756 -2.42931 2.65134 2 3 4 7 9 12 13 14 
74 8 -4.73078 4.28094 1.64626 -5.31299 5.66335 -4.14858 2.89854 2 3 4 7 9 12 13 14 
112 8 -3.65845 4.69561 1.63237 -4.63877 5.83094 -2.67812 3.56028 2 3 4 7 9 12 13 14 
95 8 -5.32411 3.25162 1.49327 -6.23248 4.4453 -4.41574 2.05794 2 3 4 7 9 12 13 14 
149 8 -3.74973 4.57792 1.54739 -4.62216 5.79812 -2.87731 3.35773 2 3 4 7 9 12 13 14 
153 8 -5.1938 5.939 0.0944598 -6.20192 7.04971 -4.18567 4.82828 2 3 4 7 9 12 13 14 
132 8 -3.35082 2.53908 1.59233 -4.00853 3.88719 -2.6931 1.19097 2 3 4 7 9 12 13 14 
212 8 -2.97787 4.84531 0.0451745 -3.99405 5.94866 -1.9617 3.74196 2 3 4 7 9 12 13 14 
137 8 -2.39305 5.80428 0.027191 -3.66046 6.60658 -1.12564 5.00198 2 3 4 7 9 12 13 14 
193 8 -2.05851 5.8503 0.0866947 -3.40669 6.50789 -0.710338 5.1927 2 3 4 7 9 12 13 14 
90 8 -2.80184 2.05405 1.62689 -2.06516 0.747407 -3.53851 3.36069 2 3 4 7 9 12 13 14 
97 9 -5.04849 8.09245 0.0814642 -6.44609 8.63718 -3.6509 7.54772 3 4 -1 8 -1 13 14 -1 
157 9 -3.66787 9.02669 0.0924511 -5.15092 9.25151 -2.18481 8.80187 3 4 -1 8 -1 13 14 -1 
234 9 -2.72446 8.73299 0.0738822 -4.21493 8.90183 -1.23399 8.56415 3 4 -1 8 -1 13 14 -1 
136 9 -3.30522 8.09813 -0.00985311 -4.73814 8.54166 -1.87229 7.6546 3 4 -1 8 -1 13 14 -1 
215 9 -3.11199 7.30656 -0.0463609 -4.52648 7.80578 -1.6975 6.80733 3 4 -1 8 -1 13 14 -1 
116 9 -4.475 8.75904 0.0688266 -5.87437 9.2992 -3.07563 8.21889 3 4 -1 8 -1 13 14 -1 
114 9 -3.90545 7.32444 1.61256 -5.20387 8.07551 -2.60703 6.57337 3 4 -1 8 -1 13 14 -1 
235 9 -3.27929 9.42494 -0.0355828 -4.77644 9.33252 -1.78214 9.51736 3 4 -1 8 -1 13 14 -1 
174 9 -3.55876 9.57462 -0.0158582 -5.04687 9.38617 -2.07064 9.76307 3 4 -1 8 -1 13 14 -1 
173 9 -3.19031 8.6289 0.0946512 -4.6502 8.97344 -1.73042 8.28436 3 4 -1 8 -1 13 14 -1 
72 9 -4.67895 7.66598 1.58781 -6.00847 8.36052 -3.34944 6.97143 3 4 -1 8 -1 13 14 -1 
138 9 -4.28553 6.28878 -0.00256941 -5.13524 7.5249 -3.43582 5.05265 3 4 -1 8 -1 13 14 -1 
76 9 -5.94037 7.24072 1.66739 -7.20545 8.04668 -4.67529 6.43475 3 4 -1 8 -1 13 14 -1 
175 9 -3.12539 6.64958 0.0185602 -4.41107 7.42225 -1.83971 5.87691 3 4 -1 8 -1 13 14 -1 
197 9 -4.05684 6.50385 -0.0313854 -5.13802 7.54358 -2.97565 5.46412 3 4 -1 8 -1 13 14 -1 
253 9 -2.30943 7.64991 -0.0652644 -3.77813 7.9547 -0.840717 7.34512 3 4 -1 8 -1 13 14 -1 
164 10 -0.33913 -7.41341 0.0663293 -0.713967 -5.96099 0.0357079 -8.86582 -1 5 6 -1 11 -1 15 16 
161 10 0.678221 -9.8721 -0.0377534 2.17795 -9.8435 -0.821507 -9.90069 -1 5 6 -1 11 -1 15 16 
184 10 -0.728677 -9.68423 0.0666466 0.770117 -9.74439 -2.22747 -9.62407 -1 5 6 -1 11 -1 15 16 
182 10 -0.696269 -9.08636 -0.0612134 -2.17318 -9.34854 0.78064 -8.82417 -1 5 6 -1 11 -1 15 16 
145 10 -0.740947 -6.98461 0.00575202 -0.761094 -5.48474 -0.720801 -8.48447 -1 5 6 -1 11 -1 15 16 
144 10 -0.840069 -7.48079 0.0588998 -0.814111 -5.98101 -0.866027 -8.98056 -1 5 6 -1 11 -1 15 16 
242 10 0.631277 -7.93334 -0.00484941 -0.430392 -6.87369 1.69295 -8.99299 -1 5 6 -1 11 -1 15 16 
227 10 1.56884 -8.26847 0.08476 0.312938 -7.44829 2.82474 -9.08866 -1 5 6 -1 11 -1 15 16 
181 10 1.69139 -6.76072 0.0295419 0.527368 -5.81465 2.85541 -7.7068 -1 5 6 -1 11 -1 15 16 
244 10 1.96004 -7.67002 0.0983097 0.661547 -6.91909 3.25854 -8.42096 -1 5 6 -1 11 -1 15 16 
241 11 1.57212 -5.23866 -0.00257303 0.761679 -3.97645 2.38256 -6.50088 5 6 7 10 12 15 16 17 
146 11 -1.21933 -3.69657 -0.0290627 -2.06878 -2.46027 -0.369887 -4.93288 5 6 7 10 12 15 16 17 
223 11 0.19925 -3.99988 -0.0611452 -0.867416 -2.94526 1.26592 -5.0545 5 6 7 10 12 15 16 17 
247 11 0.227418 -3.86808 0.0105635 -0.834787 -2.80897 1.28962 -4.9272 5 6 7 10 12 15 16 17 
266 11 1.39656 -5.64463 -0.0801331 0.582767 -4.38457 2.21035 -6.90468 5 6 7 10 12 15 16 17 
226 11 -0.0793171 -4.86161 -0.0370219 -1.12346 -3.78468 0.964823 -5.93854 5 6 7 10 12 15 16 17 
166 11 -0.57816 -2.96354 0.0316722 -1.64347 -1.90755 0.487151 -4.01953 5 6 7 10 12 15 16 17 
185 11 1.20213 -2.39981 -0.0540477 0.521102 -1.06332 1.88315 -3.7363 5 6 7 10 12 15 16 17 
264 11 0.626838 -5.04827 0.00277262 -0.173915 -3.77989 1.42759 -6.31665 5 6 7 10 12 15 16 17 
183 11 -1.79209 -4.8474 0.0928546 -2.19478 -3.40246 -1.38939 -6.29233 5 6 7 10 12 15 16 17 
162 11 0.496912 -5.3929 0.045501 -0.565064 -4.33356 1.55889 -6.45224 5 6 7 10 12 15 16 17 
123 11 -1.48001 -4.75591 -0.0113081 -2.12225 -3.40035 -0.837772 -6.11146 5 6 7 10 12 15 16 17 
221 11 -1.42439 -3.09285 -0.0620778 -2.49207 -2.03926 -0.356698 -4.14643 5 6 7 10 12 15 16 17 
284 11 1.17302 -4.02359 -0.043355 0.296346 -2.80645 2.0497 -5.24074 5 6 7 10 12 15 16 17 
246 11 1.64407 -2.76078 0.0105635 0.978807 -1.41637 2.30933 -4.10518 5 6 7 10 12 15 16 17 
243 11 1.23044 -5.63543 -0.00534277 0.409152 -4.38025 2.05173 -6.89062 5 6 7 10 12 15 16 17 
203 11 1.06996 -2.23465 0.0986814 0.362557 -0.911928 1.77736 -3.55736 5 6 7 10 12 15 16 17 
147 11 0.0891 -2.00407 -0.0290627 -0.280013 -0.55019 0.458213 -3.45794 5 6 7 10 12 15 16 17 
194 12 -1.10468 0.0144757 0.0518072 -1.60127 1.42989 -0.608087 -1.40094 6 7 8 11 13 16 17 18 
171 12 0.167632 0.703716 1.62101 0.852688 -0.630713 -0.517424 2.03814 6 7 8 11 13 16 17 18 
188 12 -0.55744 0.453449 0.0938717 -1.05786 1.86752 -0.0570242 -0.960617 6 7 8 11 13 16 17 18 
328 12 0.217815 0.320755 1.57454 -0.377642 1.6975 0.813272 -1.05599 6 7 8 11 13 16 17 18 
208 12 1.28339 -0.0521492 0.0886768 0.93038 1.40572 1.6364 -1.51002 6 7 8 11 13 16 17 18 
168 12 -1.15044 -0.170066 -0.00214141 -1.71269 1.22057 -0.588185 -1.5607 6 7 8 11 13 16 17 18 
170 12 -1.3805 1.67828 1.62101 -1.77986 3.12414 -0.981138 0.232415 6 7 8 11 13 16 17 18 
205 12 0.44222 -1.46302 -0.0835163 0.121477 0.00228993 0.762963 -2.92832 6 7 8 11 13 16 17 18 
150 12 -0.292107 -1.81504 1.5108 -0.923471 -0.454382 0.339258 -3.17569 6 7 8 11 13 16 17 18 
133 12 -1.12579 -1.3442 1.59233 -2.14296 -0.241768 -0.108618 -2.44664 6 7 8 11 13 16 17 18 
232 12 0.637453 1.48697 0.0536245 0.687137 -0.0122112 0.587768 2.98614 6 7 8 11 13 16 17 18 
105 12 -1.89586 -0.228044 -0.0464703 -2.81095 0.960493 -0.980779 -1.41658 6 7 8 11 13 16 17 18 
172 12 -1.81398 1.92647 0.080962 -2.02639 3.41135 -1.60157 0.441584 6 7 8 11 13 16 17 18 
191 13 -0.0356532 5.1711 -0.0803081 -1.43905 5.70071 1.36774 4.64148 7 8 9 12 14 17 18 19 
176 13 -1.01377 4.74 0.0439749 -2.35308 5.41547 0.32553 4.06453 7 8 9 12 14 17 18 19 
252 13 0.894034 3.75488 1.54105 -0.37141 4.56027 2.15948 2.94949 7 8 9 12 14 17 18 19 
177 13 -0.799595 4.47157 0.0410186 -2.1277 5.1688 0.528515 3.77435 7 8 9 12 14 17 18 19 
115 13 -0.923742 4.06463 0.0241251 -2.00595 5.1033 0.158462 3.02596 7 8 9 12 14 17 18 19 
213 13 -1.73615 5.54268 0.0189033 -3.04589 6.27384 -0.42642 4.81152 7 8 9 12 14 17 18 19 
87 13 -0.54675 3.51228 1.62448 0.594451 2.5388 -1.68795 4.48575 7 8 9 12 14 17 18 19 
196 13 -1.12418 2.44846 -0.0214127 -1.6712 3.84516 -0.577169 1.05176 7 8 9 12 14 17 18 19 
273 13 1.01512 4.5368 1.63076 -0.454514 4.83708 2.48476 4.23652 7 8 9 12 14 17 18 19 
190 13 1.95807 4.41297 0.0938717 3.42921 4.12014 0.486933 4.70579 7 8 9 12 14 17 18 19 
209 13 1.40061 5.5557 0.0886768 2.89566 5.43402 -0.094449 5.67738 7 8 9 12 14 17 18 19 
316 13 1.40911 5.71481 -0.0655887 2.89732 5.52713 -0.0791055 5.9025 7 8 9 12 14 17 18 19 
214 13 1.99771 5.34531 -0.0575552 3.49695 5.39276 0.498456 5.29785 7 8 9 12 14 17 18 19 
237 14 0.280402 9.07796 0.0560184 -1.15021 9.5289 1.71102 8.62702 8 9 -1 13 -1 18 19 -1 
154 14 0.0828982 9.39512 -0.0763312 -1.39764 9.63599 1.56343 9.15425 8 9 -1 13 -1 18 19 -1 
297 14 -0.507647 9.80499 0.0840942 0.980876 9.61978 -1.99617 9.99019 8 9 -1 13 -1 18 19 -1 
178 14 -1.73443 8.13765 0.0681749 -3.17 8.57254 -0.298851 7.70277 8 9 -1 13 -1 18 19 -1 
217 14 -1.74091 7.38595 0.0193853 -3.19458 7.7559 -0.28725 7.01601 8 9 -1 13 -1 18 19 -1 
198 14 -1.01426 8.7154 -0.0460039 -2.36833 9.36077 0.339802 8.07003 8 9 -1 13 -1 18 19 -1 
218 14 0.321584 9.78525 0.0219677 -1.16486 9.98649 1.80802 9.58401 8 9 -1 13 -1 18 19 -1 
156 14 0.21812 9.63615 0.0322909 -1.27866 9.7343 1.71491 9.53799 8 9 -1 13 -1 18 19 -1 
317 14 0.894233 7.33826 0.0721344 2.39171 7.4252 -0.603246 7.25133 8 9 -1 13 -1 18 19 -1 
233 14 -0.971371 6.67776 0.0984411 0.501572 6.96138 -2.44431 6.39414 8 9 -1 13 -1 18 19 -1 
278 14 0.826492 8.74196 -0.0548573 2.25066 8.27107 -0.597677 9.21286 8 9 -1 13 -1 18 19 -1 
135 14 -1.47693 6.01994 -0.0784199 -2.89281 6.51519 -0.061049 5.52468 8 9 -1 13 -1 18 19 -1 
277 14 1.68192 8.13799 -0.0597183 3.05962 7.54473 0.304225 8.73124 8 9 -1 13 -1 18 19 -1 
302 15 5.41618 -9.34536 -0.0541769 3.91747 -9.40747 6.9149 -9.28326 -1 10 11 -1 16 -1 20 21 
263 15 3.65064 -8.75826 0.0564466 2.22715 -8.28528 5.07412 -9.23123 -1 10 11 -1 16 -1 20 21 
201 15 4.46962 -6.75428 -0.0121466 3.77344 -5.42562 5.1658 -8.08294 -1 10 11 -1 16 -1 20 21 
186 15 2.73634 -7.44376 0.0781129 1.56102 -6.51176 3.91167 -8.37576 -1 10 11 -1 16 -1 20 21 
261 15 2.71535 -6.79477 0.0248666 1.53923 -5.86379 3.89148 -7.72576 -1 10 11 -1 16 -1 20 21 
165 15 2.31248 -8.9046 -0.0187441 1.00195 -8.17487 3.62301 -9.63433 -1 10 11 -1 16 -1 20 21 
303 15 5.42022 -6.55504 0.0786674 4.40517 -5.45066 6.43528 -7.65942 -1 10 11 -1 16 -1 20 21 
206 15 3.4239 -6.54779 -0.08235 2.2871 -5.56917 4.5607 -7.5264 -1 10 11 -1 16 -1 20 21 
225 15 2.88755 -6.18373 -0.0243093 1.77098 -5.1821 4.00413 -7.18536 -1 10 11 -1 16 -1 20 21 
222 15 5.80585 -6.20974 -0.0374866 4.90751 -5.0085 6.7042 -7.41099 -1 10 11 -1 16 -1 20 21 
245 16 2.24928 -5.20997 -0.0212704 1.27913 -4.06595 3.21944 -6.354 10 11 12 15 17 20 21 22 
248 16 4.4352 -4.73541 1.55798 3.39268 -3.65691 5.47771 -5.81391 10 11 12 15 17 20 21 22 
344 16 2.10014 -4.17432 1.5878 1.33902 -2.88176 2.86125 -5.46688 10 11 12 15 17 20 21 22 
265 16 5.23276 -3.95353 -0.0801331 4.31022 -2.77077 6.1553 -5.13629 10 11 12 15 17 20 21 22 
270 16 2.97201 -5.26675 1.62258 2.33539 -3.90855 3.60863 -6.62496 10 11 12 15 17 20 21 22 
283 16 4.03134 -4.81763 0.0836279 2.88959 -3.84479 5.17308 -5.79047 10 11 12 15 17 20 21 22 
262 16 4.63235 -4.69049 -0.0512347 3.71554 -3.50329 5.54917 -5.8777 10 11 12 15 17 20 21 22 
230 16 2.87985 -2.2853 1.61476 2.15924 -0.969734 3.60046 -3.60087 10 11 12 15 17 20 21 22 
152 16 2.80714 -3.61638 1.51143 1.72524 -2.5774 3.88905 -4.65537 10 11 12 15 17 20 21 22 
267 16 5.27209 -2.84034 1.47404 4.00622 -2.03563 6.53796 -3.64505 10 11 12 15 17 20 21 22 
282 16 5.91762 -3.50623 -0.0810843 4.55158 -2.88659 7.28365 -4.12587 10 11 12 15 17 20 21 22 
229 16 3.7513 -2.79315 1.56342 4.63449 -4.00558 2.86811 -1.58073 10 11 12 15 17 20 21 22 
211 16 3.02525 -2.49466 0.0146525 2.31997 -1.17081 3.73054 -3.8185 10 11 12 15 17 20 21 22 
224 16 2.88969 -4.20629 -0.0442809 1.98618 -3.00893 3.79319 -5.40365 10 11 12 15 17 20 21 22 
286 16 5.65837 -5.06673 1.62525 4.69366 -3.9181 6.62307 -6.21536 10 11 12 15 17 20 21 22 
73 16 3.92202 -2.09399 1.49962 2.65401 -1.29265 5.19003 -2.89532 10 11 12 15 17 20 21 22 
330 17 3.54522 0.564206 1.4827 2.63229 1.7544 4.45816 -0.625983 11 12 13 16 18 21 22 23 
351 17 2.92703 0.708276 1.5717 2.21392 2.02792 3.64014 -0.611372 11 12 13 16 18 21 22 23 
323 17 2.4877 -0.621987 0.017917 1.49715 0.504428 3.47825 -1.7484 11 12 13 16 18 21 22 23 
271 17 4.94774 -0.039627 1.61511 3.65398 0.719434 6.24151 -0.798688 11 12 13 16 18 21 22 23 
231 17 2.62998 0.742074 1.61476 1.7161 1.93153 3.54387 -0.447384 11 12 13 16 18 21 22 23 
326 17 3.4461 -0.924122 1.64329 2.50479 0.243755 4.38741 -2.092 11 12 13 16 18 21 22 23 
309 17 3.61076 0.245989 1.64993 2.80436 1.51079 4.41715 -1.01881 11 12 13 16 18 21 22 23 
268 17 5.35246 1.47069 1.57244 4.05379 0.720044 6.65112 2.22134 11 12 13 16 18 21 22 23 
287 17 2.29985 0.515603 1.57435 1.5403 1.80908 3.0594 -0.777873 11 12 13 16 18 21 22 23 
293 17 4.90353 1.77433 1.6695 3.64541 0.957541 6.16165 2.59111 11 12 13 16 18 21 22 23 
250 17 5.07973 -1.26268 1.58442 4.28189 0.00754394 5.87757 -2.53289 11 12 13 16 18 21 22 23 
305 17 2.8097 -1.80541 1.52065 2.03767 -0.519345 3.58174 -3.09147 11 12 13 16 18 21 22 23 
345 17 5.81567 -1.69579 1.54214 4.75434 -0.635805 6.87701 -2.75578 11 12 13 16 18 21 22 23 
334 18 3.92318 3.08333 1.49321 2.43771 3.29155 5.40866 2.87511 12 13 14 17 19 22 23 24 
254 18 4.3755 4.54251 0.0939474 5.87258 4.44892 2.87842 4.63611 12 13 14 17 19 22 23 24 
310 18 3.37079 3.61918 1.66042 1.89658 3.89613 4.845 3.34223 12 13 14 17 19 22 23 24 
311 18 3.39633 2.55869 1.63968 1.89974 2.65985 4.89291 2.45754 12 13 14 17 19 22 23 24 
292 18 3.85582 2.48032 1.52951 2.3623 2.61955 5.34934 2.34108 12 13 14 17 19 22 23 24 
295 18 3.85923 3.72101 -0.0909834 5.3388 3.47424 2.37967 3.96778 12 13 14 17 19 22 23 24 
313 18 4.4241 5.13207 1.66995 2.93741 5.33143 5.91079 4.9327 12 13 14 17 19 22 23 24 
312 18 2.38483 3.64811 1.55215 0.890418 3.77749 3.87924 3.51872 12 13 14 17 19 22 23 24 
331 18 4.93153 4.48641 1.61035 3.43593 4.60119 6.42713 4.37163 12 13 14 17 19 22 23 24 
370 18 3.09978 4.88706 1.62503 1.60044 4.84273 4.59913 4.9314 12 13 14 17 19 22 23 24 
216 18 3.0173 3.95156 -0.00681139 4.48472 3.64064 1.54988 4.26248 12 13 14 17 19 22 23 24 
249 18 4.35211 4.2909 1.49744 2.86958 4.51912 5.83465 4.06267 12 13 14 17 19 22 23 24 
251 18 3.31775 2.22563 1.54105 1.8238 2.36024 4.8117 2.09102 12 13 14 17 19 22 23 24 
290 18 2.73813 3.17651 1.62067 1.29019 3.56826 4.18607 2.78475 12 13 14 17 19 22 23 24 
195 18 3.1904 4.8049 -0.0966908 4.68466 4.93609 1.69615 4.6737 12 13 14 17 19 22 23 24 
315 18 5.06935 5.31435 1.52025 3.6665 5.84541 6.4722 4.7833 12 13 14 17 19 22 23 24 
294 18 3.25685 5.71594 1.6695 1.86313 6.27049 4.65058 5.16139 12 13 14 17 19 22 23 24 
349 18 5.16376 2.11886 1.62199 6.44696 2.89564 3.88055 1.34208 12 13 14 17 19 22 23 24 
336 18 3.34511 5.99081 1.56548 1.93195 6.49379 4.75826 5.48783 12 13 14 17 19 22 23 24 
255 19 3.73613 9.3304 -0.00311797 2.25238 9.11022 5.21988 9.55058 13 14 -1 18 -1 23 24 -1 
275 19 4.63484 8.2328 -0.0896766 6.01074 8.83021 3.25894 7.63539 13 14 -1 18 -1 23 24 -1 
257 19 4.13598 8.55846 -0.0370511 2.70344 8.1137 5.56853 9.00322 13 14 -1 18 -1 23 24 -1 
256 19 5.72371 7.99714 0.024088 7.16962 8.3963 4.27779 7.59798 13 14 -1 18 -1 23 24 -1 
354 19 4.56415 7.28677 1.65873 3.09659 6.97652 6.03172 7.59701 13 14 -1 18 -1 23 24 -1 
373 19 3.2687 9.15351 1.55408 1.80378 8.83099 4.73361 9.47604 13 14 -1 18 -1 23 24 -1 
236 19 3.40345 7.20109 0.0754502 4.88956 7.40477 1.91734 6.99741 13 14 -1 18 -1 23 24 -1 
276 19 4.02119 6.94677 0.0647429 5.50863 7.14048 2.53375 6.75306 13 14 -1 18 -1 23 24 -1 
375 19 5.45288 9.53902 1.58201 3.97425 9.7913 6.93152 9.28674 13 14 -1 18 -1 23 24 -1 
314 19 4.46512 6.0842 1.52025 3.031 6.52384 5.89925 5.64456 13 14 -1 18 -1 23 24 -1 
238 19 2.04328 7.50493 -0.0677189 0.552236 7.66857 3.53433 7.34129 13 14 -1 18 -1 23 24 -1 
321 20 7.92232 -8.39821 0.00346954 7.11893 -7.1315 8.72571 -9.66493 -1 15 16 -1 21 -1 -1 -1 
343 20 6.86882 -9.76733 1.58283 5.37198 -9.86461 8.36566 -9.67004 -1 15 16 -1 21 -1 -1 -1 
362 20 8.91087 -8.3392 1.61243 8.99787 -6.84173 8.82386 -9.83667 -1 15 16 -1 21 -1 -1 -1 
324 20 7.08676 -8.07168 1.52854 6.18963 -6.86953 7.98389 -9.27383 -1 15 16 -1 21 -1 -1 -1 
322 20 6.76842 -9.17217 0.017917 5.32607 -8.7603 8.21076 -9.58404 -1 15 16 -1 21 -1 -1 -1 
281 20 7.49063 -6.81419 0.0213392 6.98982 -5.40026 7.99145 -8.22811 -1 15 16 -1 21 -1 -1 -1 
306 20 6.33452 -7.48109 1.66258 5.45684 -6.26468 7.21221 -8.69751 -1 15 16 -1 21 -1 -1 -1 
228 20 7.03284 -8.9436 0.08476 5.6418 -8.38234 8.42388 -9.50486 -1 15 16 -1 21 -1 -1 -1 
346 20 9.54525 -8.39951 1.57554 9.69976 -6.90749 9.39074 -9.89153 -1 15 16 -1 21 -1 -1 -1 
304 20 7.26591 -7.88582 0.0786674 6.56255 -6.56095 7.96927 -9.2107 -1 15 16 -1 21 -1 -1 -1 
285 20 6.61439 -8.24321 -0.043355 7.7727 -9.19626 5.45607 -7.29016 -1 15 16 -1 21 -1 -1 -1 
327 20 7.91493 -7.06854 1.48248 7.50554 -5.62549 8.32433 -8.51159 -1 15 16 -1 21 -1 -1 -1 
341 20 6.29164 -7.14622 -0.0266753 5.48897 -5.87905 7.09431 -8.41339 -1 15 16 -1 21 -1 -1 -1 
288 20 9.45847 -6.13565 1.54623 9.31388 -4.64263 9.60307 -7.62866 -1 15 16 -1 21 -1 -1 -1 
366 21 7.98017 -4.67547 1.59963 7.45219 -3.27147 8.50815 -6.07948 15 16 17 20 22 -1 -1 -1 
307 21 7.27654 -2.96774 1.47786 6.75317 -1.56201 7.7999 -4.37348 15 16 17 20 22 -1 -1 -1 
348 21 9.05261 -3.2542 1.61413 8.83512 -1.77005 9.2701 -4.73835 15 16 17 20 22 -1 -1 -1 
192 21 8.69423 -2.10773 0.060257 8.52123 -0.617741 8.86724 -3.59772 15 16 17 20 22 -1 -1 -1 
364 21 7.39243 -3.73477 1.6272 6.86612 -2.33014 7.91873 -5.13941 15 16 17 20 22 -1 -1 -1 
325 21 7.84047 -5.7447 1.49129 6.98605 -4.51184 8.6949 -6.97757 15 16 17 20 22 -1 -1 -1 
301 21 6.24199 -4.69576 -0.0896105 5.47389 -3.40734 7.01009 -5.98417 15 16 17 20 22 -1 -1 -1 
342 21 7.57188 -3.07682 -0.0266753 7.06893 -1.66366 8.07483 -4.48999 15 16 17 20 22 -1 -1 -1 
361 21 7.42654 -5.23248 0.0685141 6.54846 -4.01635 8.30462 -6.44861 15 16 17 20 22 -1 -1 -1 
350 21 9.82549 -2.5541 1.54919 9.86675 -1.05467 9.78422 -4.05353 15 16 17 20 22 -1 -1 -1 
363 21 9.26769 -5.24641 1.63109 9.06861 -3.75967 9.46676 -6.73314 15 16 17 20 22 -1 -1 -1 
308 21 7.40849 -2.08981 1.55792 6.65327 -0.793803 8.16372 -3.38582 15 16 17 20 22 -1 -1 -1 
291 21 6.23573 -3.05282 1.5682 5.08375 -2.09213 7.38771 -4.01352 15 16 17 20 22 -1 -1 -1 
368 22 8.91135 -0.417453 1.67067 8.85032 1.0813 8.97237 -1.91621 16 17 18 21 23 -1 -1 -1 
329 22 9.3354 -0.518938 1.50539 9.23808 0.977902 9.43272 -2.01578 16 17 18 21 23 -1 -1 -1 
372 22 8.37674 0.142142 1.51924 8.03516 1.60273 8.71832 -1.31845 16 17 18 21 23 -1 -1 -1 
289 22 8.05416 -1.47703 1.47494 7.47972 -0.0913808 8.62859 -2.86268 16 17 18 21 23 -1 -1 -1 
367 22 6.59853 -0.788869 1.47839 6.6377 0.71062 6.55937 -2.28836 16 17 18 21 23 -1 -1 -1 
352 22 8.13555 1.68211 1.58557 9.6355 1.67018 6.6356 1.69405 16 17 18 21 23 -1 -1 -1 
365 22 8.00039 -0.593847 1.61639 7.67768 0.871027 8.3231 -2.05872 16 17 18 21 23 -1 -1 -1 
347 22 9.7785 1.67838 1.50313 9.83587 0.179475 9.72112 3.17728 16 17 18 21 23 -1 -1 -1 
353 22 6.43997 1.62045 1.56506 5.11537 0.916583 7.76457 2.32433 16 17 18 21 23 -1 -1 -1 
269 22 6.04949 0.7922 1.58036 4.64108 0.276077 7.4579 1.30832 16 17 18 21 23 -1 -1 -1 
357 23 7.8713 2.52602 1.6088 9.36862 2.43649 6.37397 2.61556 17 18 19 22 24 -1 -1 -1 
332 23 8.20175 3.67739 1.47638 9.56859 3.05954 6.8349 4.29523 17 18 19 22 24 -1 -1 -1 
356 23 8.6836 4.7545 1.6088 9.4955 3.49323 7.87169 6.01578 17 18 19 22 24 -1 -1 -1 
369 23 8.46319 3.85216 1.504 9.8561 3.29556 7.07028 4.40876 17 18 19 22 24 -1 -1 -1 
374 23 8.12287 3.41183 1.64317 6.73118 3.97148 9.51456 2.85219 17 18 19 22 24 -1 -1 -1 
272 23 6.47518 4.26904 1.63076 5.60914 3.0443 7.34121 5.49378 17 18 19 22 24 -1 -1 -1 
333 23 6.59641 2.82101 1.58287 5.24987 2.16007 7.94295 3.48194 17 18 19 22 24 -1 -1 -1 
371 23 8.04533 3.64617 1.55579 6.6542 4.20721 9.43646 3.08513 17 18 19 22 24 -1 -1 -1 
335 23 6.87918 4.51382 1.56548 5.90663 3.37182 7.85173 5.65581 17 18 19 22 24 -1 -1 -1 
358 23 9.57441 5.83585 -0.0262301 9.85797 4.3629 9.29085 7.30881 17 18 19 22 24 -1 -1 -1 
274 23 9.57269 5.45819 0.0303916 9.26297 6.92587 9.8824 3.99052 17 18 19 22 24 -1 -1 -1 
338 23 8.12279 5.81737 0.0623159 9.24586 4.82302 6.99973 6.81172 17 18 19 22 24 -1 -1 -1 
337 24 7.69472 8.31947 -0.0754216 6.23937 7.9562 9.15006 8.68274 18 19 -1 23 -1 -1 -1 -1 
378 24 7.50363 8.02118 1.61999 6.091 7.51674 8.91626 8.52563 18 19 -1 23 -1 -1 -1 -1 
318 24 7.30644 8.8578 0.0769724 8.79718 9.02428 5.81571 8.69133 18 19 -1 23 -1 -1 -1 -1 
377 24 9.70487 8.17948 1.61999 9.57262 6.68533 9.83712 9.67364 18 19 -1 23 -1 -1 -1 -1 
296 24 9.15561 8.15973 -0.0642139 9.3603 9.6457 8.95093 6.67376 18 19 -1 23 -1 -1 -1 -1 
258 24 7.65306 9.39157 0.03131 9.08027 9.85316 6.22585 8.92997 18 19 -1 23 -1 -1 -1 -1 
298 24 7.34807 7.57449 -0.0538784 8.82326 7.84621 5.87289 7.30277 18 19 -1 23 -1 -1 -1 -1 
376 24 9.13626 7.04379 1.61539 9.54269 8.48768 8.72982 5.5999 18 19 -1 23 -1 -1 -1 -1 
355 24 6.22954 6.90858 1.65228 7.69365 7.23476 4.76543 6.58241 18 19 -1 23 -1 -1 -1 -1 
