25 0 -7.97854 -8.92858 1.51782 -9.44588 -8.61724 -6.51121 -9.23993 -1 -1 -1 -1 1 -1 5 6 
163 0 -7.59789 -8.65015 0.000652872 -9.0762 -8.39594 -6.11959 -8.90436 -1 -1 -1 -1 1 -1 5 6 
102 0 -6.71338 -7.12049 -0.0897456 -5.34328 -6.5099 -8.08348 -7.73108 -1 -1 -1 -1 1 -1 5 6 
143 0 -9.05006 -6.65063 0.0057508 -9.55962 -5.23984 -8.54051 -8.06143 -1 -1 -1 -1 1 -1 5 6 
148 0 -7.10171 -9.57163 1.53451 -8.58156 -9.32655 -5.62187 -9.81671 -1 -1 -1 -1 1 -1 5 6 
21 0 -7.152 -6.86344 -0.092345 -5.83882 -6.13848 -8.46519 -7.58839 -1 -1 -1 -1 1 -1 5 6 
104 0 -6.13269 -8.03372 -0.0464703 -4.64892 -8.25376 -7.61647 -7.81369 -1 -1 -1 -1 1 -1 5 6 
204 0 -6.02521 -6.4486 0.0898347 -7.41277 -7.01839 -4.63764 -5.87881 -1 -1 -1 -1 1 -1 5 6 
46 1 -9.44407 -2.8113 1.51621 -9.71961 -4.28577 -9.16853 -1.33682 -1 -1 -1 0 2 5 6 7 
69 1 -8.31265 -5.20848 1.65286 -8.11778 -6.69576 -8.50752 -3.72119 -1 -1 -1 0 2 5 6 7 
108 1 -9.18664 -4.39155 1.57308 -9.22511 -5.89105 -9.14816 -2.89204 -1 -1 -1 0 2 5 6 7 
84 1 -7.56568 -3.71904 -0.0484298 -7.42842 -2.22533 -7.70293 -5.21274 -1 -1 -1 0 2 5 6 7 
124 1 -8.15589 -5.2513 -0.0693766 -8.33144 -3.76161 -7.98035 -6.741 -1 -1 -1 0 2 5 6 7 
28 1 -9.66782 -3.5382 1.47188 -9.98355 -5.00459 -9.35209 -2.0718 -1 -1 -1 0 2 5 6 7 
103 1 -6.87857 -4.82179 -0.00949416 -6.60838 -6.29725 -7.14876 -3.34632 -1 -1 -1 0 2 5 6 7 
24 1 -9.76066 -3.2858 1.49928 -9.98522 -4.76889 -9.53611 -1.8027 -1 -1 -1 0 2 5 6 7 
61 1 -7.2784 -5.10554 -0.0551714 -7.27663 -3.60554 -7.28018 -6.60554 -1 -1 -1 0 2 5 6 7 
71 1 -6.34614 -3.64395 1.61523 -6.63774 -5.11533 -6.05453 -2.17257 -1 -1 -1 0 2 5 6 7 
153 1 -7.21057 -2.38741 0.0944598 -7.87538 -1.04278 -6.54577 -3.73204 -1 -1 -1 0 2 5 6 7 
65 1 -8.97647 -2.78668 1.50376 -8.98206 -4.28667 -8.97089 -1.28669 -1 -1 -1 0 2 5 6 7 
53 1 -9.58702 -2.41936 1.64356 -9.40466 -0.930488 -9.76937 -3.90824 -1 -1 -1 0 2 5 6 7 
109 1 -9.04752 -2.15073 1.54238 -9.01194 -0.651148 -9.0831 -3.6503 -1 -1 -1 0 2 5 6 7 
32 1 -6.01972 -3.55999 1.53486 -6.18985 -5.05031 -5.84959 -2.06966 -1 -1 -1 0 2 5 6 7 
27 2 -9.47189 -1.73907 1.51453 -9.63943 -3.22969 -9.30435 -0.248459 -1 -1 -1 1 3 6 7 8 
26 2 -8.17308 0.927448 1.57237 -7.84811 -0.536928 -8.49804 2.39182 -1 -1 -1 1 3 6 7 8 
89 2 -8.74338 -0.194858 1.5963 -8.05539 -1.52777 -9.43137 1.13806 -1 -1 -1 1 3 6 7 8 
66 2 -7.07161 -1.39647 1.61439 -6.64418 -2.83429 -7.49903 0.0413401 -1 -1 -1 1 3 6 7 8 
167 2 -6.78402 -0.952079 -0.00214141 -7.07368 0.519687 -6.49435 -2.42385 -1 -1 -1 1 3 6 7 8 
130 2 -7.12754 -0.395277 1.60474 -6.67978 -1.82689 -7.5753 1.03633 -1 -1 -1 1 3 6 7 8 
127 2 -8.33012 -1.73409 1.60202 -7.75913 -3.12116 -8.9011 -0.347013 -1 -1 -1 1 3 6 7 8 
45 2 -8.9602 0.936084 1.63561 -9.73634 2.21967 -8.18406 -0.347505 -1 -1 -1 1 3 6 7 8 
149 2 -6.84578 1.47573 1.54739 -6.96757 2.97078 -6.72398 -0.0193146 -1 -1 -1 1 3 6 7 8 
49 2 -9.16652 1.78333 1.53819 -8.57151 0.406389 -9.76153 3.16027 -1 -1 -1 1 3 6 7 8 
50 2 -9.648 -1.24861 1.49607 -9.78655 -2.7422 -9.50944 0.244972 -1 -1 -1 1 3 6 7 8 
35 3 -8.76889 4.99377 1.57487 -8.76785 6.49377 -8.76993 3.49377 -1 -1 -1 2 4 7 8 9 
33 3 -7.42113 5.49584 1.57137 -8.3373 6.68355 -6.50496 4.30814 -1 -1 -1 2 4 7 8 9 
38 3 -8.64753 3.58378 1.66868 -8.68096 5.0834 -8.61411 2.08415 -1 -1 -1 2 4 7 8 9 
111 3 -6.6785 2.99056 1.54961 -5.7065 1.8481 -7.65051 4.13302 -1 -1 -1 2 4 7 8 9 
92 3 -8.23665 3.48916 1.59747 -8.32139 1.99155 -8.15191 4.98676 -1 -1 -1 2 4 7 8 9 
51 3 -7.72347 4.98776 1.51942 -6.75291 3.84408 -8.69404 6.13144 -1 -1 -1 2 4 7 8 9 
29 3 -9.05958 4.48656 1.57246 -8.96969 2.98925 -9.14947 5.98386 -1 -1 -1 2 4 7 8 9 
58 3 -7.58988 5.53173 -0.0321181 -6.75877 4.28303 -8.421 6.78043 -1 -1 -1 2 4 7 8 9 
37 3 -7.59265 3.54281 1.66868 -7.33985 2.06427 -7.84546 5.02136 -1 -1 -1 2 4 7 8 9 
128 3 -6.82502 4.27155 1.5358 -6.00015 3.01871 -7.64988 5.52439 -1 -1 -1 2 4 7 8 9 
94 3 -9.27109 5.65824 1.49327 -9.43096 7.1497 -9.11122 4.16678 -1 -1 -1 2 4 7 8 9 
52 3 -7.17943 5.74659 1.65249 -7.83079 7.09779 -6.52807 4.3954 -1 -1 -1 2 4 7 8 9 
151 3 -8.71355 2.21055 1.51143 -8.9186 3.69647 -8.5085 0.724632 -1 -1 -1 2 4 7 8 9 
93 4 -9.12521 8.22913 1.57299 -9.77389 9.58162 -8.47654 6.87664 -1 -1 -1 3 -1 8 9 -1 
174 4 -7.26283 6.44885 -0.0158582 -7.97286 7.77016 -6.55279 5.12755 -1 -1 -1 3 -1 8 9 -1 
110 4 -7.35608 7.74003 1.47668 -6.5781 6.45756 -8.13406 9.02251 -1 -1 -1 3 -1 8 9 -1 
54 4 -6.89524 6.78339 1.57851 -7.63224 8.08985 -6.15824 5.47693 -1 -1 -1 3 -1 8 9 -1 
98 4 -8.67069 7.55764 0.0357864 -9.10365 8.9938 -8.23774 6.12148 -1 -1 -1 3 -1 8 9 -1 
197 4 -7.16312 9.19473 -0.0313854 -8.64409 9.4329 -5.68215 8.95656 -1 -1 -1 3 -1 8 9 -1 
57 4 -9.4327 6.58099 1.5693 -9.64758 8.06552 -9.21782 5.09646 -1 -1 -1 3 -1 8 9 -1 
134 4 -6.7412 6.58386 -0.033627 -7.47933 7.88968 -6.00307 5.27804 -1 -1 -1 3 -1 8 9 -1 
116 4 -6.4214 7.30404 0.0688266 -7.57976 8.25705 -5.26305 6.35104 -1 -1 -1 3 -1 8 9 -1 
56 4 -8.04338 7.33564 1.5693 -8.76275 8.65189 -7.32401 6.0194 -1 -1 -1 3 -1 8 9 -1 
75 4 -9.72451 6.2636 1.66739 -9.68656 7.76312 -9.76246 4.76408 -1 -1 -1 3 -1 8 9 -1 
82 5 -3.39262 -9.29924 -0.0667708 -1.90348 -9.47945 -4.88175 -9.11903 -1 0 1 -1 6 -1 10 11 
42 5 -4.06896 -7.66295 -0.0685787 -2.56898 -7.656 -5.56895 -7.66991 -1 0 1 -1 6 -1 10 11 
101 5 -4.38187 -6.88245 0.0132319 -3.05736 -6.17841 -5.70638 -7.58649 -1 0 1 -1 6 -1 10 11 
126 5 -5.20958 -6.9239 -0.0866852 -6.59927 -7.48847 -3.81988 -6.35933 -1 0 1 -1 6 -1 10 11 
23 5 -4.91001 -7.56021 1.50767 -3.41884 -7.39767 -6.40118 -7.72275 -1 0 1 -1 6 -1 10 11 
44 5 -5.58333 -6.81734 1.57057 -6.96766 -7.39494 -4.199 -6.23973 -1 0 1 -1 6 -1 10 11 
121 5 -2.71836 -6.1074 0.00172069 -1.38741 -6.79918 -4.04932 -5.41562 -1 0 1 -1 6 -1 10 11 
48 6 -3.28541 -2.27807 1.65033 -2.28463 -3.39541 -4.28619 -1.16073 0 1 2 5 7 10 11 12 
129 6 -4.0139 -3.76323 1.47294 -2.68883 -4.46621 -5.33897 -3.06024 0 1 2 5 7 10 11 12 
70 6 -4.19207 -4.54346 1.57811 -2.71287 -4.79243 -5.67126 -4.2945 0 1 2 5 7 10 11 12 
107 6 -4.25001 -4.88279 1.55838 -2.83349 -5.37621 -5.66653 -4.38936 0 1 2 5 7 10 11 12 
122 6 -3.06814 -2.44197 0.0960758 -4.09397 -1.34759 -2.04231 -3.53636 0 1 2 5 7 10 11 12 
41 6 -3.93305 -5.53425 -0.0685787 -2.68412 -6.36502 -5.18198 -4.70349 0 1 2 5 7 10 11 12 
91 6 -2.68784 -2.80629 1.57205 -3.69517 -1.69486 -1.6805 -3.91772 0 1 2 5 7 10 11 12 
68 6 -2.35289 -2.35711 1.59126 -1.3287 -3.45303 -3.37708 -1.26119 0 1 2 5 7 10 11 12 
22 6 -4.95956 -2.34622 1.51221 -4.05585 -3.54343 -5.86327 -1.14901 0 1 2 5 7 10 11 12 
243 6 -2.27064 -5.62587 -0.00534277 -3.54896 -4.84108 -0.992322 -6.41066 0 1 2 5 7 10 11 12 
188 6 -4.3837 -2.68683 0.0938717 -5.3016 -1.50047 -3.4658 -3.87319 0 1 2 5 7 10 11 12 
141 6 -5.97088 -4.87793 -0.0153654 -5.70006 -3.40258 -6.2417 -6.35328 0 1 2 5 7 10 11 12 
123 7 -4.93595 -1.16373 -0.0113081 -5.8252 0.0442616 -4.0467 -2.37172 1 2 3 6 8 11 12 13 
207 7 -4.50327 -0.587359 0.0828931 -4.86909 0.867349 -4.13745 -2.04207 1 2 3 6 8 11 12 13 
67 7 -3.60059 0.370875 1.63243 -2.59943 -0.74612 -4.60175 1.48787 1 2 3 6 8 11 12 13 
131 7 -2.98091 -1.28432 1.51604 -2.12872 -2.51873 -3.83311 -0.0499151 1 2 3 6 8 11 12 13 
85 7 -3.43017 1.11442 1.60699 -2.25897 0.177249 -4.60138 2.05158 1 2 3 6 8 11 12 13 
30 7 -4.41485 0.438826 1.53668 -3.94528 -0.985782 -4.88441 1.86343 1 2 3 6 8 11 12 13 
34 7 -3.8849 1.24239 1.53506 -2.77823 0.229823 -4.99156 2.25495 1 2 3 6 8 11 12 13 
169 7 -5.53901 -1.04508 1.58895 -4.58311 -2.20104 -6.49492 0.110879 1 2 3 6 8 11 12 13 
90 7 -3.60771 1.72472 1.62689 -2.30279 0.984998 -4.91263 2.46444 1 2 3 6 8 11 12 13 
133 7 -2.74154 0.0526732 1.59233 -3.78674 1.12857 -1.69633 -1.02322 1 2 3 6 8 11 12 13 
74 7 -4.00808 1.80061 1.64626 -5.36082 2.44875 -2.65533 1.15247 1 2 3 6 8 11 12 13 
183 7 -4.80296 -1.61258 0.0928546 -5.65756 -0.379841 -3.94835 -2.84532 1 2 3 6 8 11 12 13 
210 8 -4.18711 3.68286 0.0886768 -5.33756 4.6454 -3.03666 2.72033 2 3 4 7 9 12 13 14 
155 8 -3.94798 2.73936 0.0708671 -5.05808 3.74815 -2.83787 1.73056 2 3 4 7 9 12 13 14 
87 8 -3.09993 4.80375 1.62448 -1.75388 4.14182 -4.44597 5.46569 2 3 4 7 9 12 13 14 
31 8 -5.74094 3.20148 1.64665 -6.18392 4.63458 -5.29796 1.76839 2 3 4 7 9 12 13 14 
86 8 -3.35032 3.14567 1.65076 -2.44019 1.95333 -4.26045 4.338 2 3 4 7 9 12 13 14 
113 8 -5.67887 2.60713 1.61256 -6.28993 3.97703 -5.06781 1.23724 2 3 4 7 9 12 13 14 
72 8 -2.9713 5.34128 1.58781 -4.075 6.35708 -1.8676 4.32549 2 3 4 7 9 12 13 14 
168 8 -3.20223 3.69533 -0.00214141 -4.38738 4.61479 -2.01707 2.77586 2 3 4 7 9 12 13 14 
95 8 -4.90314 3.47424 1.49327 -5.95738 4.54128 -3.8489 2.4072 2 3 4 7 9 12 13 14 
88 8 -4.97143 5.16401 1.52721 -3.65795 4.4396 -6.28491 5.88842 2 3 4 7 9 12 13 14 
175 8 -3.15925 3.97472 0.0185602 -4.47507 4.69486 -1.84342 3.25457 2 3 4 7 9 12 13 14 
172 8 -5.07672 5.43059 0.080962 -6.38175 6.17011 -3.77168 4.69106 2 3 4 7 9 12 13 14 
138 8 -5.43579 4.76787 -0.00256941 -6.69689 5.58004 -4.17469 3.95569 2 3 4 7 9 12 13 14 
55 8 -5.35696 2.40886 1.65656 -5.81473 3.83731 -4.8992 0.980417 2 3 4 7 9 12 13 14 
177 8 -2.64785 4.0238 0.0410186 -3.98709 4.69938 -1.3086 3.34821 2 3 4 7 9 12 13 14 
97 9 -5.24371 6.09783 0.0814642 -6.40062 7.05258 -4.08679 5.14308 3 4 -1 8 -1 13 14 -1 
215 9 -5.62744 8.28324 -0.0463609 -6.93868 9.0117 -4.3162 7.55479 3 4 -1 8 -1 13 14 -1 
77 9 -2.51791 9.22581 0.0753746 -3.94269 8.75676 -1.09313 9.69486 3 4 -1 8 -1 13 14 -1 
118 9 -4.58682 8.05954 -0.0705271 -5.71598 9.04697 -3.45767 7.07212 3 4 -1 8 -1 13 14 -1 
158 9 -3.54629 9.579 0.08265 -5.03971 9.43866 -2.05287 9.71934 3 4 -1 8 -1 13 14 -1 
36 9 -3.38372 6.50685 1.51514 -4.63453 7.33478 -2.13291 5.67892 3 4 -1 8 -1 13 14 -1 
178 9 -2.60846 9.14923 0.0681749 -4.02013 8.64209 -1.19679 9.65637 3 4 -1 8 -1 13 14 -1 
136 9 -3.54209 8.16286 -0.00985311 -4.95337 8.67108 -2.13082 7.65463 3 4 -1 8 -1 13 14 -1 
154 9 -2.2572 6.8028 -0.0763312 -3.55172 7.56057 -0.962679 6.04503 3 4 -1 8 -1 13 14 -1 
117 9 -4.7475 7.21842 -0.0258068 -5.83351 8.25311 -3.66149 6.18372 3 4 -1 8 -1 13 14 -1 
76 9 -4.63518 6.49466 1.66739 -5.7449 7.50389 -3.52547 5.48544 3 4 -1 8 -1 13 14 -1 
78 9 -5.45149 6.96518 0.0219834 -6.55356 7.98275 -4.34941 5.94762 3 4 -1 8 -1 13 14 -1 
253 9 -2.34463 9.77901 -0.0652644 -3.8443 9.81023 -0.844951 9.74779 3 4 -1 8 -1 13 14 -1 
157 9 -5.85165 7.44447 0.0924511 -6.94496 8.47145 -4.75835 6.41749 3 4 -1 8 -1 13 14 -1 
173 9 -2.26162 8.87004 0.0946512 -3.69597 8.43112 -0.827276 9.30895 3 4 -1 8 -1 13 14 -1 
96 9 -5.80379 9.76579 -0.0364301 -7.29114 9.96018 -4.31644 9.5714 3 4 -1 8 -1 13 14 -1 
161 10 0.805154 -9.087 -0.0377534 2.30218 -9.18144 -0.69187 -8.99256 -1 5 6 -1 11 -1 15 16 
182 10 -1.19547 -8.39614 -0.0612134 -2.64121 -8.79595 0.25026 -7.99633 -1 5 6 -1 11 -1 15 16 
83 10 -0.015117 -8.52511 -0.0484298 -1.50368 -8.70998 1.47345 -8.34025 -1 5 6 -1 11 -1 15 16 
184 10 0.104662 -7.80072 0.0666466 1.57915 -7.52526 -1.36983 -8.07617 -1 5 6 -1 11 -1 15 16 
142 10 1.77015 -9.48344 -0.0336728 3.26878 -9.54766 0.271526 -9.41922 -1 5 6 -1 11 -1 15 16 
146 10 -0.640042 -7.8181 -0.0290627 -2.10224 -8.15275 0.822151 -7.48345 -1 5 6 -1 11 -1 15 16 
223 10 1.80464 -6.15146 -0.0611452 0.941182 -4.92491 2.6681 -7.37801 -1 5 6 -1 11 -1 15 16 
106 10 -1.21929 -9.81135 1.52942 0.270344 -9.98743 -2.70892 -9.63528 -1 5 6 -1 11 -1 15 16 
43 10 -1.72913 -9.50866 1.57954 -3.19754 -9.2024 -0.26073 -9.81491 -1 5 6 -1 11 -1 15 16 
202 10 -1.17155 -9.45272 -0.0198541 -2.65562 -9.23471 0.312524 -9.67074 -1 5 6 -1 11 -1 15 16 
63 10 -1.78556 -7.59234 -0.0838541 -0.285856 -7.5628 -3.28527 -7.62187 -1 5 6 -1 11 -1 15 16 
62 10 -1.40737 -8.76584 -0.0838541 0.0920785 -8.72505 -2.90681 -8.80663 -1 5 6 -1 11 -1 15 16 
64 10 -1.24106 -7.28519 1.58821 -2.73592 -7.40929 0.253798 -7.1611 -1 5 6 -1 11 -1 15 16 
227 10 1.67805 -7.48919 0.08476 0.747885 -6.31242 2.60821 -8.66597 -1 5 6 -1 11 -1 15 16 
81 10 -1.23023 -7.80169 0.0762549 0.225858 -7.4414 -2.68631 -8.16199 -1 5 6 -1 11 -1 15 16 
144 11 0.5099 -2.49289 0.0588998 -0.415402 -1.31229 1.4352 -3.67349 5 6 7 10 12 15 16 17 
132 11 0.441572 -3.68228 1.59233 -0.648325 -2.65169 1.53147 -4.71288 5 6 7 10 12 15 16 17 
145 11 -0.422249 -4.68393 0.00575202 -1.49788 -3.63846 0.653386 -5.7294 5 6 7 10 12 15 16 17 
264 11 1.77605 -3.53357 0.00277262 0.691552 -2.49729 2.86054 -4.56985 5 6 7 10 12 15 16 17 
226 11 -1.00358 -3.23659 -0.0370219 -2.14583 -2.26435 0.138675 -4.20883 5 6 7 10 12 15 16 17 
328 11 0.197781 -4.20433 1.57454 -0.678877 -2.98717 1.07444 -5.42148 5 6 7 10 12 15 16 17 
229 11 1.20504 -3.85829 1.56342 2.34212 -4.83658 0.0679653 -2.88 5 6 7 10 12 15 16 17 
164 11 0.794503 -5.245 0.0663293 -0.17169 -4.09763 1.7607 -6.39238 5 6 7 10 12 15 16 17 
125 11 -1.99691 -4.0708 -0.0866852 -3.30948 -3.34474 -0.684336 -4.79685 5 6 7 10 12 15 16 17 
189 11 -1.52868 -2.99559 0.0938717 -2.52725 -1.87628 -0.530108 -4.1149 5 6 7 10 12 15 16 17 
187 11 -1.93148 -4.74052 -0.0401799 -3.22081 -3.97394 -0.642159 -5.5071 5 6 7 10 12 15 16 17 
261 11 1.69743 -5.39789 0.0248666 0.833061 -4.17198 2.56181 -6.6238 5 6 7 10 12 15 16 17 
162 11 -1.16449 -5.53292 0.045501 -2.63925 -5.25893 0.310273 -5.80692 5 6 7 10 12 15 16 17 
244 11 0.573391 -5.32274 0.0983097 -0.424287 -4.20263 1.57107 -6.44285 5 6 7 10 12 15 16 17 
246 11 0.14061 -2.52923 0.0105635 -0.938661 -1.48751 1.21988 -3.57094 5 6 7 10 12 15 16 17 
286 11 1.98377 -3.61702 1.62525 0.890363 -2.59014 3.07717 -4.64389 5 6 7 10 12 15 16 17 
171 12 1.17057 -0.176195 1.62101 2.26496 -1.20202 0.0761828 0.849626 6 7 8 11 13 16 17 18 
196 12 -0.687969 0.794133 -0.0214127 -1.72248 1.88032 0.346537 -0.292051 6 7 8 11 13 16 17 18 
115 12 0.141758 0.812024 0.0241251 -1.03968 1.73625 1.3232 -0.112204 6 7 8 11 13 16 17 18 
305 12 1.57951 -1.00022 1.52065 0.508326 0.0498069 2.6507 -2.05025 6 7 8 11 13 16 17 18 
185 12 0.235987 0.201559 -0.0540477 -0.791149 1.29472 1.26312 -0.891597 6 7 8 11 13 16 17 18 
152 12 0.671921 -0.0140226 1.51143 -0.37688 1.05837 1.72072 -1.08641 6 7 8 11 13 16 17 18 
194 12 -1.53615 -1.68474 0.0518072 -2.61865 -0.646386 -0.453644 -2.7231 6 7 8 11 13 16 17 18 
166 12 -1.33395 -0.0945996 0.0316722 -1.80533 1.32941 -0.862557 -1.51861 6 7 8 11 13 16 17 18 
216 12 1.19151 0.744434 -0.00681139 2.04991 -0.485662 0.333099 1.97453 6 7 8 11 13 16 17 18 
105 12 -1.51952 1.22898 -0.0464703 -2.57077 2.29897 -0.468275 0.158985 6 7 8 11 13 16 17 18 
284 12 1.78015 0.921805 -0.043355 0.700734 1.96338 2.85956 -0.119765 6 7 8 11 13 16 17 18 
231 12 1.56206 -1.79274 1.61476 0.725149 -0.547917 2.39897 -3.03756 6 7 8 11 13 16 17 18 
330 12 1.31951 1.90696 1.4827 0.202893 2.90854 2.43614 0.905385 6 7 8 11 13 16 17 18 
112 12 -1.88349 1.94687 1.63237 -2.74852 3.17231 -1.01846 0.72142 6 7 8 11 13 16 17 18 
252 13 0.554351 2.36458 1.54105 -0.597229 3.32576 1.70593 1.4034 7 8 9 12 14 17 18 19 
176 13 -0.548625 4.42498 0.0439749 -2.00852 4.08045 0.911271 4.76952 7 8 9 12 14 17 18 19 
191 13 -0.540103 3.83777 -0.0803081 -2.02173 4.0718 0.941528 3.60374 7 8 9 12 14 17 18 19 
212 13 -0.0595501 2.34947 0.0451745 -0.84871 3.6251 0.729609 1.07384 7 8 9 12 14 17 18 19 
316 13 1.31045 3.73603 -0.0655887 2.77964 3.43356 -0.158735 4.03849 7 8 9 12 14 17 18 19 
278 13 0.0590845 4.08905 -0.0548573 1.55884 4.06211 -1.44067 4.11598 7 8 9 12 14 17 18 19 
233 13 0.326308 5.13005 0.0984411 1.67189 4.46717 -1.01928 5.79292 7 8 9 12 14 17 18 19 
170 13 -1.54586 2.45306 1.62101 -2.80434 3.26928 -0.287373 1.63684 7 8 9 12 14 17 18 19 
47 13 -0.525362 2.46039 1.60654 0.335942 1.23232 -1.38667 3.68846 7 8 9 12 14 17 18 19 
205 13 -0.33844 2.46699 -0.0835163 -1.23809 3.66725 0.561214 1.26673 7 8 9 12 14 17 18 19 
312 13 1.6135 2.41729 1.55215 0.522844 3.44708 2.70416 1.38751 7 8 9 12 14 17 18 19 
370 13 1.70468 4.90336 1.62503 0.391415 5.62816 3.01794 4.17856 7 8 9 12 14 17 18 19 
150 13 -0.328386 2.01483 1.5108 -1.18602 3.24547 0.529246 0.784195 7 8 9 12 14 17 18 19 
156 14 0.933508 7.6864 0.0322909 -0.548738 7.45629 2.41575 7.9165 8 9 -1 13 -1 18 19 -1 
277 14 0.0706631 9.60954 -0.0597183 1.55391 9.83308 -1.41259 9.386 8 9 -1 13 -1 18 19 -1 
137 14 1.6918 6.5186 0.027191 0.205818 6.7232 3.17778 6.314 8 9 -1 13 -1 18 19 -1 
217 14 -0.693878 9.05822 0.0193853 -2.15806 8.73236 0.7703 9.38408 8 9 -1 13 -1 18 19 -1 
209 14 -0.761971 8.38482 0.0886768 0.645051 8.90471 -2.16899 7.86493 8 9 -1 13 -1 18 19 -1 
135 14 1.20626 8.6541 -0.0784199 -0.152568 8.01882 2.56509 9.28938 8 9 -1 13 -1 18 19 -1 
317 14 0.712494 8.2676 0.0721344 2.0796 8.88487 -0.654609 7.65032 8 9 -1 13 -1 18 19 -1 
218 14 -1.71974 6.83287 0.0219677 -2.93517 7.71191 -0.504301 5.95383 8 9 -1 13 -1 18 19 -1 
275 14 0.436093 6.34314 -0.0896766 1.92543 6.1646 -1.05324 6.52168 8 9 -1 13 -1 18 19 -1 
114 14 -1.74638 8.40072 1.61256 -3.23143 8.18941 -0.261342 8.61203 8 9 -1 13 -1 18 19 -1 
234 14 -1.97899 6.50668 0.0738822 -3.30628 7.20546 -0.651702 5.80789 8 9 -1 13 -1 18 19 -1 
165 15 5.34132 -7.57684 -0.0187441 3.95747 -6.99808 6.72517 -8.1556 -1 10 11 -1 16 -1 20 21 
206 15 3.39512 -9.02079 -0.08235 1.8989 -8.91431 4.89134 -9.12727 -1 10 11 -1 16 -1 20 21 
224 15 3.43258 -7.67157 -0.0442809 2.57263 -6.44255 4.29252 -8.90059 -1 10 11 -1 16 -1 20 21 
186 15 5.48728 -8.2099 0.0781129 4.15942 -7.51219 6.81513 -8.90762 -1 10 11 -1 16 -1 20 21 
241 15 2.92294 -7.511 -0.00257303 2.01255 -6.31887 3.83334 -8.70314 -1 10 11 -1 16 -1 20 21 
247 15 2.34619 -6.94654 0.0105635 1.49104 -5.71418 3.20133 -8.17891 -1 10 11 -1 16 -1 20 21 
242 15 2.2765 -9.55627 -0.00484941 0.77662 -9.53725 3.77638 -9.5753 -1 10 11 -1 16 -1 20 21 
263 15 5.47428 -6.63753 0.0564466 4.335 -5.6618 6.61355 -7.61326 -1 10 11 -1 16 -1 20 21 
344 15 2.21191 -6.25621 1.5878 1.30552 -5.06102 3.11829 -7.45139 -1 10 11 -1 16 -1 20 21 
221 15 3.02684 -6.223 -0.0620778 2.38679 -4.86641 3.66689 -7.57959 -1 10 11 -1 16 -1 20 21 
225 15 3.82006 -6.0778 -0.0243093 2.91993 -4.8779 4.72018 -7.27771 -1 10 11 -1 16 -1 20 21 
303 16 4.16104 -5.23327 0.0786674 3.61569 -3.83592 4.7064 -6.63062 10 11 12 15 17 20 21 22 
267 16 4.54086 -4.1389 1.47404 3.1315 -3.62538 5.95022 -4.65242 10 11 12 15 17 20 21 22 
250 16 2.51028 -3.05033 1.58442 1.64982 -1.82167 3.37074 -4.27899 10 11 12 15 17 20 21 22 
304 16 3.80323 -5.2503 0.0786674 3.23342 -3.86274 4.37305 -6.63786 10 11 12 15 17 20 21 22 
147 16 2.45466 -2.25849 -0.0290627 1.32804 -1.26817 3.58128 -3.24881 10 11 12 15 17 20 21 22 
266 16 2.63876 -5.18961 -0.0801331 1.86372 -3.90536 3.4138 -6.47387 10 11 12 15 17 20 21 22 
364 16 5.92995 -5.55184 1.6272 4.65519 -4.76127 7.2047 -6.3424 10 11 12 15 17 20 21 22 
265 16 5.1809 -5.22674 -0.0801331 3.91954 -4.41497 6.44226 -6.03851 10 11 12 15 17 20 21 22 
327 16 5.03727 -5.6727 1.48248 3.97815 -4.6105 6.09639 -6.7349 10 11 12 15 17 20 21 22 
283 16 5.83706 -5.68896 0.0836279 4.55363 -4.91256 7.1205 -6.46536 10 11 12 15 17 20 21 22 
181 16 2.18918 -2.97325 0.0295419 1.43117 -1.67886 2.94719 -4.26763 10 11 12 15 17 20 21 22 
271 16 5.51275 -2.07557 1.61511 4.92283 -0.696438 6.10268 -3.45469 10 11 12 15 17 20 21 22 
292 17 3.61532 0.144198 1.52951 3.38795 1.62687 3.84269 -1.33847 11 12 13 16 18 21 22 23 
326 17 4.23326 0.453193 1.64329 3.70943 1.85875 4.75709 -0.952368 11 12 13 16 18 21 22 23 
230 17 2.5455 0.850565 1.61476 1.47813 1.90447 3.61288 -0.203338 11 12 13 16 18 21 22 23 
270 17 4.40271 0.198422 1.62258 3.8495 1.59268 4.95592 -1.19584 11 12 13 16 18 21 22 23 
203 17 2.5118 -1.19501 0.0986814 1.66618 0.0439057 3.35743 -2.43393 11 12 13 16 18 21 22 23 
287 17 2.2866 -1.47935 1.57435 1.24713 -0.397916 3.32607 -2.56078 11 12 13 16 18 21 22 23 
331 17 4.7449 1.88211 1.61035 4.34712 3.32841 5.14268 0.435817 11 12 13 16 18 21 22 23 
251 17 2.43409 1.34239 1.54105 1.47742 2.49772 3.39076 0.187062 11 12 13 16 18 21 22 23 
290 17 5.08259 0.99312 1.62067 4.6433 2.42735 5.52188 -0.441112 11 12 13 16 18 21 22 23 
211 17 4.30125 -1.20234 0.0146525 3.6916 0.168178 4.9109 -2.57286 11 12 13 16 18 21 22 23 
353 17 4.94546 -0.101488 1.56506 4.20623 1.20371 5.68468 -1.40669 11 12 13 16 18 21 22 23 
245 17 2.69138 -1.82923 -0.0212704 1.61802 -0.781422 3.76474 -2.87703 11 12 13 16 18 21 22 23 
73 17 4.97347 -1.2176 1.49962 5.45355 -2.6387 4.49338 0.203499 11 12 13 16 18 21 22 23 
309 17 3.49652 1.85947 1.64993 2.81254 3.19445 4.18051 0.524492 11 12 13 16 18 21 22 23 
357 17 5.87419 1.80573 1.6088 5.94778 0.307536 5.8006 3.30392 11 12 13 16 18 21 22 23 
232 17 4.91698 -1.88828 0.0536245 5.60077 -3.22336 4.23319 -0.553203 11 12 13 16 18 21 22 23 
249 18 5.1129 3.60589 1.49744 4.87766 5.08732 5.34815 2.12445 12 13 14 17 19 22 23 24 
334 18 5.31035 2.47316 1.49321 5.14064 3.96353 5.48005 0.98279 12 13 14 17 19 22 23 24 
195 18 5.43912 3.73491 -0.0966908 5.4268 2.23496 5.45145 5.23486 12 13 14 17 19 22 23 24 
333 18 4.40613 2.18626 1.58287 4.22269 3.67501 4.58957 0.697524 12 13 14 17 19 22 23 24 
314 18 5.03344 2.87162 1.52025 4.66459 4.32557 5.40229 1.41768 12 13 14 17 19 22 23 24 
193 18 2.95619 4.61933 0.0866947 1.5503 5.14226 4.36209 4.09639 12 13 14 17 19 22 23 24 
254 18 5.16428 4.32849 0.0939474 5.37609 2.84352 4.95247 5.81346 12 13 14 17 19 22 23 24 
294 18 5.53031 3.33283 1.6695 5.53919 4.83281 5.52144 1.83286 12 13 14 17 19 22 23 24 
190 18 3.64861 4.98616 0.0938717 4.92334 4.19556 2.37387 5.77676 12 13 14 17 19 22 23 24 
351 18 2.37912 3.48505 1.5717 0.916003 3.81565 3.84223 3.15445 12 13 14 17 19 22 23 24 
332 18 4.88266 5.92171 1.47638 6.2483 5.3012 3.51702 6.54221 12 13 14 17 19 22 23 24 
208 18 3.97973 2.72633 0.0886768 3.668 4.19358 4.29145 1.25908 12 13 14 17 19 22 23 24 
237 18 2.61647 4.98648 0.0560184 1.16533 5.3662 4.06761 4.60675 12 13 14 17 19 22 23 24 
214 18 2.15085 5.65177 -0.0575552 3.5088 5.01461 0.792894 6.28892 12 13 14 17 19 22 23 24 
310 18 4.49367 2.16977 1.66042 4.30373 3.6577 4.68361 0.681849 12 13 14 17 19 22 23 24 
295 18 2.3751 4.19642 -0.0909834 3.70116 3.4953 1.04904 4.89754 12 13 14 17 19 22 23 24 
273 18 2.16383 3.35802 1.63076 0.704662 3.70561 3.623 3.01042 12 13 14 17 19 22 23 24 
323 18 2.47492 2.06825 0.017917 1.63646 3.31203 3.31337 0.824468 12 13 14 17 19 22 23 24 
255 19 2.08494 7.28798 -0.00311797 0.635082 6.90338 3.53479 7.67259 13 14 -1 18 -1 23 24 -1 
336 19 4.4464 7.40919 1.56548 3.03535 6.90032 5.85745 7.91805 13 14 -1 18 -1 23 24 -1 
373 19 4.49706 7.18065 1.55408 3.09513 6.64718 5.89899 7.71411 13 14 -1 18 -1 23 24 -1 
377 19 4.81073 8.66942 1.61999 6.22623 9.16577 3.39523 8.17307 13 14 -1 18 -1 23 24 -1 
337 19 4.1764 7.11331 -0.0754216 5.57886 7.64539 2.77394 6.58123 13 14 -1 18 -1 23 24 -1 
235 19 2.75519 9.53426 -0.0355828 1.27867 9.26992 4.23172 9.79861 13 14 -1 18 -1 23 24 -1 
213 19 2.4476 7.122 0.0189033 0.988526 6.77399 3.90667 7.47001 13 14 -1 18 -1 23 24 -1 
313 19 4.82116 7.08564 1.66995 3.39514 6.62036 6.24717 7.55091 13 14 -1 18 -1 23 24 -1 
338 19 4.9993 8.24525 0.0623159 6.4932 8.3804 3.5054 8.11009 13 14 -1 18 -1 23 24 -1 
256 19 5.2553 8.36397 0.024088 6.74965 8.49407 3.76095 8.23386 13 14 -1 18 -1 23 24 -1 
198 19 2.95722 8.69123 -0.0460039 1.47071 8.49054 4.44373 8.89191 13 14 -1 18 -1 23 24 -1 
297 19 5.44812 9.59899 0.0840942 6.94208 9.73342 3.95415 9.46456 13 14 -1 18 -1 23 24 -1 
238 19 2.17114 9.70168 -0.0677189 0.677656 9.56205 3.66463 9.84132 13 14 -1 18 -1 23 24 -1 
362 20 7.55117 -6.47908 1.61243 6.6095 -5.31149 8.49284 -7.64666 -1 15 16 -1 21 -1 -1 -1 
324 20 8.87482 -8.24354 1.52854 8.70373 -6.75333 9.04591 -9.73375 -1 15 16 -1 21 -1 -1 -1 
325 20 9.38146 -7.25625 1.49129 9.51591 -5.76229 9.247 -8.75021 -1 15 16 -1 21 -1 -1 -1 
343 20 8.89118 -7.36833 1.58283 8.66673 -5.88522 9.11564 -8.85145 -1 15 16 -1 21 -1 -1 -1 
262 20 7.80869 -8.67123 -0.0512347 6.65046 -7.71809 8.96693 -9.62438 -1 15 16 -1 21 -1 -1 -1 
341 20 6.54811 -7.37063 -0.0266753 5.35145 -6.46619 7.74477 -8.27507 -1 15 16 -1 21 -1 -1 -1 
201 20 6.70796 -9.75759 -0.0121466 5.21473 -9.89992 8.2012 -9.61526 -1 15 16 -1 21 -1 -1 -1 
222 20 7.74612 -9.37228 -0.0374866 6.33004 -8.87759 9.1622 -9.86697 -1 15 16 -1 21 -1 -1 -1 
291 20 9.73604 -7.91581 1.5682 9.694 -6.4164 9.77808 -9.41522 -1 15 16 -1 21 -1 -1 -1 
285 20 8.79942 -8.14874 -0.043355 8.99683 -9.63569 8.60202 -6.66178 -1 15 16 -1 21 -1 -1 -1 
302 20 6.78303 -6.7633 -0.0541769 5.51316 -5.96491 8.05291 -7.56169 -1 15 16 -1 21 -1 -1 -1 
248 20 7.07393 -9.81328 1.55798 5.57903 -9.93689 8.56883 -9.68968 -1 15 16 -1 21 -1 -1 -1 
228 20 9.55764 -6.30656 0.08476 9.46577 -4.80938 9.64952 -7.80375 -1 15 16 -1 21 -1 -1 -1 
322 20 6.06111 -9.02837 0.017917 4.59036 -8.73361 7.53187 -9.32314 -1 15 16 -1 21 -1 -1 -1 
308 21 7.40761 -4.2601 1.55792 6.94218 -2.83413 7.87303 -5.68607 15 16 17 20 22 -1 -1 -1 
288 21 8.71174 -3.02496 1.54623 8.78834 -1.52691 8.63514 -4.523 15 16 17 20 22 -1 -1 -1 
307 21 9.88619 -4.05206 1.47786 9.86001 -2.55229 9.91237 -5.55184 15 16 17 20 22 -1 -1 -1 
342 21 7.69068 -3.59174 -0.0266753 7.48647 -2.10571 7.8949 -5.07778 15 16 17 20 22 -1 -1 -1 
301 21 7.01619 -4.18928 -0.0896105 6.24825 -2.90077 7.78413 -5.4778 15 16 17 20 22 -1 -1 -1 
346 21 9.33035 -3.00484 1.57554 9.67935 -1.546 8.98136 -4.46368 15 16 17 20 22 -1 -1 -1 
366 21 8.87195 -3.25547 1.59963 8.96555 -1.75839 8.77835 -4.75254 15 16 17 20 22 -1 -1 -1 
321 21 6.50698 -4.71469 0.00346954 5.23458 -3.92034 7.77938 -5.50905 15 16 17 20 22 -1 -1 -1 
192 21 7.90317 -2.72619 0.060257 7.86511 -1.22667 7.94123 -4.22571 15 16 17 20 22 -1 -1 -1 
361 21 6.37618 -5.19826 0.0685141 4.92301 -4.82641 7.82936 -5.57012 15 16 17 20 22 -1 -1 -1 
348 21 9.7789 -3.37665 1.61413 9.81618 -1.87712 9.74161 -4.87619 15 16 17 20 22 -1 -1 -1 
363 21 6.51833 -3.56352 1.63109 5.67437 -2.32347 7.36229 -4.80358 15 16 17 20 22 -1 -1 -1 
289 21 8.55624 -2.03628 1.47494 8.49696 -0.537451 8.61552 -3.53511 15 16 17 20 22 -1 -1 -1 
306 21 6.15686 -4.97138 1.66258 4.74209 -4.47295 7.57162 -5.46982 15 16 17 20 22 -1 -1 -1 
349 21 6.43511 -2.37895 1.62199 6.92462 -3.79683 5.9456 -0.961076 15 16 17 20 22 -1 -1 -1 
329 22 8.09306 0.877068 1.50539 8.32139 2.35959 7.86474 -0.605452 16 17 18 21 23 -1 -1 -1 
365 22 6.74668 1.48183 1.61639 6.24098 2.89402 7.25238 0.0696463 16 17 18 21 23 -1 -1 -1 
374 22 9.59691 0.141253 1.64317 9.48106 1.63677 9.71277 -1.35427 16 17 18 21 23 -1 -1 -1 
350 22 8.76152 -1.39226 1.54919 8.83705 0.10584 8.68598 -2.89035 16 17 18 21 23 -1 -1 -1 
293 22 9.24301 0.593187 1.6695 9.50849 2.06951 8.97753 -0.883133 16 17 18 21 23 -1 -1 -1 
274 22 8.30398 0.676873 0.0303916 8.65949 2.13413 7.94847 -0.78039 16 17 18 21 23 -1 -1 -1 
311 22 6.82188 -0.643927 1.63968 6.75646 0.854645 6.88731 -2.1425 16 17 18 21 23 -1 -1 -1 
281 22 8.41785 -0.633581 0.0213392 8.54676 0.860869 8.28893 -2.12803 16 17 18 21 23 -1 -1 -1 
268 22 7.33249 -1.29794 1.57244 7.80875 0.12444 6.85622 -2.72032 16 17 18 21 23 -1 -1 -1 
282 22 7.9238 -0.748688 -0.0810843 8.27704 0.709126 7.57057 -2.2065 16 17 18 21 23 -1 -1 -1 
372 22 9.38211 -1.2265 1.51924 9.51973 0.26717 9.24448 -2.72018 16 17 18 21 23 -1 -1 -1 
368 22 9.75226 -1.88233 1.67067 9.80236 -0.38317 9.70216 -3.3815 16 17 18 21 23 -1 -1 -1 
356 23 8.98023 4.81813 1.6088 8.81545 3.3272 9.145 6.30905 17 18 19 22 24 -1 -1 -1 
272 23 7.55755 5.92126 1.63076 6.7975 4.62808 8.31761 7.21444 17 18 19 22 24 -1 -1 -1 
318 23 9.68885 3.35482 0.0769724 9.45465 1.87322 9.92305 4.83643 17 18 19 22 24 -1 -1 -1 
347 23 8.44998 3.50617 1.50313 8.20832 2.02576 8.69163 4.98658 17 18 19 22 24 -1 -1 -1 
367 23 9.20947 5.25723 1.47839 9.12204 6.75468 9.2969 3.75978 17 18 19 22 24 -1 -1 -1 
371 23 7.56166 3.0778 1.55579 7.3224 4.55859 7.80093 1.597 17 18 19 22 24 -1 -1 -1 
269 23 8.51251 3.28454 1.58036 8.85329 4.74531 8.17174 1.82376 17 18 19 22 24 -1 -1 -1 
315 23 6.51171 4.68328 1.52025 6.92755 6.12449 6.09587 3.24208 17 18 19 22 24 -1 -1 -1 
298 23 7.245 2.97456 -0.0538784 7.01648 4.45705 7.47352 1.49207 17 18 19 22 24 -1 -1 -1 
352 23 9.31336 2.42501 1.58557 9.28941 0.925198 9.33732 3.92482 17 18 19 22 24 -1 -1 -1 
335 23 6.27441 4.17887 1.56548 5.86193 2.7367 6.68689 5.62104 17 18 19 22 24 -1 -1 -1 
345 23 6.14869 2.1823 1.54214 6.23027 3.68008 6.0671 0.684522 17 18 19 22 24 -1 -1 -1 
296 24 8.51201 8.36851 -0.0642139 7.59345 7.18265 9.43057 9.55437 18 19 -1 23 -1 -1 -1 -1 
358 24 9.55951 8.49717 -0.0262301 9.72695 7.00655 9.39206 9.9878 18 19 -1 23 -1 -1 -1 -1 
236 24 8.18097 8.07241 0.0754502 9.06694 9.28281 7.295 6.86201 18 19 -1 23 -1 -1 -1 -1 
354 24 8.18914 7.25943 1.65873 9.35599 8.20201 7.02229 6.31685 18 19 -1 23 -1 -1 -1 -1 
369 24 6.80059 6.68701 1.504 7.80142 7.8043 5.79976 5.56972 18 19 -1 23 -1 -1 -1 -1 
375 24 6.80203 8.85623 1.58201 5.32466 8.59664 8.27939 9.11583 18 19 -1 23 -1 -1 -1 -1 
257 24 7.1887 9.02591 -0.0370511 5.70792 8.78654 8.66948 9.26527 18 19 -1 23 -1 -1 -1 -1 
258 24 6.87195 9.5096 0.03131 8.3438 9.79885 5.40011 9.22035 18 19 -1 23 -1 -1 -1 -1 
355 24 8.21131 6.21398 1.65228 7.63678 4.82838 8.78585 7.59959 18 19 -1 23 -1 -1 -1 -1 
276 24 6.62502 7.68727 0.0647429 7.6189 8.81075 5.63113 6.5638 18 19 -1 23 -1 -1 -1 -1 
378 24 6.54638 7.06889 1.61999 7.72241 7.99998 5.37034 6.1378 18 19 -1 23 -1 -1 -1 -1 
376 24 6.01507 9.14962 1.61539 4.52114 9.01484 7.509 9.2844 18 19 -1 23 -1 -1 -1 -1 
