21 0 -9.01796 -6.36595 -0.092345 -8.92494 -4.86884 -9.11097 -7.86307 -1 -1 -1 -1 1 -1 5 6 
22 0 -9.56965 -7.82114 1.51221 -9.29962 -9.29663 -9.83968 -6.34564 -1 -1 -1 -1 1 -1 5 6 
41 0 -6.94871 -6.40243 -0.0685787 -5.61447 -5.717 -8.28295 -7.08786 -1 -1 -1 -1 1 -1 5 6 
62 0 -7.23343 -8.99763 -0.0838541 -5.74419 -9.17697 -8.72267 -8.81829 -1 -1 -1 -1 1 -1 5 6 
101 0 -7.97517 -9.46036 0.0132319 -6.49409 -9.22287 -9.45625 -9.69786 -1 -1 -1 -1 1 -1 5 6 
43 0 -8.60265 -6.38265 1.57954 -8.3985 -7.86869 -8.80681 -4.8966 -1 -1 -1 -1 1 -1 5 6 
104 0 -7.02316 -6.91737 -0.0464703 -5.59094 -6.47157 -8.45539 -7.36317 -1 -1 -1 -1 1 -1 5 6 
143 0 -6.25346 -8.92178 0.0057508 -4.76666 -9.12039 -7.74025 -8.72317 -1 -1 -1 -1 1 -1 5 6 
25 1 -9.58 -3.73695 1.51782 -9.4767 -5.23339 -9.6833 -2.24051 -1 -1 -1 0 2 5 6 7 
46 1 -8.22459 -2.94451 1.51621 -8.48468 -4.42178 -7.96449 -1.46723 -1 -1 -1 0 2 5 6 7 
65 1 -6.22666 -3.67395 1.50376 -7.37536 -4.63857 -5.07796 -2.70933 -1 -1 -1 0 2 5 6 7 
24 1 -7.69945 -3.33127 1.49928 -8.09234 -4.7789 -7.30655 -1.88364 -1 -1 -1 0 2 5 6 7 
44 1 -7.06193 -5.50487 1.57057 -8.0897 -6.59743 -6.03416 -4.41231 -1 -1 -1 0 2 5 6 7 
167 1 -7.0417 -3.39804 -0.00214141 -6.54977 -1.981 -7.53364 -4.81508 -1 -1 -1 0 2 5 6 7 
124 1 -7.05326 -5.74842 -0.0693766 -6.09909 -4.59102 -8.00744 -6.90581 -1 -1 -1 0 2 5 6 7 
45 1 -8.56247 -4.88067 1.63561 -9.27178 -3.55897 -7.85316 -6.20236 -1 -1 -1 0 2 5 6 7 
103 1 -6.51143 -5.47156 -0.00949416 -5.58198 -4.29422 -7.44088 -6.6489 -1 -1 -1 0 2 5 6 7 
30 2 -9.72813 0.558537 1.53668 -9.75207 -0.941272 -9.70419 2.05835 -1 -1 -1 1 3 6 7 8 
32 2 -7.21213 -0.667802 1.53486 -7.84376 -2.02833 -6.5805 0.69273 -1 -1 -1 1 3 6 7 8 
50 2 -6.47986 -0.345586 1.49607 -7.38505 -1.54168 -5.57467 0.850505 -1 -1 -1 1 3 6 7 8 
29 2 -9.18199 -1.58863 1.57246 -9.03791 -3.0817 -9.32607 -0.095568 -1 -1 -1 1 3 6 7 8 
111 2 -8.13197 -1.15547 1.54961 -8.5595 -2.59325 -7.70444 0.282311 -1 -1 -1 1 3 6 7 8 
26 2 -7.04073 -1.36837 1.57237 -8.10153 -2.42889 -5.97994 -0.307844 -1 -1 -1 1 3 6 7 8 
86 2 -9.44026 -0.0181355 1.65076 -9.55174 -1.51399 -9.32878 1.47772 -1 -1 -1 1 3 6 7 8 
71 2 -7.64502 0.38017 1.61523 -6.31482 1.07341 -8.97521 -0.313072 -1 -1 -1 1 3 6 7 8 
27 2 -8.67387 -1.63839 1.51453 -8.85509 -3.12741 -8.49265 -0.14938 -1 -1 -1 1 3 6 7 8 
51 2 -7.74074 1.08159 1.51942 -6.85492 2.2921 -8.62657 -0.128909 -1 -1 -1 1 3 6 7 8 
69 2 -6.21867 -1.63802 1.65286 -7.38603 -2.57997 -5.0513 -0.696071 -1 -1 -1 1 3 6 7 8 
109 2 -8.33184 1.37354 1.54238 -7.99085 2.83427 -8.67284 -0.0871862 -1 -1 -1 1 3 6 7 8 
130 2 -6.574 1.26446 1.60474 -7.90651 0.575678 -5.24149 1.95324 -1 -1 -1 1 3 6 7 8 
37 2 -6.49403 1.70374 1.66868 -7.63278 0.727398 -5.35528 2.68008 -1 -1 -1 1 3 6 7 8 
49 2 -8.60996 -1.95921 1.53819 -8.88179 -3.43437 -8.33814 -0.484045 -1 -1 -1 1 3 6 7 8 
56 3 -9.41933 5.28283 1.5693 -9.22848 6.77064 -9.61017 3.79502 -1 -1 -1 2 4 7 8 9 
92 3 -9.36659 4.77959 1.59747 -9.4741 3.28345 -9.25908 6.27574 -1 -1 -1 2 4 7 8 9 
52 3 -9.68138 3.02837 1.65249 -9.595 4.52588 -9.76776 1.53086 -1 -1 -1 2 4 7 8 9 
151 3 -8.42601 3.8857 1.51143 -7.81189 5.25422 -9.04014 2.51718 -1 -1 -1 2 4 7 8 9 
33 3 -8.54477 3.13687 1.57137 -7.7481 4.40782 -9.34144 1.86592 -1 -1 -1 2 4 7 8 9 
31 3 -6.95939 3.08326 1.64665 -8.45684 3.17069 -5.46194 2.99583 -1 -1 -1 2 4 7 8 9 
112 3 -6.46692 4.07029 1.63237 -7.87985 4.57391 -5.05399 3.56668 -1 -1 -1 2 4 7 8 9 
55 3 -6.49243 4.30075 1.65656 -7.86028 4.91638 -5.12459 3.68512 -1 -1 -1 2 4 7 8 9 
113 3 -6.08976 2.97119 1.61256 -7.58484 3.09256 -4.59468 2.84983 -1 -1 -1 2 4 7 8 9 
38 4 -6.86023 6.81437 1.66868 -7.55264 8.145 -6.16783 5.48374 -1 -1 -1 3 -1 8 9 -1 
57 4 -8.48265 7.99502 1.5693 -9.44245 9.14774 -7.52285 6.84229 -1 -1 -1 3 -1 8 9 -1 
58 4 -7.84724 9.61183 -0.0321181 -6.35035 9.51539 -9.34414 9.70827 -1 -1 -1 3 -1 8 9 -1 
77 4 -7.48686 7.39723 0.0753746 -8.15794 8.73874 -6.81578 6.05572 -1 -1 -1 3 -1 8 9 -1 
35 4 -8.59278 7.20853 1.57487 -9.47156 8.42416 -7.71401 5.99291 -1 -1 -1 3 -1 8 9 -1 
76 4 -6.12293 6.94647 1.66739 -6.89889 8.23017 -5.34696 5.66277 -1 -1 -1 3 -1 8 9 -1 
118 4 -6.7667 9.42164 -0.0705271 -8.25441 9.23003 -5.27898 9.61324 -1 -1 -1 3 -1 8 9 -1 
93 4 -8.31485 7.07792 1.57299 -9.21002 8.28152 -7.41968 5.87431 -1 -1 -1 3 -1 8 9 -1 
36 4 -9.54579 7.70333 1.51514 -9.45391 9.20051 -9.63768 6.20614 -1 -1 -1 3 -1 8 9 -1 
94 4 -8.94312 6.57865 1.49327 -9.41423 8.00275 -8.47202 5.15455 -1 -1 -1 3 -1 8 9 -1 
75 4 -7.03638 6.22452 1.66739 -8.01176 7.3641 -6.061 5.08494 -1 -1 -1 3 -1 8 9 -1 
82 5 -3.43186 -9.21482 -0.0667708 -1.94621 -9.42181 -4.91751 -9.00782 -1 0 1 -1 6 -1 10 11 
121 5 -5.49586 -6.24067 0.00172069 -4.07004 -5.77481 -6.92169 -6.70652 -1 0 1 -1 6 -1 10 11 
184 5 -3.54786 -8.39019 0.0666466 -2.14451 -7.86048 -4.95121 -8.91991 -1 0 1 -1 6 -1 10 11 
83 5 -5.03844 -7.28981 -0.0484298 -3.55692 -7.0551 -6.51997 -7.52451 -1 0 1 -1 6 -1 10 11 
81 5 -4.00922 -9.413 0.0762549 -2.51068 -9.47924 -5.50776 -9.34677 -1 0 1 -1 6 -1 10 11 
202 5 -3.81546 -9.28311 -0.0198541 -5.30607 -9.11555 -2.32485 -9.45067 -1 0 1 -1 6 -1 10 11 
142 5 -4.31514 -7.42233 -0.0336728 -2.89955 -6.92624 -5.73073 -7.91843 -1 0 1 -1 6 -1 10 11 
63 5 -5.30557 -7.2464 -0.0838541 -3.81846 -7.05023 -6.79269 -7.44257 -1 0 1 -1 6 -1 10 11 
42 5 -5.56807 -8.30113 -0.0685787 -4.0681 -8.31088 -7.06804 -8.29137 -1 0 1 -1 6 -1 10 11 
61 5 -5.41177 -9.33017 -0.0551714 -3.9118 -9.3219 -6.91175 -9.33845 -1 0 1 -1 6 -1 10 11 
102 5 -5.70873 -6.32748 -0.0897456 -4.28439 -5.85712 -7.13308 -6.79783 -1 0 1 -1 6 -1 10 11 
84 6 -5.6107 -4.81151 -0.0484298 -4.46598 -3.84217 -6.75542 -5.78085 0 1 2 5 7 10 11 12 
105 6 -2.45693 -2.8379 -0.0464703 -1.90907 -1.44152 -3.00478 -4.23427 0 1 2 5 7 10 11 12 
123 6 -2.87263 -4.50005 -0.0113081 -2.52837 -3.04009 -3.21689 -5.96002 0 1 2 5 7 10 11 12 
148 6 -4.09829 -3.8648 1.53451 -5.03975 -5.03255 -3.15683 -2.69704 0 1 2 5 7 10 11 12 
23 6 -3.36666 -5.34622 1.50767 -3.64366 -6.82042 -3.08967 -3.87202 0 1 2 5 7 10 11 12 
207 6 -2.54842 -4.34335 0.0828931 -2.30799 -2.86274 -2.78884 -5.82396 0 1 2 5 7 10 11 12 
68 6 -4.10838 -3.0992 1.59126 -5.29574 -4.01581 -2.92101 -2.18259 0 1 2 5 7 10 11 12 
106 6 -3.63047 -4.43857 1.52942 -4.04746 -5.87945 -3.21348 -2.9977 0 1 2 5 7 10 11 12 
66 6 -4.16775 -3.47465 1.61439 -5.32287 -4.43157 -3.01263 -2.51773 0 1 2 5 7 10 11 12 
169 6 -4.04329 -2.21139 1.58895 -5.28172 -3.05775 -2.80487 -1.36504 0 1 2 5 7 10 11 12 
85 6 -3.43478 -2.44335 1.60699 -4.61707 -3.36648 -2.25248 -1.52022 0 1 2 5 7 10 11 12 
126 6 -4.95054 -5.00799 -0.0866852 -3.69192 -4.19199 -6.20917 -5.82399 0 1 2 5 7 10 11 12 
168 6 -4.09366 -2.68953 -0.00214141 -3.04144 -1.6205 -5.14588 -3.75857 0 1 2 5 7 10 11 12 
189 6 -2.3107 -3.3331 0.0938717 -2.02462 -1.86064 -2.59678 -4.80557 0 1 2 5 7 10 11 12 
64 6 -5.57038 -5.60145 1.58821 -6.92638 -6.24276 -4.21439 -4.96013 0 1 2 5 7 10 11 12 
28 6 -5.45113 -2.06835 1.47188 -6.57444 -3.06242 -4.32781 -1.07429 0 1 2 5 7 10 11 12 
108 6 -5.50966 -3.34257 1.57308 -6.77359 -4.15033 -4.24572 -2.53481 0 1 2 5 7 10 11 12 
89 7 -4.42687 -0.29256 1.5963 -5.80242 -0.890771 -3.05132 0.305651 1 2 3 6 8 11 12 13 
129 7 -3.24127 -1.39261 1.47294 -4.45344 -2.27616 -2.02911 -0.509069 1 2 3 6 8 11 12 13 
131 7 -3.21348 -0.485336 1.51604 -4.30764 -1.5114 -2.11932 0.54073 1 2 3 6 8 11 12 13 
67 7 -3.80057 0.295433 1.63243 -5.12566 -0.407509 -2.47547 0.998375 1 2 3 6 8 11 12 13 
88 7 -5.51721 1.2325 1.52721 -6.32154 -0.0336094 -4.71287 2.49861 1 2 3 6 8 11 12 13 
90 7 -3.90767 0.691381 1.62689 -5.23963 0.0015272 -2.57572 1.38123 1 2 3 6 8 11 12 13 
128 7 -3.21727 1.42669 1.5358 -4.51458 0.673715 -1.91995 2.17967 1 2 3 6 8 11 12 13 
147 7 -3.64907 0.512652 -0.0290627 -2.35179 1.2657 -4.94634 -0.240396 1 2 3 6 8 11 12 13 
87 7 -3.67889 -1.4668 1.62448 -4.91674 -2.31398 -2.44104 -0.61961 1 2 3 6 8 11 12 13 
34 7 -4.25767 1.24695 1.53506 -5.32441 0.192399 -3.19094 2.30151 1 2 3 6 8 11 12 13 
48 7 -5.25072 -1.23195 1.65033 -6.46535 -2.11211 -4.03609 -0.351796 1 2 3 6 8 11 12 13 
70 7 -5.10364 -1.05403 1.57811 -6.28556 -1.97764 -3.92171 -0.130426 1 2 3 6 8 11 12 13 
110 7 -5.60741 0.305552 1.47668 -6.66006 -0.763056 -4.55476 1.37416 1 2 3 6 8 11 12 13 
47 7 -5.31271 -1.86571 1.60654 -6.44215 -2.85281 -4.18327 -0.878611 1 2 3 6 8 11 12 13 
107 7 -4.6641 -1.79192 1.55838 -5.68356 -2.89224 -3.64464 -0.691602 1 2 3 6 8 11 12 13 
127 7 -5.89859 -0.62668 1.60202 -6.64213 -1.92943 -5.15505 0.676066 1 2 3 6 8 11 12 13 
170 7 -2.07525 -1.07589 1.62101 -1.71403 0.379967 -2.43647 -2.53175 1 2 3 6 8 11 12 13 
72 8 -3.29029 4.36783 1.58781 -4.10564 5.62687 -2.47494 3.10878 2 3 4 7 9 12 13 14 
153 8 -2.7562 5.35779 0.0944598 -3.62068 6.58362 -1.89173 4.13195 2 3 4 7 9 12 13 14 
115 8 -4.00718 4.60576 0.0241251 -5.10066 5.63255 -2.9137 3.57897 2 3 4 7 9 12 13 14 
74 8 -2.8424 2.56967 1.64626 -4.34235 2.58198 -1.34245 2.55735 2 3 4 7 9 12 13 14 
149 8 -4.14047 3.8408 1.54739 -5.40521 4.64729 -2.87572 3.03431 2 3 4 7 9 12 13 14 
53 8 -5.70393 4.34031 1.64356 -6.92613 5.20992 -4.48173 3.47069 2 3 4 7 9 12 13 14 
174 8 -2.34949 4.98312 -0.0158582 -3.28964 6.15193 -1.40935 3.81431 2 3 4 7 9 12 13 14 
54 8 -4.77704 3.42623 1.57851 -6.23244 3.78926 -3.32163 3.0632 2 3 4 7 9 12 13 14 
132 8 -3.3793 2.3066 1.59233 -4.86334 2.0884 -1.89526 2.5248 2 3 4 7 9 12 13 14 
78 8 -5.5751 5.82166 0.0219834 -6.45869 7.0338 -4.69151 4.60953 2 3 4 7 9 12 13 14 
137 8 -3.45287 5.92664 0.027191 -4.46302 7.03551 -2.44271 4.81777 2 3 4 7 9 12 13 14 
114 8 -3.96748 5.5194 1.61256 -4.74471 6.80233 -3.19025 4.23646 2 3 4 7 9 12 13 14 
95 8 -5.31047 2.22728 1.49327 -6.58236 1.43211 -4.03858 3.02245 2 3 4 7 9 12 13 14 
117 9 -3.93641 7.77143 -0.0258068 -4.79156 9.00379 -3.08126 6.53907 3 4 -1 8 -1 13 14 -1 
96 9 -3.6845 7.14503 -0.0364301 -4.53598 8.37993 -2.83303 5.91012 3 4 -1 8 -1 13 14 -1 
158 9 -2.6008 9.74087 0.08265 -4.09493 9.6084 -1.10666 9.87334 3 4 -1 8 -1 13 14 -1 
97 9 -4.33777 7.32193 0.0814642 -5.17864 8.56408 -3.49689 6.07979 3 4 -1 8 -1 13 14 -1 
98 9 -5.78438 9.33193 0.0357864 -7.20396 8.84735 -4.36481 9.8165 3 4 -1 8 -1 13 14 -1 
116 9 -2.26773 7.79165 0.0688266 -2.5699 9.2609 -1.96555 6.3224 3 4 -1 8 -1 13 14 -1 
173 9 -4.44679 7.60835 0.0946512 -5.35312 8.80358 -3.54046 6.41313 3 4 -1 8 -1 13 14 -1 
135 9 -3.12445 8.25892 -0.0784199 -3.80695 9.59465 -2.44195 6.92318 3 4 -1 8 -1 13 14 -1 
138 9 -4.7181 6.42116 -0.00256941 -5.36199 7.77593 -4.0742 5.06639 3 4 -1 8 -1 13 14 -1 
136 9 -2.39094 6.68984 -0.00985311 -2.51905 8.18436 -2.26284 5.19532 3 4 -1 8 -1 13 14 -1 
155 9 -2.18587 6.71601 0.0708671 -2.48648 8.18558 -1.88526 5.24644 3 4 -1 8 -1 13 14 -1 
134 9 -5.29914 7.30816 -0.033627 -5.87331 8.69392 -4.72498 5.9224 3 4 -1 8 -1 13 14 -1 
157 9 -2.10952 8.15502 0.0924511 -2.49667 9.6042 -1.72237 6.70584 3 4 -1 8 -1 13 14 -1 
234 9 -2.06451 7.69468 0.0738822 -2.47884 9.13633 -1.65018 6.25304 3 4 -1 8 -1 13 14 -1 
261 10 0.955347 -7.39181 0.0248666 -0.0288828 -6.25987 1.93958 -8.52375 -1 5 6 -1 11 -1 15 16 
163 10 -0.938141 -6.80344 0.000652872 -1.3359 -5.35714 -0.540377 -8.24974 -1 5 6 -1 11 -1 15 16 
204 10 -1.74128 -6.51412 0.0898347 -2.66366 -5.33124 -0.818898 -7.697 -1 5 6 -1 11 -1 15 16 
181 10 0.974692 -6.02807 0.0295419 0.277549 -4.69992 1.67183 -7.35622 -1 5 6 -1 11 -1 15 16 
161 10 -0.540887 -9.42119 -0.0377534 0.958311 -9.47024 -2.04008 -9.37213 -1 5 6 -1 11 -1 15 16 
145 10 -0.813064 -7.54088 0.00575202 -1.18472 -6.08765 -0.441404 -8.99411 -1 5 6 -1 11 -1 15 16 
165 10 0.133707 -7.19203 -0.0187441 -0.401902 -5.79091 0.669316 -8.59314 -1 5 6 -1 11 -1 15 16 
164 10 -0.674063 -6.41567 0.0663293 -1.11491 -4.98192 -0.233218 -7.84943 -1 5 6 -1 11 -1 15 16 
227 10 1.23274 -6.19327 0.08476 0.601332 -4.83264 1.86415 -7.5539 -1 5 6 -1 11 -1 15 16 
221 10 -0.0516368 -6.49384 -0.0620778 -0.709864 -5.14598 0.60659 -7.84171 -1 5 6 -1 11 -1 15 16 
244 10 1.72119 -7.72446 0.0983097 0.702046 -6.62385 2.74034 -8.82507 -1 5 6 -1 11 -1 15 16 
187 11 0.108638 -3.13101 -0.0401799 -0.143243 -1.65231 0.36052 -4.60971 5 6 7 10 12 15 16 17 
226 11 0.716309 -5.35023 -0.0370219 -0.0135548 -4.03978 1.44617 -6.66069 5 6 7 10 12 15 16 17 
203 11 1.02381 -3.54757 0.0986814 0.704538 -2.08194 1.34309 -5.0132 5 6 7 10 12 15 16 17 
171 11 1.04404 -3.57345 1.62101 1.37501 -5.03648 0.713083 -2.11042 5 6 7 10 12 15 16 17 
183 11 -1.01608 -5.54309 0.0928546 -1.31896 -4.07398 -0.713209 -7.01219 5 6 7 10 12 15 16 17 
162 11 -0.2365 -4.59321 0.045501 -0.972687 -3.28629 0.499687 -5.90012 5 6 7 10 12 15 16 17 
122 11 -1.71793 -3.306 0.0960758 -0.96343 -2.00957 -2.47244 -4.60242 5 6 7 10 12 15 16 17 
144 11 -1.66012 -3.98951 0.0588998 -0.851411 -2.72619 -2.46883 -5.25284 5 6 7 10 12 15 16 17 
205 11 0.660317 -4.02308 -0.0835163 0.0900448 -2.63571 1.23059 -5.41044 5 6 7 10 12 15 16 17 
241 11 1.42458 -4.71245 -0.00257303 1.14221 -3.23927 1.70694 -6.18564 5 6 7 10 12 15 16 17 
247 11 1.62326 -4.17532 0.0105635 1.11368 -2.76453 2.13285 -5.58611 5 6 7 10 12 15 16 17 
264 11 1.88928 -5.463 0.00277262 1.54298 -4.00353 2.23559 -6.92248 5 6 7 10 12 15 16 17 
223 11 1.58012 -5.85892 -0.0611452 1.04189 -4.45881 2.11836 -7.25903 5 6 7 10 12 15 16 17 
206 11 0.607282 -5.69133 -0.08235 -0.0557388 -4.34582 1.2703 -7.03684 5 6 7 10 12 15 16 17 
230 11 1.77619 -2.53724 1.61476 1.40411 -1.08413 2.14828 -3.99036 5 6 7 10 12 15 16 17 
146 11 -0.229712 -5.5068 -0.0290627 -0.952488 -4.19242 0.493065 -6.82118 5 6 7 10 12 15 16 17 
141 11 -0.556709 -5.37663 -0.0153654 -1.22309 -4.03278 0.109676 -6.72048 5 6 7 10 12 15 16 17 
185 11 1.67354 -5.04019 -0.0540477 1.27241 -3.59482 2.07467 -6.48556 5 6 7 10 12 15 16 17 
211 12 1.84266 -1.57455 0.0146525 1.22579 -0.207263 2.45953 -2.94183 6 7 8 11 13 16 17 18 
229 12 1.55006 -1.21774 1.56342 2.18352 -2.57742 0.916607 0.141942 6 7 8 11 13 16 17 18 
133 12 -0.719202 -0.86126 1.59233 -0.851388 0.632904 -0.587015 -2.35542 6 7 8 11 13 16 17 18 
150 12 -1.53649 -1.69189 1.5108 -0.907748 -0.330021 -2.16523 -3.05376 6 7 8 11 13 16 17 18 
194 12 -0.993087 1.00975 0.0518072 -0.891018 2.50628 -1.09515 -0.486771 6 7 8 11 13 16 17 18 
73 12 1.59391 -1.15376 1.49962 0.95549 0.203601 2.23233 -2.51112 6 7 8 11 13 16 17 18 
172 12 -0.361752 1.40737 0.080962 -0.623883 2.88429 -0.099622 -0.0695469 6 7 8 11 13 16 17 18 
188 12 -0.247891 -1.24351 0.0938717 -0.78904 0.155475 0.293259 -2.64249 6 7 8 11 13 16 17 18 
125 12 -1.60086 -0.874274 -0.0866852 -1.11644 0.545351 -2.08528 -2.2939 6 7 8 11 13 16 17 18 
210 12 -0.430375 0.44391 0.0886768 -0.863929 1.87989 0.00317909 -0.992067 6 7 8 11 13 16 17 18 
91 12 -1.63259 0.202584 1.57205 -1.30775 1.66699 -1.95744 -1.26182 6 7 8 11 13 16 17 18 
208 12 0.935858 -1.73022 0.0886768 0.410007 -0.325419 1.46171 -3.13503 6 7 8 11 13 16 17 18 
269 12 1.78846 0.191898 1.58036 0.443972 0.857001 3.13294 -0.473204 6 7 8 11 13 16 17 18 
246 12 0.765527 -1.5975 0.0105635 0.145812 -0.231497 1.38524 -2.96349 6 7 8 11 13 16 17 18 
166 12 0.0410388 -1.93123 0.0316722 -0.518789 -0.539618 0.600867 -3.32285 6 7 8 11 13 16 17 18 
195 13 0.668817 5.60397 -0.0966908 0.277264 7.05196 1.06037 4.15598 7 8 9 12 14 17 18 19 
196 13 -0.360057 3.79256 -0.0214127 -0.352423 5.29254 -0.367691 2.29258 7 8 9 12 14 17 18 19 
252 13 0.986672 3.29889 1.54105 0.617066 4.75264 1.35628 1.84514 7 8 9 12 14 17 18 19 
213 13 -0.220207 5.89069 0.0189033 -0.394383 7.38054 -0.0460324 4.40083 7 8 9 12 14 17 18 19 
193 13 -1.16254 4.07856 0.0866947 -1.71475 5.47322 -0.610326 2.68391 7 8 9 12 14 17 18 19 
191 13 0.82082 2.74239 -0.0803081 0.520907 4.2121 1.12073 1.27268 7 8 9 12 14 17 18 19 
156 13 0.53602 5.81912 0.0322909 0.16814 7.27331 0.9039 4.36493 7 8 9 12 14 17 18 19 
233 13 -0.159089 4.91912 0.0984411 -0.287494 6.41362 -0.0306848 3.42463 7 8 9 12 14 17 18 19 
209 13 -0.665143 3.88951 0.0886768 -0.89521 5.37176 -0.435077 2.40726 7 8 9 12 14 17 18 19 
177 13 -1.04538 5.34073 0.0410186 -1.26259 6.82491 -0.828156 3.85654 7 8 9 12 14 17 18 19 
212 13 -1.12155 3.71641 0.0451745 -1.6273 5.12857 -0.6158 2.30424 7 8 9 12 14 17 18 19 
236 13 1.4657 5.51071 0.0754502 1.86808 6.95573 1.06332 4.06569 7 8 9 12 14 17 18 19 
190 13 0.505058 2.24575 0.0938717 0.276517 3.72824 0.7336 0.763267 7 8 9 12 14 17 18 19 
175 13 -1.53757 5.7852 0.0185602 -1.83122 7.25617 -1.24392 4.31422 7 8 9 12 14 17 18 19 
253 13 0.119104 5.9795 -0.0652644 0.0638213 7.47848 0.174386 4.48052 7 8 9 12 14 17 18 19 
294 13 1.87986 5.23788 1.6695 1.21612 3.89272 2.54361 6.58303 7 8 9 12 14 17 18 19 
254 13 1.89006 4.05968 0.0939474 2.50538 5.42766 1.27474 2.69169 7 8 9 12 14 17 18 19 
217 14 -0.699836 7.40826 0.0193853 -1.05543 8.8655 -0.344243 5.95102 8 9 -1 13 -1 18 19 -1 
218 14 -0.28126 7.95537 0.0219677 -0.500796 9.43921 -0.0617234 6.47152 8 9 -1 13 -1 18 19 -1 
176 14 -1.04155 6.11368 0.0439749 -1.1905 7.60627 -0.89259 4.6211 8 9 -1 13 -1 18 19 -1 
237 14 1.03898 8.29073 0.0560184 -0.0640045 9.30731 2.14197 7.27416 8 9 -1 13 -1 18 19 -1 
214 14 0.712961 7.32292 -0.0575552 0.183907 8.72652 1.24201 5.91931 8 9 -1 13 -1 18 19 -1 
255 14 -0.0381058 8.64727 -0.00311797 -0.726993 9.97973 0.650782 7.31482 8 9 -1 13 -1 18 19 -1 
238 14 0.778913 8.58996 -0.0677189 -0.359844 9.56629 1.91767 7.61362 8 9 -1 13 -1 18 19 -1 
178 14 -1.66498 8.1168 0.0681749 -1.96872 9.58572 -1.36124 6.64787 8 9 -1 13 -1 18 19 -1 
154 14 -1.81533 7.80591 -0.0763312 -2.19628 9.25673 -1.43439 6.35509 8 9 -1 13 -1 18 19 -1 
257 14 1.84601 7.95892 -0.0370511 0.683813 8.90723 3.00821 7.01061 8 9 -1 13 -1 18 19 -1 
235 14 -0.33934 7.58783 -0.0355828 -0.466804 9.0824 -0.211876 6.09325 8 9 -1 13 -1 18 19 -1 
297 14 1.44299 9.66228 0.0840942 2.92895 9.45754 -0.0429758 9.86701 8 9 -1 13 -1 18 19 -1 
278 14 1.71565 9.46099 -0.0548573 3.20211 9.25996 0.22918 9.66203 8 9 -1 13 -1 18 19 -1 
198 14 -0.687159 6.25114 -0.0460039 -0.919498 7.73303 -0.454821 4.76924 8 9 -1 13 -1 18 19 -1 
197 14 -1.51952 6.13144 -0.0313854 -1.87018 7.58988 -1.16887 4.673 8 9 -1 13 -1 18 19 -1 
216 14 1.85275 6.04698 -0.00681139 2.35469 7.4605 1.35081 4.63345 8 9 -1 13 -1 18 19 -1 
215 14 -1.93773 6.56798 -0.0463609 -2.18423 8.04759 -1.69123 5.08837 8 9 -1 13 -1 18 19 -1 
302 15 5.9355 -8.66622 -0.0541769 4.4511 -8.88195 7.41991 -8.4505 -1 10 11 -1 16 -1 20 21 
243 15 4.7036 -7.00252 -0.00534277 3.70258 -5.8854 5.70462 -8.11965 -1 10 11 -1 16 -1 20 21 
285 15 5.52929 -8.13977 -0.043355 7.02886 -8.10392 4.02972 -8.17563 -1 10 11 -1 16 -1 20 21 
201 15 2.51505 -7.07545 -0.0121466 2.19549 -5.60988 2.83461 -8.54101 -1 10 11 -1 16 -1 20 21 
225 15 2.32896 -6.71392 -0.0243093 2.11423 -5.22937 2.54369 -8.19848 -1 10 11 -1 16 -1 20 21 
263 15 5.09088 -6.24744 0.0564466 3.9032 -5.33124 6.27856 -7.16364 -1 10 11 -1 16 -1 20 21 
182 15 3.42859 -9.91985 -0.0612134 1.92957 -9.97395 4.92762 -9.86575 -1 10 11 -1 16 -1 20 21 
186 15 2.25329 -8.76814 0.0781129 1.27612 -7.6301 3.23046 -9.90618 -1 10 11 -1 16 -1 20 21 
242 15 2.87487 -6.33501 -0.00484941 2.22087 -4.9851 3.52887 -7.68493 -1 10 11 -1 16 -1 20 21 
281 15 5.48091 -6.1133 0.0213392 4.11511 -5.49316 6.84672 -6.73344 -1 10 11 -1 16 -1 20 21 
222 15 3.1485 -6.25958 -0.0374866 2.50941 -4.90253 3.78758 -7.61663 -1 10 11 -1 16 -1 20 21 
341 15 5.26078 -7.18229 -0.0266753 4.08275 -6.25372 6.43881 -8.11086 -1 10 11 -1 16 -1 20 21 
228 15 5.35087 -9.30773 0.08476 3.85509 -9.42016 6.84666 -9.19531 -1 10 11 -1 16 -1 20 21 
304 15 5.97452 -6.55529 0.0786674 4.66242 -5.82838 7.28661 -7.28221 -1 10 11 -1 16 -1 20 21 
245 16 5.70675 -4.43615 -0.0212704 4.68018 -3.34246 6.73331 -5.52985 10 11 12 15 17 20 21 22 
286 16 4.33742 -4.89482 1.62525 3.15865 -3.96719 5.5162 -5.82244 10 11 12 15 17 20 21 22 
283 16 2.85881 -4.74878 0.0836279 2.06404 -3.47665 3.65359 -6.02092 10 11 12 15 17 20 21 22 
282 16 2.91367 -4.49529 -0.0810843 2.19424 -3.17908 3.6331 -5.81151 10 11 12 15 17 20 21 22 
265 16 4.90064 -3.20436 -0.0801331 3.67472 -2.34001 6.12657 -4.06872 10 11 12 15 17 20 21 22 
248 16 2.84927 -3.33645 1.55798 2.28871 -1.94513 3.40983 -4.72776 10 11 12 15 17 20 21 22 
301 16 4.86851 -4.26956 -0.0896105 3.74975 -3.27037 5.98727 -5.26875 10 11 12 15 17 20 21 22 
326 16 4.05167 -2.57188 1.64329 2.83694 -1.69187 5.26641 -3.45189 10 11 12 15 17 20 21 22 
266 16 2.46103 -5.12158 -0.0801331 1.78516 -3.78248 3.1369 -6.46068 10 11 12 15 17 20 21 22 
291 16 4.35736 -2.60309 1.5682 3.20131 -1.64729 5.51341 -3.55889 10 11 12 15 17 20 21 22 
284 16 2.80617 -5.16083 -0.043355 2.06118 -3.85891 3.55115 -6.46276 10 11 12 15 17 20 21 22 
152 16 3.02148 -2.62103 1.51143 2.29923 -1.30636 3.74373 -3.9357 10 11 12 15 17 20 21 22 
224 16 2.53949 -4.84543 -0.0442809 1.84813 -3.51426 3.23084 -6.17661 10 11 12 15 17 20 21 22 
270 16 2.88842 -2.5364 1.62258 2.10972 -1.25436 3.66711 -3.81844 10 11 12 15 17 20 21 22 
328 16 4.62472 -2.03439 1.57454 3.39841 -1.17059 5.85103 -2.8982 10 11 12 15 17 20 21 22 
303 16 5.65057 -4.70569 0.0786674 4.65951 -3.57972 6.64162 -5.83166 10 11 12 15 17 20 21 22 
268 17 4.69004 1.33377 1.57244 3.30963 0.746867 6.07045 1.92068 11 12 13 16 18 21 22 23 
289 17 4.27193 0.59973 1.47494 2.77216 0.626273 5.77169 0.573186 11 12 13 16 18 21 22 23 
330 17 5.28951 -0.088593 1.4827 3.80647 -0.313492 6.77256 0.136306 11 12 13 16 18 21 22 23 
308 17 3.88426 -1.86024 1.55792 2.7345 -0.896882 5.03402 -2.82359 11 12 13 16 18 21 22 23 
305 17 3.49936 -1.09779 1.52065 2.21853 -0.317111 4.78019 -1.87848 11 12 13 16 18 21 22 23 
192 17 5.35816 -1.46153 0.060257 3.88169 -1.19688 6.83463 -1.72618 11 12 13 16 18 21 22 23 
249 17 4.18411 1.68122 1.49744 2.77088 1.17845 5.59735 2.18398 11 12 13 16 18 21 22 23 
287 17 3.88023 0.415487 1.57435 2.38667 0.276604 5.37378 0.55437 11 12 13 16 18 21 22 23 
250 17 3.25866 -1.65494 1.58442 2.04048 -0.779699 4.47684 -2.53017 11 12 13 16 18 21 22 23 
333 17 5.5959 1.34919 1.58287 4.12257 1.06756 7.06922 1.63083 11 12 13 16 18 21 22 23 
309 17 5.61872 0.996042 1.64993 4.12805 0.828935 7.10938 1.16315 11 12 13 16 18 21 22 23 
232 17 2.16676 1.83254 0.0536245 0.951587 0.953128 3.38193 2.71194 11 12 13 16 18 21 22 23 
231 17 2.08544 -1.58803 1.61476 1.28819 -0.317449 2.8827 -2.85862 11 12 13 16 18 21 22 23 
334 18 3.19493 5.05923 1.49321 2.2281 3.91239 4.16177 6.20606 12 13 14 17 19 22 23 24 
293 18 3.17273 3.30732 1.6695 2.1788 2.18388 4.16666 4.43075 12 13 14 17 19 22 23 24 
272 18 4.96476 4.07072 1.63076 4.08481 2.85594 5.84471 5.2855 12 13 14 17 19 22 23 24 
314 18 3.94556 4.88726 1.52025 2.93991 3.7743 4.95121 6.00022 12 13 14 17 19 22 23 24 
335 18 4.0131 4.66491 1.56548 3.06263 3.50448 4.96357 5.82535 12 13 14 17 19 22 23 24 
316 18 2.67085 5.55646 -0.0655887 3.26011 6.93587 2.08159 4.17705 12 13 14 17 19 22 23 24 
370 18 4.4661 2.69586 1.62503 3.28887 1.76628 5.64333 3.62545 12 13 14 17 19 22 23 24 
312 18 2.24283 2.91821 1.55215 1.53235 1.59715 2.95332 4.23928 12 13 14 17 19 22 23 24 
290 18 3.82309 3.71473 1.62067 2.91058 2.52422 4.7356 4.90525 12 13 14 17 19 22 23 24 
275 18 2.76561 5.82553 -0.0896766 3.34747 7.20808 2.18374 4.44299 12 13 14 17 19 22 23 24 
313 18 5.41597 5.20485 1.66995 4.53229 3.99278 6.29964 6.41692 12 13 14 17 19 22 23 24 
354 18 3.10652 4.70221 1.65873 2.17559 3.52604 4.03744 5.87837 12 13 14 17 19 22 23 24 
256 18 4.79421 5.13806 0.024088 5.88419 6.16857 3.70422 4.10756 12 13 14 17 19 22 23 24 
251 18 3.90014 2.30497 1.54105 2.77001 1.31866 5.03027 3.29128 12 13 14 17 19 22 23 24 
310 18 3.77463 2.32326 1.66042 2.69466 1.28227 4.8546 3.36425 12 13 14 17 19 22 23 24 
311 18 4.59593 2.57693 1.63968 3.53174 1.5198 5.66011 3.63405 12 13 14 17 19 22 23 24 
336 18 5.58651 5.73652 1.56548 4.50452 4.69762 6.6685 6.77542 12 13 14 17 19 22 23 24 
273 18 2.2145 5.30986 1.63076 1.704 3.8994 2.725 6.72032 12 13 14 17 19 22 23 24 
277 18 2.08445 5.776 -0.0597183 2.72067 7.13439 1.44823 4.41761 12 13 14 17 19 22 23 24 
296 19 4.50252 9.34819 -0.0642139 5.98321 9.5881 3.02183 9.10828 13 14 -1 18 -1 23 24 -1 
298 19 3.56604 8.20639 -0.0538784 4.85289 7.43566 2.27919 8.97712 13 14 -1 18 -1 23 24 -1 
258 19 4.04872 8.56725 0.03131 5.49775 8.17957 2.59968 8.95493 13 14 -1 18 -1 23 24 -1 
276 19 4.09362 6.87069 0.0647429 5.30686 5.98862 2.88038 7.75276 13 14 -1 18 -1 23 24 -1 
338 19 5.63146 9.34973 0.0623159 6.99756 9.96921 4.26535 8.73025 13 14 -1 18 -1 23 24 -1 
317 19 2.39545 8.47269 0.0721344 3.78035 7.89646 1.01055 9.04892 13 14 -1 18 -1 23 24 -1 
321 20 7.35147 -9.45002 0.00346954 5.8613 -9.27861 8.84164 -9.62143 -1 15 16 -1 21 -1 -1 -1 
343 20 7.96291 -7.90347 1.58283 6.92363 -6.82186 9.0022 -8.98508 -1 15 16 -1 21 -1 -1 -1 
362 20 9.78207 -6.89291 1.61243 9.90827 -5.39823 9.65586 -8.3876 -1 15 16 -1 21 -1 -1 -1 
262 20 7.07714 -7.67565 -0.0512347 5.75636 -6.96464 8.39792 -8.38667 -1 15 16 -1 21 -1 -1 -1 
324 20 8.78287 -8.46967 1.52854 8.1731 -7.0992 9.39264 -9.84014 -1 15 16 -1 21 -1 -1 -1 
363 20 8.51583 -6.79031 1.63109 7.84298 -5.44969 9.18868 -8.13093 -1 15 16 -1 21 -1 -1 -1 
322 20 6.82284 -8.69583 0.017917 5.33105 -8.85253 8.31464 -8.53912 -1 15 16 -1 21 -1 -1 -1 
327 20 7.09584 -6.1372 1.48248 6.14235 -4.97925 8.04934 -7.29514 -1 15 16 -1 21 -1 -1 -1 
306 20 7.59138 -6.2399 1.66258 6.68761 -5.04274 8.49515 -7.43706 -1 15 16 -1 21 -1 -1 -1 
366 21 8.72204 -2.97674 1.59963 8.17801 -1.57888 9.26608 -4.37461 15 16 17 20 22 -1 -1 -1 
346 21 9.46478 -4.87455 1.57554 9.26383 -3.38807 9.66573 -6.36103 15 16 17 20 22 -1 -1 -1 
342 21 8.88287 -4.02947 -0.0266753 8.33764 -2.63207 9.42809 -5.42687 15 16 17 20 22 -1 -1 -1 
364 21 8.68828 -4.94623 1.6272 8.19299 -3.53036 9.18357 -6.3621 15 16 17 20 22 -1 -1 -1 
325 21 8.31729 -3.56363 1.49129 7.87331 -2.13084 8.76127 -4.99642 15 16 17 20 22 -1 -1 -1 
267 21 7.74027 -3.30692 1.47404 7.39493 -1.84722 8.08562 -4.76663 15 16 17 20 22 -1 -1 -1 
329 21 9.53336 -2.87497 1.50539 9.33625 -1.38798 9.73046 -4.36196 15 16 17 20 22 -1 -1 -1 
307 21 7.74957 -4.525 1.47786 6.63769 -3.51817 8.86146 -5.53183 15 16 17 20 22 -1 -1 -1 
288 21 6.81534 -3.02912 1.54623 6.00028 -1.76988 7.63039 -4.28836 15 16 17 20 22 -1 -1 -1 
344 21 6.57644 -5.49466 1.5878 5.6149 -4.34338 7.53798 -6.64594 15 16 17 20 22 -1 -1 -1 
348 21 8.96881 -2.49081 1.61413 8.3387 -1.12958 9.59891 -3.85205 15 16 17 20 22 -1 -1 -1 
365 21 9.79741 -2.50245 1.61639 9.90247 -1.00613 9.69234 -3.99877 15 16 17 20 22 -1 -1 -1 
323 21 6.08951 -3.35874 0.017917 5.54162 -1.96238 6.6374 -4.7551 15 16 17 20 22 -1 -1 -1 
361 21 8.60425 -5.86398 0.0685141 7.79273 -4.60246 9.41578 -7.12549 15 16 17 20 22 -1 -1 -1 
349 22 7.23458 0.338415 1.62199 8.46106 1.20199 6.0081 -0.525155 16 17 18 21 23 -1 -1 -1 
350 22 8.27677 0.473527 1.54919 9.11493 1.71751 7.43862 -0.770455 16 17 18 21 23 -1 -1 -1 
368 22 9.78368 0.318833 1.67067 9.5767 1.80448 9.99065 -1.16682 16 17 18 21 23 -1 -1 -1 
271 22 8.09778 0.756434 1.61511 7.11642 -0.377995 9.07914 1.89086 16 17 18 21 23 -1 -1 -1 
347 22 9.5185 0.47731 1.50313 9.48091 -1.02222 9.55609 1.97684 16 17 18 21 23 -1 -1 -1 
351 22 6.39341 0.49201 1.5717 4.95706 0.0596708 7.82975 0.924349 16 17 18 21 23 -1 -1 -1 
372 22 7.40101 1.06279 1.51924 6.03926 0.433802 8.76277 1.69178 16 17 18 21 23 -1 -1 -1 
374 22 6.49403 1.9739 1.64317 7.95312 1.62596 5.03494 2.32184 16 17 18 21 23 -1 -1 -1 
345 22 6.99181 -1.80325 1.54214 6.61854 -0.350437 7.36508 -3.25607 16 17 18 21 23 -1 -1 -1 
367 22 8.70612 -1.76076 1.47839 7.96205 -0.458313 9.45018 -3.06321 16 17 18 21 23 -1 -1 -1 
352 23 7.84257 3.88161 1.58557 9.28407 4.29645 6.40107 3.46678 17 18 19 22 24 -1 -1 -1 
376 23 9.40494 4.86398 1.61539 9.13848 6.34013 9.6714 3.38784 17 18 19 22 24 -1 -1 -1 
357 23 6.50069 4.43809 1.6088 5.23364 3.63522 7.76774 5.24095 17 18 19 22 24 -1 -1 -1 
358 23 7.53928 4.95916 -0.0262301 6.25592 4.18264 8.82265 5.73567 17 18 19 22 24 -1 -1 -1 
332 23 7.17954 4.01776 1.47638 5.68779 3.86062 8.67129 4.1749 17 18 19 22 24 -1 -1 -1 
371 23 7.42969 2.8862 1.55579 5.94304 2.68658 8.91635 3.08582 17 18 19 22 24 -1 -1 -1 
331 23 6.54378 4.79819 1.61035 5.35864 3.87872 7.72892 5.71767 17 18 19 22 24 -1 -1 -1 
353 23 6.83942 3.32671 1.56506 5.35295 3.1257 8.32589 3.52773 17 18 19 22 24 -1 -1 -1 
369 23 7.27128 2.34622 1.504 5.78092 2.51601 8.76164 2.17642 17 18 19 22 24 -1 -1 -1 
315 23 6.02107 5.28936 1.52025 5.2838 3.98306 6.75834 6.59567 17 18 19 22 24 -1 -1 -1 
292 23 6.11234 2.59119 1.52951 4.6454 2.27798 7.57927 2.9044 17 18 19 22 24 -1 -1 -1 
377 24 9.44092 7.46418 1.61999 9.35499 5.96664 9.52685 8.96171 18 19 -1 23 -1 -1 -1 -1 
356 24 9.8606 6.38842 1.6088 9.78283 4.89044 9.93837 7.88641 18 19 -1 23 -1 -1 -1 -1 
337 24 7.81805 9.06081 -0.0754216 6.33858 8.81347 9.29751 9.30816 18 19 -1 23 -1 -1 -1 -1 
355 24 7.62571 6.97449 1.65228 6.13085 6.85042 9.12057 7.09855 18 19 -1 23 -1 -1 -1 -1 
373 24 6.36807 8.05364 1.55408 4.93439 8.49472 7.80175 7.61255 18 19 -1 23 -1 -1 -1 -1 
375 24 6.54504 7.64406 1.58201 5.06682 7.89875 8.02326 7.38937 18 19 -1 23 -1 -1 -1 -1 
378 24 8.33266 8.52743 1.61999 6.9549 7.93433 9.71042 9.12054 18 19 -1 23 -1 -1 -1 -1 
274 24 6.60383 7.20649 0.0303916 8.10281 7.2617 5.10485 7.15128 18 19 -1 23 -1 -1 -1 -1 
295 24 6.83739 7.76019 -0.0909834 8.27092 7.31863 5.40385 8.20175 18 19 -1 23 -1 -1 -1 -1 
318 24 8.13333 9.57758 0.0769724 9.63002 9.67725 6.63665 9.47792 18 19 -1 23 -1 -1 -1 -1 
