156 0 -8.77598 -8.41316 2.65043 -9.71158 -9.58562 -7.84038 -7.24071 -1 -1 -1 -1 1 -1 5 6 
104 0 -8.2275 -8.1148 3.00922 -7.31097 -6.92737 -9.14403 -9.30222 -1 -1 -1 -1 1 -1 5 6 
220 0 -9.02928 -8.01487 0.331679 -8.45159 -6.63057 -9.60697 -9.39916 -1 -1 -1 -1 1 -1 5 6 
328 0 -6.9539 -7.57973 1.26594 -7.74212 -8.85594 -6.16568 -6.30352 -1 -1 -1 -1 1 -1 5 6 
397 0 -8.50124 -8.55558 2.39661 -9.38226 -9.76959 -7.62023 -7.34157 -1 -1 -1 -1 1 -1 5 6 
289 0 -8.64987 -6.91792 1.70806 -7.96156 -5.58516 -9.33818 -8.25067 -1 -1 -1 -1 1 -1 5 6 
298 0 -9.12293 -7.69216 1.52318 -8.54272 -6.30891 -9.70314 -9.0754 -1 -1 -1 -1 1 -1 5 6 
183 0 -9.35176 -8.48002 1.12152 -9.98071 -9.84179 -8.72281 -7.11825 -1 -1 -1 -1 1 -1 5 6 
330 0 -6.61795 -6.4999 2.45896 -5.94384 -5.15991 -7.29206 -7.83989 -1 -1 -1 -1 1 -1 5 6 
251 0 -7.071 -9.039 1.24755 -8.54658 -9.30858 -5.59543 -8.76942 -1 -1 -1 -1 1 -1 5 6 
101 0 -7.26776 -9.37141 1.53166 -8.75176 -9.58993 -5.78377 -9.15288 -1 -1 -1 -1 1 -1 5 6 
17 0 -9.70977 -6.79707 1.99133 -9.72242 -8.29702 -9.69712 -5.29713 -1 -1 -1 -1 1 -1 5 6 
333 0 -7.00028 -9.58014 0.461613 -8.4803 -9.82418 -5.52026 -9.33611 -1 -1 -1 -1 1 -1 5 6 
44 0 -9.20317 -6.79875 1.87718 -9.569 -8.25345 -8.83733 -5.34405 -1 -1 -1 -1 1 -1 5 6 
310 0 -6.19601 -8.45549 0.255809 -4.78433 -7.94837 -7.60768 -8.9626 -1 -1 -1 -1 1 -1 5 6 
280 0 -7.63766 -6.56259 0.190349 -8.46819 -7.81168 -6.80713 -5.31351 -1 -1 -1 -1 1 -1 5 6 
166 0 -6.04293 -7.62273 1.72353 -4.74509 -6.87066 -7.34077 -8.3748 -1 -1 -1 -1 1 -1 5 6 
240 1 -8.11417 -4.18533 0.491368 -8.32103 -5.671 -7.9073 -2.69967 -1 -1 -1 0 2 5 6 7 
158 1 -6.41915 -3.78921 1.28345 -6.99169 -5.17564 -5.84661 -2.40277 -1 -1 -1 0 2 5 6 7 
236 1 -9.02353 -5.43532 1.38293 -8.58956 -3.99947 -9.45749 -6.87118 -1 -1 -1 0 2 5 6 7 
292 1 -7.41921 -5.44897 0.168401 -7.96637 -6.84562 -6.87205 -4.05233 -1 -1 -1 0 2 5 6 7 
42 1 -9.62483 -3.78354 1.85254 -9.88706 -2.30664 -9.3626 -5.26044 -1 -1 -1 0 2 5 6 7 
121 1 -6.46441 -3.09768 0.317263 -7.09544 -4.45849 -5.83338 -1.73687 -1 -1 -1 0 2 5 6 7 
60 1 -8.28904 -3.08485 0.0122196 -9.21066 -4.26833 -7.36743 -1.90137 -1 -1 -1 0 2 5 6 7 
172 1 -8.02401 -4.54787 2.9985 -8.25293 -6.0303 -7.79509 -3.06545 -1 -1 -1 0 2 5 6 7 
294 1 -9.52721 -3.28793 0.720878 -9.14046 -4.73722 -9.91396 -1.83865 -1 -1 -1 0 2 5 6 7 
320 1 -8.26334 -4.5083 2.0482 -8.36118 -6.0051 -8.16549 -3.01149 -1 -1 -1 0 2 5 6 7 
112 1 -9.80007 -3.38709 0.244911 -9.66192 -4.88072 -9.93823 -1.89347 -1 -1 -1 0 2 5 6 7 
199 1 -8.69663 -5.5174 2.79195 -8.35864 -4.05598 -9.03462 -6.97883 -1 -1 -1 0 2 5 6 7 
65 1 -7.18912 -4.38595 0.138084 -7.74397 -5.77955 -6.63426 -2.99234 -1 -1 -1 0 2 5 6 7 
46 1 -9.08431 -4.89523 2.29747 -8.51956 -3.50561 -9.64906 -6.28486 -1 -1 -1 0 2 5 6 7 
124 1 -6.39929 -4.00363 0.291256 -6.91307 -5.41289 -5.88551 -2.59436 -1 -1 -1 0 2 5 6 7 
9 1 -6.89471 -4.63361 0.42293 -7.4053 -6.04403 -6.38412 -3.22319 -1 -1 -1 0 2 5 6 7 
247 1 -7.05543 -2.58627 1.77578 -6.27854 -1.30313 -7.83231 -3.86941 -1 -1 -1 0 2 5 6 7 
250 1 -6.78395 -5.69779 1.61472 -7.54817 -6.98852 -6.01974 -4.40707 -1 -1 -1 0 2 5 6 7 
196 1 -6.17895 -4.16779 1.17569 -6.88183 -5.49292 -5.47608 -2.84266 -1 -1 -1 0 2 5 6 7 
275 1 -6.11856 -4.87489 0.614498 -6.99453 -6.09254 -5.24259 -3.65724 -1 -1 -1 0 2 5 6 7 
108 1 -6.01043 -3.51612 0.851991 -6.64039 -4.87743 -5.38046 -2.15482 -1 -1 -1 0 2 5 6 7 
270 2 -6.82072 0.564859 2.81849 -7.35306 -0.837504 -6.28839 1.96722 -1 -1 -1 1 3 6 7 8 
10 2 -9.42779 -0.309322 1.22039 -9.25251 1.1804 -9.60306 -1.79905 -1 -1 -1 1 3 6 7 8 
120 2 -9.6937 0.467304 2.95847 -9.8692 -1.02239 -9.5182 1.957 -1 -1 -1 1 3 6 7 8 
138 2 -8.54357 0.794656 0.798761 -8.96857 -0.643877 -8.11857 2.23319 -1 -1 -1 1 3 6 7 8 
227 2 -6.58287 -1.10378 0.945028 -5.48746 -0.0790501 -7.67828 -2.12851 -1 -1 -1 1 3 6 7 8 
189 2 -9.04754 0.46554 1.90391 -9.16511 -1.02985 -8.92998 1.96093 -1 -1 -1 1 3 6 7 8 
295 2 -7.86046 0.162825 0.730043 -7.38288 1.58477 -8.33804 -1.25912 -1 -1 -1 1 3 6 7 8 
136 2 -6.88509 -0.700152 1.52528 -5.92611 0.453261 -7.84407 -1.85356 -1 -1 -1 1 3 6 7 8 
27 2 -6.9082 -0.984484 1.88498 -7.97165 -2.04235 -5.84476 0.0733867 -1 -1 -1 1 3 6 7 8 
206 2 -6.0172 -0.953243 0.449045 -7.00347 -2.08341 -5.03093 0.176924 -1 -1 -1 1 3 6 7 8 
306 2 -8.70648 -0.88595 2.35887 -8.99659 -2.35763 -8.41636 0.585728 -1 -1 -1 1 3 6 7 8 
126 2 -9.02068 -0.943559 0.366048 -9.5687 -2.33987 -8.47266 0.452747 -1 -1 -1 1 3 6 7 8 
36 2 -8.75915 1.33364 2.48919 -8.49557 2.8103 -9.02274 -0.143014 -1 -1 -1 1 3 6 7 8 
235 2 -6.50341 1.79237 0.491829 -5.94595 3.18494 -7.06086 0.399799 -1 -1 -1 1 3 6 7 8 
48 3 -7.81215 2.91429 0.559266 -8.15275 1.45347 -7.47156 4.37512 -1 -1 -1 2 4 7 8 9 
115 3 -8.40683 5.11352 1.29502 -8.88332 6.53583 -7.93035 3.69121 -1 -1 -1 2 4 7 8 9 
309 3 -7.2142 2.94041 0.133356 -6.68996 4.34582 -7.73844 1.535 -1 -1 -1 2 4 7 8 9 
223 3 -9.63886 2.65628 3.12143 -9.92533 1.18389 -9.35239 4.12868 -1 -1 -1 2 4 7 8 9 
53 3 -9.25581 4.35458 2.88106 -9.32256 2.85606 -9.18906 5.85309 -1 -1 -1 2 4 7 8 9 
25 3 -8.94467 4.49633 0.871333 -9.1289 3.00769 -8.76043 5.98497 -1 -1 -1 2 4 7 8 9 
62 3 -9.79519 4.22189 2.43119 -9.74289 5.72098 -9.8475 2.7228 -1 -1 -1 2 4 7 8 9 
350 3 -8.38768 2.39689 1.4008 -8.69927 0.929607 -8.07608 3.86417 -1 -1 -1 2 4 7 8 9 
29 3 -8.95222 2.86529 2.14623 -8.09018 4.09284 -9.81426 1.63774 -1 -1 -1 2 4 7 8 9 
380 3 -6.57739 4.72937 2.10364 -7.65417 5.77367 -5.50062 3.68507 -1 -1 -1 2 4 7 8 9 
184 3 -8.27488 5.61946 2.09147 -8.62401 7.07826 -7.92575 4.16066 -1 -1 -1 2 4 7 8 9 
161 3 -7.75627 5.22134 0.368669 -7.66462 6.71854 -7.84792 3.72414 -1 -1 -1 2 4 7 8 9 
188 3 -6.69506 2.39774 1.03162 -6.00615 3.73018 -7.38397 1.0653 -1 -1 -1 2 4 7 8 9 
204 3 -8.68251 2.02809 0.540329 -8.44135 3.50858 -8.92366 0.547601 -1 -1 -1 2 4 7 8 9 
260 3 -6.14439 5.93484 0.463155 -7.28489 6.90915 -5.00389 4.96054 -1 -1 -1 2 4 7 8 9 
125 4 -8.62186 7.97213 0.864701 -7.49297 6.9844 -9.75075 8.95985 -1 -1 -1 3 -1 8 9 -1 
263 4 -8.42931 6.84696 1.98759 -9.08605 8.19555 -7.77257 5.49837 -1 -1 -1 3 -1 8 9 -1 
221 4 -8.79396 8.80608 2.20115 -9.86989 9.85125 -7.71803 7.76091 -1 -1 -1 3 -1 8 9 -1 
150 4 -7.9593 7.1143 0.124798 -8.99778 8.19669 -6.92083 6.03191 -1 -1 -1 3 -1 8 9 -1 
16 4 -9.74412 6.51968 0.659578 -9.91426 8.01 -9.57397 5.02937 -1 -1 -1 3 -1 8 9 -1 
279 4 -8.90482 8.73987 2.23419 -7.81123 7.7132 -9.99841 9.76655 -1 -1 -1 3 -1 8 9 -1 
238 4 -9.36244 6.11717 0.108707 -9.59639 4.63552 -9.12849 7.59881 -1 -1 -1 3 -1 8 9 -1 
358 4 -7.66054 7.57966 1.84156 -8.6907 8.66997 -6.63038 6.48935 -1 -1 -1 3 -1 8 9 -1 
24 4 -7.9468 8.5382 1.62577 -9.15911 9.42156 -6.7345 7.65484 -1 -1 -1 3 -1 8 9 -1 
118 4 -9.59893 7.41478 0.15541 -9.477 5.91975 -9.72085 8.90982 -1 -1 -1 3 -1 8 9 -1 
362 4 -7.23235 6.57839 2.81897 -8.03176 7.84762 -6.43295 5.30915 -1 -1 -1 3 -1 8 9 -1 
8 4 -9.09919 6.56179 1.78925 -9.0892 8.06175 -9.10918 5.06182 -1 -1 -1 3 -1 8 9 -1 
145 4 -8.58963 6.29291 2.58014 -8.23672 4.83501 -8.94253 7.7508 -1 -1 -1 3 -1 8 9 -1 
83 4 -6.09887 7.74794 0.224153 -4.61788 7.98598 -7.57987 7.5099 -1 -1 -1 3 -1 8 9 -1 
182 5 -4.70299 -9.87797 2.68524 -3.20729 -9.99147 -6.19869 -9.76446 -1 0 1 -1 6 -1 10 11 
340 5 -3.6818 -8.82476 1.26156 -2.19884 -8.5993 -5.16476 -9.05023 -1 0 1 -1 6 -1 10 11 
244 5 -3.72332 -8.42186 1.67044 -2.22336 -8.40967 -5.22327 -8.43405 -1 0 1 -1 6 -1 10 11 
141 5 -3.19638 -9.3773 0.718002 -4.69043 -9.24392 -1.70232 -9.51069 -1 0 1 -1 6 -1 10 11 
131 5 -4.95912 -7.38959 2.85843 -3.59464 -6.76652 -6.32359 -8.01265 -1 0 1 -1 6 -1 10 11 
160 5 -2.29192 -6.30189 0.43981 -1.01075 -5.52176 -3.57309 -7.08202 -1 0 1 -1 6 -1 10 11 
191 5 -4.60764 -9.81929 0.909649 -6.10648 -9.76029 -3.1088 -9.8783 -1 0 1 -1 6 -1 10 11 
290 5 -2.3517 -8.42989 2.62934 -0.852316 -8.38696 -3.85109 -8.47283 -1 0 1 -1 6 -1 10 11 
55 5 -5.30164 -9.58645 1.83128 -3.81505 -9.38638 -6.78824 -9.78653 -1 0 1 -1 6 -1 10 11 
364 5 -4.16557 -8.38402 0.683567 -5.6653 -8.35567 -2.66584 -8.41237 -1 0 1 -1 6 -1 10 11 
351 5 -4.95311 -7.19468 2.08022 -6.2467 -7.95405 -3.65953 -6.43531 -1 0 1 -1 6 -1 10 11 
0 5 -3.01892 -9.36917 1.5695 -1.52643 -9.51903 -4.51142 -9.21931 -1 0 1 -1 6 -1 10 11 
63 5 -2.55427 -9.29967 0.876742 -4.02213 -8.99081 -1.08641 -9.60853 -1 0 1 -1 6 -1 10 11 
119 5 -5.50051 -7.91841 2.37258 -4.18536 -7.19705 -6.81567 -8.63978 -1 0 1 -1 6 -1 10 11 
176 5 -2.70137 -6.29459 0.879653 -4.02394 -7.00228 -1.37881 -5.5869 -1 0 1 -1 6 -1 10 11 
242 5 -2.93804 -7.79491 1.31652 -4.42278 -7.58154 -1.45329 -8.00827 -1 0 1 -1 6 -1 10 11 
252 5 -2.08055 -9.13729 2.29645 -0.585594 -9.26023 -3.5755 -9.01434 -1 0 1 -1 6 -1 10 11 
20 5 -2.30464 -7.97766 0.383262 -3.77391 -7.67558 -0.835375 -8.27973 -1 0 1 -1 6 -1 10 11 
21 6 -5.93179 -3.49315 2.22767 -5.29182 -2.13652 -6.57177 -4.84977 0 1 2 5 7 10 11 12 
241 6 -2.7519 -2.76802 0.469426 -1.90609 -1.52923 -3.59771 -4.00682 0 1 2 5 7 10 11 12 
229 6 -2.62472 -2.10352 1.80674 -1.59229 -1.01536 -3.65715 -3.19168 0 1 2 5 7 10 11 12 
50 6 -5.76359 -5.87434 1.28105 -6.43392 -7.21623 -5.09327 -4.53245 0 1 2 5 7 10 11 12 
23 6 -3.31034 -2.34612 2.7332 -4.36718 -3.41059 -2.25351 -1.28164 0 1 2 5 7 10 11 12 
208 6 -4.18865 -5.29034 1.56306 -2.75252 -4.85731 -5.62479 -5.72337 0 1 2 5 7 10 11 12 
216 6 -2.72245 -5.85501 0.958501 -1.38356 -5.17872 -4.06134 -6.5313 0 1 2 5 7 10 11 12 
147 6 -5.20259 -2.05015 2.96356 -5.86582 -3.39556 -4.53936 -0.704743 0 1 2 5 7 10 11 12 
81 6 -2.15505 -5.88207 1.03119 -0.878308 -5.09472 -3.4318 -6.66942 0 1 2 5 7 10 11 12 
370 6 -2.14526 -5.30142 1.267 -3.55746 -5.80708 -0.733064 -4.79575 0 1 2 5 7 10 11 12 
181 6 -3.89604 -2.0224 2.31855 -4.90857 -3.1291 -2.88351 -0.915697 0 1 2 5 7 10 11 12 
354 6 -2.12736 -2.47888 3.04158 -1.02895 -1.45737 -3.22577 -3.5004 0 1 2 5 7 10 11 12 
34 7 -4.99685 0.0118462 0.455791 -6.03708 -1.06885 -3.95661 1.09254 1 2 3 6 8 11 12 13 
336 7 -4.4553 -0.0537954 1.5923 -5.33911 -1.26577 -3.57149 1.15818 1 2 3 6 8 11 12 13 
305 7 -4.38051 1.10733 2.03888 -5.46782 0.0740065 -3.2932 2.14066 1 2 3 6 8 11 12 13 
288 7 -5.00717 0.919291 1.93182 -5.95814 -0.240733 -4.0562 2.07932 1 2 3 6 8 11 12 13 
265 7 -2.50829 -1.63695 2.85643 -1.49677 -0.529326 -3.5198 -2.74458 1 2 3 6 8 11 12 13 
209 7 -3.90127 -1.17338 0.548545 -2.80565 -0.148877 -4.9969 -2.19789 1 2 3 6 8 11 12 13 
7 7 -3.44362 -1.88803 1.58721 -4.46475 -2.98681 -2.4225 -0.789259 1 2 3 6 8 11 12 13 
278 7 -3.75703 -0.537468 1.82973 -2.90813 0.69921 -4.60593 -1.77415 1 2 3 6 8 11 12 13 
140 7 -4.56171 -0.803723 0.860145 -5.18274 -2.16912 -3.94068 0.561678 1 2 3 6 8 11 12 13 
219 7 -2.80673 1.02164 0.302684 -3.64946 -0.219257 -1.96401 2.26253 1 2 3 6 8 11 12 13 
6 7 -2.46686 0.552398 0.506076 -1.42282 1.62942 -3.51091 -0.524623 1 2 3 6 8 11 12 13 
109 7 -4.6226 0.62218 1.55769 -5.8423 -0.250939 -3.4029 1.4953 1 2 3 6 8 11 12 13 
359 7 -4.93935 1.66136 1.93772 -5.6832 0.358793 -4.1955 2.96393 1 2 3 6 8 11 12 13 
282 7 -2.87802 1.66169 2.86952 -3.90144 0.565056 -1.8546 2.75833 1 2 3 6 8 11 12 13 
56 7 -2.93605 -1.67919 0.625308 -3.93559 -2.79764 -1.93651 -0.56075 1 2 3 6 8 11 12 13 
264 7 -5.01085 1.19074 1.30429 -5.84232 -0.0577283 -4.17938 2.4392 1 2 3 6 8 11 12 13 
329 7 -2.74122 0.759384 2.08129 -1.94986 2.03365 -3.53258 -0.51488 1 2 3 6 8 11 12 13 
187 7 -5.82754 1.9289 0.857134 -5.27005 3.32145 -6.38503 0.536348 1 2 3 6 8 11 12 13 
261 7 -2.12203 1.92911 2.34089 -1.28757 3.17557 -2.95649 0.682642 1 2 3 6 8 11 12 13 
363 7 -2.21862 -0.347859 0.461004 -0.996864 0.522382 -3.44037 -1.2181 1 2 3 6 8 11 12 13 
89 7 -5.26082 -1.83387 2.80349 -4.47718 -0.554846 -6.04446 -3.1129 1 2 3 6 8 11 12 13 
317 7 -4.34401 -1.81571 1.03762 -3.29225 -0.746226 -5.39576 -2.8852 1 2 3 6 8 11 12 13 
157 8 -3.51495 3.31884 0.267495 -2.74756 4.60768 -4.28234 2.03 2 3 4 7 9 12 13 14 
72 8 -4.27736 5.31854 1.09458 -2.91697 4.68659 -5.63774 5.95048 2 3 4 7 9 12 13 14 
313 8 -3.4802 5.50732 0.779028 -4.95949 5.75576 -2.00092 5.25888 2 3 4 7 9 12 13 14 
123 8 -2.17202 3.74486 2.78703 -0.779111 4.30147 -3.56492 3.18825 2 3 4 7 9 12 13 14 
286 8 -2.6003 2.75715 0.752625 -1.38839 3.64104 -3.81221 1.87326 2 3 4 7 9 12 13 14 
186 8 -2.61122 3.07786 2.44423 -3.82784 2.20047 -1.39459 3.95526 2 3 4 7 9 12 13 14 
283 8 -4.65235 4.32005 2.16637 -5.29779 5.67408 -4.0069 2.96602 2 3 4 7 9 12 13 14 
98 8 -5.92098 3.85076 0.641525 -7.11135 4.76347 -4.73062 2.93805 2 3 4 7 9 12 13 14 
64 8 -5.41871 4.64312 2.97537 -4.6528 3.3534 -6.18461 5.93285 2 3 4 7 9 12 13 14 
155 8 -2.32588 4.68312 1.3514 -1.34685 5.81957 -3.3049 3.54668 2 3 4 7 9 12 13 14 
226 9 -4.47579 9.493 1.87312 -2.97937 9.38946 -5.97221 9.59654 3 4 -1 8 -1 13 14 -1 
14 9 -4.35311 7.37311 1.44596 -2.86722 7.57839 -5.83899 7.16782 3 4 -1 8 -1 13 14 -1 
262 9 -2.87288 7.95928 2.60606 -1.389 7.74001 -4.35677 8.17855 3 4 -1 8 -1 13 14 -1 
248 9 -4.94937 8.35812 2.46307 -3.4523 8.26442 -6.44644 8.45182 3 4 -1 8 -1 13 14 -1 
344 9 -3.3717 9.52893 2.22072 -1.87728 9.39971 -4.86612 9.65815 3 4 -1 8 -1 13 14 -1 
383 9 -4.70159 7.12169 2.8515 -3.20216 7.08057 -6.20103 7.1628 3 4 -1 8 -1 13 14 -1 
111 9 -4.11391 8.9716 2.85338 -5.59699 8.74697 -2.63082 9.19622 3 4 -1 8 -1 13 14 -1 
215 9 -2.06232 9.60073 2.12775 -0.589417 9.31691 -3.53523 9.88454 3 4 -1 8 -1 13 14 -1 
218 9 -2.65137 9.23159 1.28431 -1.15606 9.11296 -4.14667 9.35023 3 4 -1 8 -1 13 14 -1 
128 9 -5.01359 8.62965 2.61693 -6.51319 8.66424 -3.51399 8.59506 3 4 -1 8 -1 13 14 -1 
392 9 -2.23195 9.30075 0.836175 -3.72661 9.42724 -0.73729 9.17427 3 4 -1 8 -1 13 14 -1 
12 9 -5.2928 8.44527 2.29223 -3.7944 8.37593 -6.79119 8.51461 3 4 -1 8 -1 13 14 -1 
301 9 -3.35851 7.02762 2.96467 -1.85881 7.05802 -4.8582 6.99722 3 4 -1 8 -1 13 14 -1 
66 9 -2.11127 9.39882 0.941675 -3.6053 9.53251 -0.617241 9.26512 3 4 -1 8 -1 13 14 -1 
269 9 -4.36851 6.4478 1.01896 -2.87655 6.60292 -5.86047 6.29267 3 4 -1 8 -1 13 14 -1 
100 9 -5.40577 7.49239 0.2661 -6.90514 7.53566 -3.90639 7.44912 3 4 -1 8 -1 13 14 -1 
87 9 -2.13288 8.35722 1.75339 -3.58807 8.7211 -0.677682 7.99333 3 4 -1 8 -1 13 14 -1 
74 9 -2.87226 6.32118 0.196218 -4.33354 5.98257 -1.41098 6.65978 3 4 -1 8 -1 13 14 -1 
331 9 -5.74777 9.68222 0.922165 -4.24781 9.69343 -7.24773 9.67101 3 4 -1 8 -1 13 14 -1 
341 9 -2.22352 7.63304 1.35226 -3.71039 7.83108 -0.73665 7.43499 3 4 -1 8 -1 13 14 -1 
378 9 -2.00992 6.83127 1.12921 -3.49954 6.65508 -0.520306 7.00747 3 4 -1 8 -1 13 14 -1 
85 10 -1.78626 -9.82589 0.970267 -0.289394 -9.729 -3.28313 -9.92278 -1 5 6 -1 11 -1 15 16 
338 10 -0.761318 -7.83927 1.81486 0.703227 -8.16347 -2.22586 -7.51506 -1 5 6 -1 11 -1 15 16 
357 10 -0.330765 -8.18121 0.113824 1.14444 -8.45282 -1.80597 -7.90961 -1 5 6 -1 11 -1 15 16 
377 10 -0.814966 -6.94644 2.7664 0.613585 -7.40387 -2.24352 -6.48901 -1 5 6 -1 11 -1 15 16 
144 10 -0.119093 -9.06073 0.862725 1.36642 -9.2687 -1.60461 -8.85277 -1 5 6 -1 11 -1 15 16 
84 10 1.72647 -9.67476 0.914768 3.22646 -9.66829 0.226483 -9.68124 -1 5 6 -1 11 -1 15 16 
40 10 1.94241 -8.30283 2.65888 3.44118 -8.36346 0.443636 -8.2422 -1 5 6 -1 11 -1 15 16 
13 10 1.34402 -9.90208 0.953306 -0.155725 -9.92975 2.84376 -9.87441 -1 5 6 -1 11 -1 15 16 
365 10 0.366433 -6.23391 1.86103 1.86263 -6.34069 -1.12976 -6.12712 -1 5 6 -1 11 -1 15 16 
51 10 -1.45079 -8.54587 1.89891 -2.95006 -8.59278 0.0484755 -8.49896 -1 5 6 -1 11 -1 15 16 
210 10 -1.9098 -7.77525 0.597995 -3.37774 -7.4668 -0.441852 -8.08369 -1 5 6 -1 11 -1 15 16 
374 10 1.20148 -7.24188 2.42788 2.56776 -6.62279 -0.164808 -7.86096 -1 5 6 -1 11 -1 15 16 
163 10 1.44103 -6.03501 1.09809 2.94073 -6.06486 -0.0586759 -6.00515 -1 5 6 -1 11 -1 15 16 
212 11 1.32074 -3.73742 0.147845 0.151604 -4.67716 2.48989 -2.79768 5 6 7 10 12 15 16 17 
38 11 -0.251294 -2.17723 2.57584 -1.38179 -3.16312 0.879201 -1.19133 5 6 7 10 12 15 16 17 
52 11 1.1838 -2.61376 2.80354 0.266586 -3.80066 2.10101 -1.42686 5 6 7 10 12 15 16 17 
149 11 -0.676721 -4.54212 1.79521 0.692119 -3.92871 -2.04556 -5.15554 5 6 7 10 12 15 16 17 
389 11 -1.17597 -3.15097 0.321663 -2.3261 -4.11388 -0.0258404 -2.18805 5 6 7 10 12 15 16 17 
396 11 -1.74673 -5.46023 1.91317 -3.00224 -6.28102 -0.491226 -4.63944 5 6 7 10 12 15 16 17 
106 11 -1.11285 -3.96817 2.24939 -0.178008 -2.7951 -2.04769 -5.14123 5 6 7 10 12 15 16 17 
122 11 0.175535 -2.53924 1.19104 -0.773561 -3.7008 1.12463 -1.37768 5 6 7 10 12 15 16 17 
95 11 0.927703 -5.13921 1.92327 -0.431073 -5.7746 2.28648 -4.50381 5 6 7 10 12 15 16 17 
379 11 1.30453 -2.43737 3.02945 0.39169 -3.62763 2.21738 -1.24711 5 6 7 10 12 15 16 17 
201 11 0.968531 -4.12288 2.10969 -0.230936 -5.02359 2.168 -3.22216 5 6 7 10 12 15 16 17 
224 11 1.24314 -5.34221 0.0922419 2.66313 -4.85888 -0.176861 -5.82554 5 6 7 10 12 15 16 17 
5 11 1.2668 -4.7402 2.95333 2.6604 -4.18533 -0.126797 -5.29507 5 6 7 10 12 15 16 17 
230 11 1.35201 -2.5641 0.572294 0.47121 -3.77827 2.23281 -1.34994 5 6 7 10 12 15 16 17 
274 11 -0.937312 -5.54873 0.788738 -2.06803 -6.53436 0.193405 -4.56309 5 6 7 10 12 15 16 17 
114 11 0.891778 -2.28732 0.168192 0.305245 -3.66789 1.47831 -0.90675 5 6 7 10 12 15 16 17 
37 11 -1.64582 -3.07737 1.56858 -2.76623 -4.07471 -0.525404 -2.08004 5 6 7 10 12 15 16 17 
162 11 0.352702 -5.76685 1.01995 1.82739 -5.49243 -1.12198 -6.04127 5 6 7 10 12 15 16 17 
327 11 -1.13923 -2.23068 0.585445 0.133479 -1.43682 -2.41195 -3.02453 5 6 7 10 12 15 16 17 
347 12 1.31947 1.35213 1.91927 2.58852 2.15182 0.0504131 0.552446 6 7 8 11 13 16 17 18 
110 12 -0.966074 1.35411 0.647959 0.304274 2.15174 -2.23642 0.556478 6 7 8 11 13 16 17 18 
398 12 0.8921 -0.141743 0.0127068 -0.20895 -1.16041 1.99315 0.876928 6 7 8 11 13 16 17 18 
39 12 1.33439 -0.614544 1.8287 2.62404 0.151484 0.0447416 -1.38057 6 7 8 11 13 16 17 18 
67 12 0.536202 1.26954 0.609964 -0.66003 0.364537 1.73243 2.17454 6 7 8 11 13 16 17 18 
3 12 0.164711 -0.203636 3.03295 -0.661754 -1.45542 0.991176 1.04815 6 7 8 11 13 16 17 18 
167 12 -1.53383 -0.284171 1.49846 -2.45985 -1.46421 -0.607814 0.895866 6 7 8 11 13 16 17 18 
71 12 -0.354009 0.177549 0.270156 0.621818 1.31674 -1.32984 -0.961644 6 7 8 11 13 16 17 18 
132 12 -0.650993 -0.0140961 1.21916 -1.69867 -1.08758 0.396685 1.05939 6 7 8 11 13 16 17 18 
291 12 -1.6453 0.686193 0.208543 -2.8252 -0.240009 -0.46541 1.6124 6 7 8 11 13 16 17 18 
151 12 1.0025 -1.22848 2.05904 -0.0710226 -2.27612 2.07602 -0.18084 6 7 8 11 13 16 17 18 
133 12 1.58673 0.682181 0.174105 2.73511 1.64718 0.438348 -0.282815 6 7 8 11 13 16 17 18 
194 12 1.57396 1.05404 1.71743 2.66832 2.0799 0.479595 0.0281912 6 7 8 11 13 16 17 18 
323 12 1.12518 -0.115213 1.18596 2.14088 0.98858 0.109482 -1.21901 6 7 8 11 13 16 17 18 
92 12 -1.16438 -1.64754 1.63696 -0.131532 -0.559778 -2.19722 -2.73531 6 7 8 11 13 16 17 18 
373 12 0.185846 1.93727 2.56975 1.38649 2.83641 -1.0148 1.03814 6 7 8 11 13 16 17 18 
233 12 -1.86722 1.89312 1.03824 -1.14476 3.20767 -2.58969 0.578563 6 7 8 11 13 16 17 18 
353 12 -1.98021 0.0905024 1.55688 -3.11049 -0.895637 -0.849931 1.07664 6 7 8 11 13 16 17 18 
97 13 0.152306 3.4408 2.18253 -0.948942 2.42234 1.25355 4.45926 7 8 9 12 14 17 18 19 
258 13 0.253963 4.062 1.28982 1.52153 4.86404 -1.0136 3.25996 7 8 9 12 14 17 18 19 
387 13 0.147196 2.20529 0.359864 -1.18261 1.51131 1.47701 2.89927 7 8 9 12 14 17 18 19 
271 13 0.753242 3.71874 0.0307858 1.78657 4.80605 -0.280083 2.63143 7 8 9 12 14 17 18 19 
35 13 -0.906295 3.75599 0.370557 0.281234 4.67238 -2.09382 2.8396 7 8 9 12 14 17 18 19 
348 13 0.582384 5.5895 0.582413 -0.834037 5.09579 1.9988 6.08321 7 8 9 12 14 17 18 19 
105 13 1.65791 2.84815 3.11448 0.455074 1.95194 2.86074 3.74436 7 8 9 12 14 17 18 19 
73 13 1.13359 2.06855 0.433598 2.32307 2.98241 -0.0558832 1.15469 7 8 9 12 14 17 18 19 
345 13 0.3598 4.87021 1.39872 1.82095 5.20939 -1.10135 4.53102 7 8 9 12 14 17 18 19 
78 13 -1.45104 3.70756 1.91432 -2.69899 2.87533 -0.203083 4.5398 7 8 9 12 14 17 18 19 
143 13 -1.23487 4.70115 2.80879 -2.56296 4.00388 0.0932179 5.39842 7 8 9 12 14 17 18 19 
312 13 0.390585 3.51863 1.37367 1.4532 4.57733 -0.672029 2.45992 7 8 9 12 14 17 18 19 
267 13 1.04956 5.17992 1.63512 -0.423431 4.89656 2.52255 5.46329 7 8 9 12 14 17 18 19 
200 13 1.35888 2.21107 0.821836 0.158532 1.31153 2.55923 3.1106 7 8 9 12 14 17 18 19 
319 13 1.57132 3.95957 1.42376 2.79008 4.834 0.352563 3.08514 7 8 9 12 14 17 18 19 
116 13 -1.27238 2.29046 3.04462 -0.361298 3.48207 -2.18346 1.09885 7 8 9 12 14 17 18 19 
103 14 -0.165639 9.11016 2.07458 -1.66168 9.21907 1.3304 9.00125 8 9 -1 13 -1 18 19 -1 
99 14 -0.740453 9.68777 2.17827 0.755538 9.57817 -2.23644 9.79736 8 9 -1 13 -1 18 19 -1 
11 14 0.754715 9.93286 0.082123 -0.744572 9.97909 2.254 9.88662 8 9 -1 13 -1 18 19 -1 
296 14 -1.8077 9.0586 1.73796 -3.30752 9.08242 -0.307894 9.03477 8 9 -1 13 -1 18 19 -1 
137 14 -0.839028 7.86159 2.42781 0.656829 7.75018 -2.33489 7.973 8 9 -1 13 -1 18 19 -1 
15 14 0.373213 6.40253 2.08583 -1.01446 5.83299 1.76088 6.97207 8 9 -1 13 -1 18 19 -1 
107 14 -0.848013 7.08523 1.03379 0.616406 6.76046 -2.31243 7.41 8 9 -1 13 -1 18 19 -1 
198 14 -1.18536 8.23834 0.988675 -2.62214 8.66922 0.251425 7.80746 8 9 -1 13 -1 18 19 -1 
79 14 1.14859 9.28421 2.08323 2.63363 9.07284 -0.336438 9.49558 8 9 -1 13 -1 18 19 -1 
249 14 0.768964 6.25655 2.00709 2.1607 6.81608 -0.622769 5.69702 8 9 -1 13 -1 18 19 -1 
311 14 1.20992 8.47067 3.05199 2.69243 8.69911 -0.272581 8.24224 8 9 -1 13 -1 18 19 -1 
259 14 -1.61894 7.54183 1.48219 -3.10575 7.74035 -0.132139 7.34331 8 9 -1 13 -1 18 19 -1 
337 14 1.78604 7.84645 0.56497 3.1754 8.41186 0.396683 7.28104 8 9 -1 13 -1 18 19 -1 
49 14 1.521 6.66431 2.68667 0.156997 6.04021 2.885 7.28841 8 9 -1 13 -1 18 19 -1 
59 14 1.60019 9.52405 2.62241 0.119258 9.76243 3.08113 9.28566 8 9 -1 13 -1 18 19 -1 
316 14 1.46487 6.44689 2.37189 0.0789302 5.87314 2.8508 7.02063 8 9 -1 13 -1 18 19 -1 
82 14 -1.39516 6.07232 0.900246 -0.0231448 6.67861 -2.76717 5.46603 8 9 -1 13 -1 18 19 -1 
96 15 5.99417 -9.38589 0.583066 7.48002 -9.59147 4.50832 -9.18031 -1 10 11 -1 16 -1 20 21 
245 15 4.86307 -7.9611 3.00343 6.34807 -7.74948 3.37807 -8.17271 -1 10 11 -1 16 -1 20 21 
302 15 3.72349 -8.87789 0.293254 2.23643 -8.68124 5.21054 -9.07453 -1 10 11 -1 16 -1 20 21 
266 15 4.80162 -6.72975 1.998 3.34586 -7.09134 6.25739 -6.36817 -1 10 11 -1 16 -1 20 21 
2 15 4.68491 -9.81321 2.27094 3.19069 -9.68156 6.17912 -9.94485 -1 10 11 -1 16 -1 20 21 
222 15 2.95224 -8.17286 1.92037 1.4621 -8.00117 4.44239 -8.34454 -1 10 11 -1 16 -1 20 21 
243 15 5.42663 -8.72625 0.729344 6.92484 -8.79955 3.92842 -8.65295 -1 10 11 -1 16 -1 20 21 
88 15 5.63915 -6.50972 2.85449 7.09318 -6.1412 4.18512 -6.87823 -1 10 11 -1 16 -1 20 21 
170 15 2.20596 -6.34907 2.22232 3.69054 -6.13453 0.721381 -6.56361 -1 10 11 -1 16 -1 20 21 
135 15 2.35559 -6.79907 1.12229 0.979059 -7.39503 3.73212 -6.20312 -1 10 11 -1 16 -1 20 21 
179 15 5.49966 -7.50041 0.854202 4.03317 -7.81573 6.96614 -7.18508 -1 10 11 -1 16 -1 20 21 
322 15 5.61116 -6.34538 2.17393 4.1925 -6.83261 7.02983 -5.85815 -1 10 11 -1 16 -1 20 21 
102 15 4.80236 -6.15393 1.70271 3.37402 -6.61201 6.2307 -5.69584 -1 10 11 -1 16 -1 20 21 
4 15 5.91047 -6.60513 1.21548 7.30689 -6.05742 4.51404 -7.15284 -1 10 11 -1 16 -1 20 21 
225 15 2.39743 -9.01883 0.113536 0.908858 -8.83404 3.88601 -9.20362 -1 10 11 -1 16 -1 20 21 
180 15 2.05389 -9.47115 2.97846 3.55263 -9.40962 0.555151 -9.53268 -1 10 11 -1 16 -1 20 21 
169 16 3.65475 -3.43983 1.11032 2.38009 -4.23054 4.92942 -2.64912 10 11 12 15 17 20 21 22 
22 16 2.57662 -4.42415 0.4095 3.93822 -3.79483 1.21501 -5.05347 10 11 12 15 17 20 21 22 
332 16 3.31653 -4.93498 1.24233 4.76415 -4.54204 1.86892 -5.32793 10 11 12 15 17 20 21 22 
334 16 3.14144 -5.16181 1.4399 1.68364 -5.51511 4.59924 -4.80851 10 11 12 15 17 20 21 22 
276 16 2.59947 -2.24864 2.95676 1.35015 -3.07883 3.84878 -1.41844 10 11 12 15 17 20 21 22 
86 16 4.26753 -4.07256 0.143208 5.67531 -3.55472 2.85976 -4.59041 10 11 12 15 17 20 21 22 
352 16 4.60669 -2.52424 0.797138 5.71728 -1.51599 3.49609 -3.53249 10 11 12 15 17 20 21 22 
342 16 2.66102 -4.25079 1.90828 1.2754 -4.82529 4.04664 -3.67629 10 11 12 15 17 20 21 22 
165 16 5.42697 -3.82209 3.13895 4.11298 -4.54558 6.74096 -3.0986 10 11 12 15 17 20 21 22 
192 16 5.80509 -4.33271 0.976307 4.32829 -4.5955 7.28189 -4.06992 10 11 12 15 17 20 21 22 
399 16 3.57908 -3.99509 1.63525 4.93991 -3.36411 2.21825 -4.62608 10 11 12 15 17 20 21 22 
232 16 3.93301 -5.50666 0.438955 2.43345 -5.47052 5.43257 -5.5428 10 11 12 15 17 20 21 22 
57 16 3.5866 -2.50832 0.93938 2.35259 -3.36109 4.82061 -1.65555 10 11 12 15 17 20 21 22 
253 16 2.34213 -2.24492 0.0766589 3.53512 -1.33565 1.14914 -3.15419 10 11 12 15 17 20 21 22 
205 17 3.00379 -1.38708 1.83776 4.29493 -0.623566 1.71264 -2.15059 11 12 13 16 18 21 22 23 
76 17 3.48732 -0.745753 1.23319 2.02724 -1.08951 4.9474 -0.401993 11 12 13 16 18 21 22 23 
255 17 4.02134 0.991562 2.77048 5.12177 2.0109 2.92091 -0.0277765 11 12 13 16 18 21 22 23 
173 17 5.04699 0.236808 1.40715 4.83568 -1.24823 5.25831 1.72185 11 12 13 16 18 21 22 23 
142 17 3.55585 0.469947 1.40162 4.69868 1.44152 2.41303 -0.501624 11 12 13 16 18 21 22 23 
395 17 3.64213 -1.82468 2.47296 4.58114 -0.654946 2.70313 -2.99441 11 12 13 16 18 21 22 23 
45 17 4.01121 1.70858 0.359362 2.90032 0.700652 5.12211 2.7165 11 12 13 16 18 21 22 23 
360 17 3.07382 0.960279 3.07207 1.98617 -0.0726906 4.16146 1.99325 11 12 13 16 18 21 22 23 
77 17 3.93682 1.13693 1.94711 2.79262 0.166973 5.08101 2.10689 11 12 13 16 18 21 22 23 
175 17 2.84533 -0.484433 1.04907 1.47118 -1.08586 4.21948 0.116999 11 12 13 16 18 21 22 23 
190 17 3.30357 1.64391 0.105633 2.24396 0.582202 4.36318 2.70562 11 12 13 16 18 21 22 23 
388 17 5.23529 -1.61517 0.494814 3.90754 -2.31308 6.56305 -0.917266 11 12 13 16 18 21 22 23 
326 18 5.69526 4.15012 0.704975 4.86104 2.90349 6.52947 5.39675 12 13 14 17 19 22 23 24 
381 18 4.78396 4.84377 1.00262 3.85006 3.66995 5.71786 6.01758 12 13 14 17 19 22 23 24 
68 18 4.3271 4.12845 2.32803 5.33125 5.24275 3.32294 3.01414 12 13 14 17 19 22 23 24 
75 18 3.96908 4.68411 2.55038 4.92979 5.83609 3.00838 3.53214 12 13 14 17 19 22 23 24 
376 18 4.07029 5.26562 0.61167 5.22632 6.22145 2.91427 4.30979 12 13 14 17 19 22 23 24 
284 18 2.07837 2.44639 0.733132 3.23166 3.40552 0.925085 1.48727 12 13 14 17 19 22 23 24 
325 18 3.29276 4.92712 2.15349 4.36054 5.98062 2.22498 3.87363 12 13 14 17 19 22 23 24 
367 18 4.09751 5.46646 3.12024 2.92104 4.53591 5.27399 6.397 12 13 14 17 19 22 23 24 
369 18 3.72859 2.90307 1.87842 2.41288 2.18271 5.04429 3.62344 12 13 14 17 19 22 23 24 
113 18 4.30822 3.83583 1.39534 3.25727 2.76555 5.35918 4.9061 12 13 14 17 19 22 23 24 
393 18 2.69017 4.54526 0.51808 1.55789 3.56142 3.82245 5.5291 12 13 14 17 19 22 23 24 
127 18 4.02918 5.92217 2.93164 5.42229 6.47825 2.63606 5.36609 12 13 14 17 19 22 23 24 
134 18 4.40103 2.3315 1.41733 3.36438 1.24736 5.43769 3.41563 12 13 14 17 19 22 23 24 
197 18 2.89571 3.01225 3.03363 4.04645 3.97444 1.74497 2.05007 12 13 14 17 19 22 23 24 
321 18 5.51737 3.75795 0.55628 6.42912 4.94905 4.60562 2.56686 12 13 14 17 19 22 23 24 
385 18 2.10211 3.57693 1.0588 3.37035 4.37791 0.833874 2.77595 12 13 14 17 19 22 23 24 
293 18 5.54184 2.44102 0.846467 6.45479 3.63119 4.62888 1.25084 12 13 14 17 19 22 23 24 
231 18 3.00122 5.83082 1.82226 4.42257 6.31016 1.57988 5.35148 12 13 14 17 19 22 23 24 
314 18 3.77316 2.77168 1.87574 5.08474 3.49953 2.46158 2.04383 12 13 14 17 19 22 23 24 
94 18 4.79041 2.65679 2.92248 5.84564 3.72285 3.73519 1.59072 12 13 14 17 19 22 23 24 
90 18 2.37602 4.19287 2.45274 1.23014 3.22491 3.5219 5.16084 12 13 14 17 19 22 23 24 
202 18 5.76659 5.6191 0.960962 5.1125 4.26923 6.42068 6.96898 12 13 14 17 19 22 23 24 
285 18 5.96685 3.44136 2.57917 6.71301 4.7426 5.22068 2.14011 12 13 14 17 19 22 23 24 
193 18 5.08115 5.69076 0.77673 4.003 4.64788 6.1593 6.73363 12 13 14 17 19 22 23 24 
70 18 5.86437 3.52374 2.02846 6.53627 4.86484 5.19247 2.18264 12 13 14 17 19 22 23 24 
228 19 4.24397 6.91583 2.47654 5.55536 7.64402 2.93259 6.18763 13 14 -1 18 -1 23 24 -1 
159 19 4.57431 9.79797 2.50743 3.07888 9.68095 6.06973 9.915 13 14 -1 18 -1 23 24 -1 
18 19 4.77178 7.39702 1.45622 3.34355 6.93859 6.20001 7.85545 13 14 -1 18 -1 23 24 -1 
339 19 2.73292 7.99692 2.29521 1.30726 7.53055 4.15858 8.4633 13 14 -1 18 -1 23 24 -1 
297 19 2.78333 7.5033 0.879311 1.39735 6.92966 4.16931 8.07694 13 14 -1 18 -1 23 24 -1 
185 19 4.27025 8.98558 2.40757 5.76803 8.90405 2.77247 9.0671 13 14 -1 18 -1 23 24 -1 
117 19 2.11877 7.20945 2.35783 0.736375 6.62723 3.50117 7.79167 13 14 -1 18 -1 23 24 -1 
31 19 4.02642 9.62697 0.735706 5.52181 9.74449 2.53103 9.50945 13 14 -1 18 -1 23 24 -1 
93 19 4.23669 8.5006 0.0128775 2.76985 8.18696 5.70354 8.81424 13 14 -1 18 -1 23 24 -1 
375 19 3.6389 9.8923 1.40566 5.13697 9.96834 2.14083 9.81625 13 14 -1 18 -1 23 24 -1 
394 19 5.10582 7.07086 2.78633 3.76349 6.40141 6.44814 7.74031 13 14 -1 18 -1 23 24 -1 
211 19 5.06497 9.62983 2.57276 6.55723 9.78206 3.57272 9.47759 13 14 -1 18 -1 23 24 -1 
19 19 4.96518 6.81162 2.73971 6.30558 7.48491 3.62478 6.13833 13 14 -1 18 -1 23 24 -1 
91 19 2.8232 8.21022 1.59387 1.43149 7.65062 4.21491 8.76982 13 14 -1 18 -1 23 24 -1 
349 19 5.26904 6.52265 1.50956 3.88584 5.94236 6.65225 7.10295 13 14 -1 18 -1 23 24 -1 
304 19 5.76676 9.3688 2.00483 4.26704 9.34004 7.26649 9.39756 13 14 -1 18 -1 23 24 -1 
343 19 5.73444 7.99864 2.69267 4.2709 7.66997 7.19799 8.32731 13 14 -1 18 -1 23 24 -1 
315 19 2.40977 8.98078 1.43928 3.83883 9.43659 0.980699 8.52496 13 14 -1 18 -1 23 24 -1 
80 19 2.01913 6.15232 1.47436 3.44366 6.62212 0.594595 5.68252 13 14 -1 18 -1 23 24 -1 
256 19 3.74749 6.01625 2.48768 5.15385 6.53793 2.34114 5.49456 13 14 -1 18 -1 23 24 -1 
391 20 8.53085 -6.36849 0.177569 8.34895 -4.87957 8.71276 -7.85742 -1 15 16 -1 21 -1 -1 -1 
43 20 9.47168 -8.43239 3.07852 9.48658 -6.93246 9.45677 -9.93231 -1 15 16 -1 21 -1 -1 -1 
308 20 8.4167 -7.50185 1.93926 9.309 -8.70759 7.52439 -6.29612 -1 15 16 -1 21 -1 -1 -1 
272 20 6.85837 -8.91138 0.308847 5.36217 -8.8046 8.35456 -9.01816 -1 15 16 -1 21 -1 -1 -1 
368 20 6.85149 -9.29464 1.96175 5.41196 -8.87303 8.29102 -9.71625 -1 15 16 -1 21 -1 -1 -1 
273 20 8.9515 -6.20698 2.48552 8.89304 -4.70812 9.00996 -7.70585 -1 15 16 -1 21 -1 -1 -1 
129 20 6.08393 -8.29558 1.87762 7.5721 -8.48366 4.59577 -8.1075 -1 15 16 -1 21 -1 -1 -1 
146 20 9.47988 -6.07968 1.76662 9.14183 -4.61827 9.81793 -7.54109 -1 15 16 -1 21 -1 -1 -1 
195 20 6.7138 -9.57886 0.623251 5.23991 -9.30024 8.1877 -9.85748 -1 15 16 -1 21 -1 -1 -1 
171 20 9.26692 -6.13051 1.9673 9.43684 -7.62086 9.09701 -4.64017 -1 15 16 -1 21 -1 -1 -1 
372 20 6.41681 -7.14121 2.35863 4.92173 -7.26259 7.91189 -7.01983 -1 15 16 -1 21 -1 -1 -1 
47 20 6.02885 -7.10465 0.51931 7.51843 -6.9281 4.53928 -7.28119 -1 15 16 -1 21 -1 -1 -1 
26 21 9.77875 -4.20796 0.118903 9.92579 -5.70074 9.63172 -2.71519 15 16 17 20 22 -1 -1 -1 
299 21 9.77447 -4.465 2.95535 9.65554 -2.96972 9.8934 -5.96028 15 16 17 20 22 -1 -1 -1 
203 21 7.56354 -4.50023 2.79799 6.75491 -3.23686 8.37216 -5.76361 15 16 17 20 22 -1 -1 -1 
268 21 8.96343 -4.08164 0.160154 9.11219 -5.57424 8.81467 -2.58903 15 16 17 20 22 -1 -1 -1 
148 21 8.0068 -2.71119 3.02908 7.68894 -4.17713 8.32466 -1.24526 15 16 17 20 22 -1 -1 -1 
214 21 6.29608 -3.06297 0.968365 4.79701 -3.01039 7.79516 -3.11555 15 16 17 20 22 -1 -1 -1 
382 21 6.38379 -5.46783 0.593814 4.96804 -5.96346 7.79954 -4.97221 15 16 17 20 22 -1 -1 -1 
32 21 8.66644 -5.94523 2.02623 8.7025 -7.4448 8.63038 -4.44567 15 16 17 20 22 -1 -1 -1 
152 21 9.32908 -3.14896 0.743113 9.06703 -1.67203 9.59114 -4.62589 15 16 17 20 22 -1 -1 -1 
154 21 6.423 -2.83748 1.5187 4.92857 -2.96665 7.91742 -2.7083 15 16 17 20 22 -1 -1 -1 
33 22 9.07315 1.50783 2.33548 9.22176 0.0152084 8.92453 3.00045 16 17 18 21 23 -1 -1 -1 
324 22 7.47384 1.84428 1.46316 6.94015 0.442437 8.00753 3.24613 16 17 18 21 23 -1 -1 -1 
164 22 7.95571 1.15951 1.37701 7.28399 -0.181685 8.62743 2.5007 16 17 18 21 23 -1 -1 -1 
254 22 7.38964 -0.150774 2.43499 8.70957 0.561807 6.0697 -0.863355 16 17 18 21 23 -1 -1 -1 
41 22 7.47883 -1.46416 0.460888 6.77551 -2.78905 8.18214 -0.139261 16 17 18 21 23 -1 -1 -1 
281 22 9.07136 0.357948 1.89778 8.81861 1.8365 9.32411 -1.1206 16 17 18 21 23 -1 -1 -1 
386 22 6.19852 -0.801497 0.658423 4.87908 -1.515 7.51796 -0.0879989 16 17 18 21 23 -1 -1 -1 
366 22 6.98853 1.11751 0.170789 6.28929 -0.209542 7.68777 2.44456 16 17 18 21 23 -1 -1 -1 
69 22 9.49239 -0.100749 1.63473 9.86884 -1.55274 9.11594 1.35124 16 17 18 21 23 -1 -1 -1 
257 22 6.5031 1.62113 1.54065 6.92891 3.05942 6.07729 0.182834 16 17 18 21 23 -1 -1 -1 
287 22 7.81161 1.83559 0.0018941 8.4389 3.19813 7.18431 0.473055 16 17 18 21 23 -1 -1 -1 
307 22 6.13467 1.899 2.02393 5.92831 0.413263 6.34102 3.38474 16 17 18 21 23 -1 -1 -1 
246 23 7.29659 3.98318 2.7001 7.47954 5.47198 7.11364 2.49438 17 18 19 22 24 -1 -1 -1 
207 23 9.37165 3.52392 2.95568 9.25569 2.02841 9.48761 5.01944 17 18 19 22 24 -1 -1 -1 
335 23 8.12879 5.39549 2.97787 7.52713 4.02144 8.73045 6.76953 17 18 19 22 24 -1 -1 -1 
318 23 9.77322 3.04623 1.24107 9.88662 1.55053 9.65982 4.54194 17 18 19 22 24 -1 -1 -1 
1 23 7.36948 4.37617 0.970463 7.5313 5.86741 7.20766 2.88492 17 18 19 22 24 -1 -1 -1 
174 23 8.99937 4.08732 0.629861 8.40185 2.71147 9.59688 5.46318 17 18 19 22 24 -1 -1 -1 
356 23 9.91745 4.38765 0.989929 9.93078 2.88771 9.90412 5.88759 17 18 19 22 24 -1 -1 -1 
384 23 8.65364 4.42294 1.00171 7.99675 3.07443 9.31054 5.77146 17 18 19 22 24 -1 -1 -1 
390 23 9.1053 4.71577 2.13909 8.4146 3.38425 9.796 6.04728 17 18 19 22 24 -1 -1 -1 
178 23 7.00834 4.03748 0.977129 6.6887 2.57193 7.32798 5.50303 17 18 19 22 24 -1 -1 -1 
30 23 8.26889 3.77272 0.371088 8.93724 5.11559 7.60054 2.42985 17 18 19 22 24 -1 -1 -1 
371 23 7.61366 4.77773 0.573545 7.27216 3.31712 7.95516 6.23834 17 18 19 22 24 -1 -1 -1 
153 23 6.47129 4.75506 1.98881 5.77823 3.42477 7.16435 6.08534 17 18 19 22 24 -1 -1 -1 
213 23 6.8789 5.07402 1.11743 7.43994 6.46515 6.31787 3.68289 17 18 19 22 24 -1 -1 -1 
217 23 8.15542 2.33455 1.00139 8.78667 3.69525 7.52418 0.973837 17 18 19 22 24 -1 -1 -1 
177 23 9.9557 5.82944 0.185822 9.92149 4.32983 9.9899 7.32905 17 18 19 22 24 -1 -1 -1 
139 23 6.72806 5.75204 1.39086 5.82986 4.55069 7.62625 6.9534 17 18 19 22 24 -1 -1 -1 
355 24 8.64856 7.86984 3.06574 9.38728 9.17533 7.90985 6.56435 18 19 -1 23 -1 -1 -1 -1 
130 24 7.32577 9.61044 1.54267 8.8207 9.7337 5.83085 9.48718 18 19 -1 23 -1 -1 -1 -1 
54 24 7.00458 9.161 1.38096 5.51773 8.9628 8.49143 9.35919 18 19 -1 23 -1 -1 -1 -1 
303 24 7.51501 9.64205 2.36237 9.0106 9.75704 6.01943 9.52706 18 19 -1 23 -1 -1 -1 -1 
28 24 6.49908 9.63103 2.72302 5.01305 9.42679 7.98511 9.83527 18 19 -1 23 -1 -1 -1 -1 
58 24 8.4595 7.93042 1.52257 7.68638 6.64501 9.23261 9.21584 18 19 -1 23 -1 -1 -1 -1 
168 24 6.76893 8.04568 0.358736 8.17812 8.55964 5.35973 7.53171 18 19 -1 23 -1 -1 -1 -1 
277 24 8.37401 7.01263 2.29823 7.5939 5.73145 9.15412 8.29381 18 19 -1 23 -1 -1 -1 -1 
361 24 6.65594 6.19266 0.69887 7.30411 7.54539 6.00776 4.83994 18 19 -1 23 -1 -1 -1 -1 
61 24 7.92291 8.26203 3.01929 6.72399 7.36059 9.12182 9.16347 18 19 -1 23 -1 -1 -1 -1 
234 24 6.66554 8.4418 2.96332 5.2311 8.00319 8.09998 8.88041 18 19 -1 23 -1 -1 -1 -1 
237 24 6.4034 8.85367 2.20409 7.9034 8.85105 4.9034 8.85629 18 19 -1 23 -1 -1 -1 -1 
300 24 6.06926 7.98551 1.53315 4.62566 7.57803 7.51285 8.39299 18 19 -1 23 -1 -1 -1 -1 
239 24 8.90225 6.2502 0.0816427 8.18957 4.93032 9.61494 7.57008 18 19 -1 23 -1 -1 -1 -1 
346 24 7.60095 6.13848 2.21426 7.4924 4.64241 7.7095 7.63455 18 19 -1 23 -1 -1 -1 -1 
